1.0
0.9122807017543859
0.5581395348837209
0.788135593220339
1.0
0.7619047619047619
0.7692307692307693
0.5714285714285714
0.6410256410256411
0.7735849056603774
1.0
0.717948717948718
0.5
0.6
0.5
1.0
0.5283018867924528
0.7909090909090909
0.8780487804878049
0.8717948717948718
1.0
1.0
1.0
0.8837209302325582
1.0
0.7
0.7619047619047619
0.0
0.72
0.45901639344262296
0.2857142857142857
0.5909090909090909
1.0
0.782051282051282
0.696969696969697
1.0
0.6615384615384615
1.0
1.0
1.0
0.6481481481481481
0.4444444444444444
0.7096774193548387
0.5769230769230769
1.0
1.0
1.0
0.8444444444444444
0.5909090909090909
0.3620689655172414
0.7435897435897436
0.851063829787234
0.8484848484848485
0.708
0.6927710843373494
0.5896551724137931
0.7835820895522388
1.0
0.7272727272727273
0.6075268817204301
0.8148148148148148
0.6774193548387096
0.8
0.46987951807228917
0.47058823529411764
0.8627450980392157
0.6285714285714286
0.782608695652174
0.4883720930232558
0.5
0.07692307692307693
1.0
0.7027027027027027
0.9042553191489362
0.6296296296296297
0.84
0.3333333333333333
0.7941176470588235
0.6111111111111112
1.0
0.6351351351351351
0.7586206896551724
0.7631578947368421
1.0
0.9047619047619048
1.0
0.7432432432432432
0.358974358974359
0.6851851851851852
0.5476190476190477
0.8148148148148148
0.4098360655737705
1.0
0.78
0.7857142857142857
0.4444444444444444
1.0
1.0
0.7435897435897436
0.52
0.6818181818181818
1.0
0.8
0.42857142857142855
0.7816091954022989
1.0
0.6333333333333333
0.7513661202185792
0.82
0.39473684210526316
0.7068965517241379
0.6829268292682927
0.52
1.0
0.6363636363636364
0.6228070175438597
0.5384615384615384
0.38181818181818183
0.6428571428571429
0.6666666666666666
0.8245614035087719
0.7843137254901961
0.8571428571428571
0.7814569536423841
0.6338028169014085
0.16666666666666666
0.8134328358208955
0.602803738317757
0.34
0.3333333333333333
0.7375886524822695
0.6864864864864865
1.0
0.5444444444444444
0.8387096774193549
0.16666666666666666
1.0
1.0
0.6639344262295082
0.7028985507246377
1.0
0.6835443037974683
0.8048780487804879
0.5405405405405406
1.0
1.0
1.0
1.0
0.6470588235294118
0.52
0.43478260869565216
1.0
0.3888888888888889
1.0
1.0
0.3333333333333333
0.6153846153846154
0.782608695652174
1.0
1.0
0.6538461538461539
0.4864864864864865
0.5630630630630631
0.661849710982659
0.6616766467065869
0.7247191011235955
0.782608695652174
0.8258426966292135
0.6956521739130435
0.5263157894736842
0.5142857142857142
0.4533333333333333
0.5
0.7586206896551724
0.45161290322580644
0.8888888888888888
0.8181818181818182
0.6351351351351351
0.7428571428571429
1.0
0.611764705882353
0.7169811320754716
1.0
1.0
0.7741935483870968
0.7666666666666667
0.8648648648648649
0.8837209302325582
0.47435897435897434
0.7368421052631579
1.0
0.15384615384615385
0.6304347826086957
0.8717948717948718
1.0
0.5405405405405406
0.6
1.0
1.0
1.0
0.30952380952380953
0.6888888888888889
1.0
0.7761194029850746
1.0
0.6097560975609756
0.7586206896551724
0.5303030303030303
0.7951807228915663
0.7666666666666667
0.8372093023255814
0.8703703703703703
0.6774193548387096
0.25806451612903225
1.0
0.5172413793103449
0.7894736842105263
0.8484848484848485
1.0
0.5454545454545454
0.5384615384615384
0.7294117647058823
0.5566037735849056
1.0
0.7352941176470589
1.0
0.7441860465116279
0.7551020408163265
0.6351351351351351
0.4827586206896552
0.42857142857142855
0.5714285714285714
0.7586206896551724
0.7878787878787878
0.5319148936170213
1.0
0.6153846153846154
0.8
0.8648648648648649
0.9186046511627907
0.47692307692307695
0.54
0.753731343283582
0.6724137931034483
0.6235955056179775
1.0
0.13157894736842105
1.0
0.39473684210526316
0.5909090909090909
1.0
0.9534883720930233
0.6190476190476191
0.8484848484848485
0.8275862068965517
0.8113207547169812
0.14285714285714285
1.0
1.0
1.0
0.782608695652174
0.6052631578947368
1.0
0.34615384615384615
0.0
1.0
1.0
0.42857142857142855
0.8648648648648649
1.0
0.6111111111111112
1.0
0.603448275862069
0.627906976744186
1.0
0.6206896551724138
0.8260869565217391
1.0
1.0
0.0
0.3983957219251337
0.5471698113207547
0.7054794520547946
0.5175438596491229
0.6384615384615384
0.7702702702702703
0.6086956521739131
0.651685393258427
0.41935483870967744
0.6274509803921569
1.0
0.8484848484848485
0.576271186440678
1.0
0.34782608695652173
0.6216216216216216
0.6774193548387096
0.4230769230769231
0.47058823529411764
0.6938775510204082
0.7898550724637681
0.7686567164179104
0.6754385964912281
0.9363636363636364
0.66
0.7857142857142857
1.0
1.0
0.5128205128205128
0.5757575757575758
0.5384615384615384
1.0
0.5862068965517241
0.6
0.2
0.5
0.16666666666666666
1.0
0.2619047619047619
1.0
1.0
0.5483870967741935
1.0
1.0
0.2857142857142857
0.6818181818181818
1.0
0.6111111111111112
0.3728813559322034
0.7121212121212122
0.7727272727272727
0.8149606299212598
0.8372093023255814
1.0
0.7068965517241379
1.0
0.9230769230769231
1.0
1.0
0.8947368421052632
0.8571428571428571
0.7151898734177216
0.8461538461538461
0.7692307692307693
0.5
0.8518518518518519
1.0
0.9152542372881356
0.8780487804878049
0.6774193548387096
0.6923076923076923
0.8205128205128205
0.7465753424657534
0.5980392156862745
0.6857142857142857
1.0
0.8148148148148148
0.5098039215686274
0.6206896551724138
0.7297297297297297
0.7058823529411765
0.704225352112676
0.7528735632183908
1.0
0.8936170212765957
0.5263157894736842
0.8947368421052632
0.15384615384615385
0.584070796460177
0.5526315789473685
0.7459016393442623
1.0
0.4253731343283582
0.746268656716418
1.0
0.7142857142857143
0.5980392156862745
0.6509433962264151
0.9245283018867925
0.7741935483870968
0.660377358490566
0.44594594594594594
0.6021505376344086
0.9180327868852459
0.7910447761194029
0.8137254901960784
1.0
1.0
1.0
0.6666666666666666
0.6428571428571429
0.6379310344827587
0.7741935483870968
1.0
0.7702702702702703
0.7821782178217822
1.0
0.8148148148148148
0.8148148148148148
0.8571428571428571
0.3333333333333333
0.581081081081081
0.7061855670103093
0.7162162162162162
0.4777777777777778
0.6176470588235294
0.6864406779661016
0.2857142857142857
0.782608695652174
0.35294117647058826
0.7560975609756098
0.8461538461538461
0.7888888888888889
0.8780487804878049
1.0
0.62
0.8275862068965517
0.3
1.0
0.7142857142857143
0.6229508196721312
0.4482758620689655
0.7619047619047619
0.3333333333333333
0.5869565217391305
0.7142857142857143
0.3684210526315789
0.5444444444444444
0.0
1.0
0.7941176470588235
0.7352941176470589
0.9253731343283582
0.7
1.0
1.0
0.0
0.6363636363636364
0.5634920634920635
0.7111111111111111
0.7428571428571429
1.0
1.0
0.6666666666666666
1.0
1.0
1.0
1.0
0.8387096774193549
0.6666666666666666
0.7307692307692307
0.5
0.16666666666666666
0.9072164948453608
0.5
0.3157894736842105
0.7666666666666667
0.7702702702702703
0.6774193548387096
0.6551724137931034
1.0
0.8148148148148148
0.8461538461538461
0.27586206896551724
0.631578947368421
0.49056603773584906
0.5017301038062284
0.8448275862068966
0.7666666666666667
0.6888888888888889
0.6818181818181818
0.4090909090909091
0.6741573033707865
0.6111111111111112
0.92
0.5427350427350427
0.7580645161290323
0.7307692307692307
0.6086956521739131
0.6129032258064516
0.34
0.9259259259259259
0.16666666666666666
0.8492063492063492
0.5952380952380952
0.5508474576271186
0.723404255319149
0.7058823529411765
0.7051282051282052
1.0
0.7333333333333333
0.7682926829268293
0.7461538461538462
0.7851851851851852
0.5
0.782608695652174
0.6111111111111112
0.8717948717948718
0.9152542372881356
0.8225806451612904
0.8275862068965517
0.7647058823529411
0.8780487804878049
0.7681159420289855
1.0
0.6111111111111112
0.6707317073170732
0.704225352112676
1.0
0.635593220338983
0.8387096774193549
0.5760233918128655
0.8245614035087719
0.7959183673469388
0.8771929824561403
0.4649122807017544
0.40476190476190477
0.5483870967741935
0.0
0.3333333333333333
0.2
1.0
0.42105263157894735
0.6571428571428571
0.6666666666666666
0.47297297297297297
0.44285714285714284
0.6363636363636364
0.18181818181818182
0.7608695652173914
1.0
0.6162790697674418
1.0
0.16666666666666666
0.16666666666666666
0.7368421052631579
1.0
0.5
0.6666666666666666
0.32608695652173914
0.5853658536585366
0.9459459459459459
0.5454545454545454
0.5
0.782051282051282
0.86
0.92
0.4857142857142857
1.0
0.8947368421052632
0.6941176470588235
0.7674418604651163
0.7647058823529411
0.3333333333333333
1.0
0.7543859649122807
0.6491228070175439
0.5
0.8936170212765957
0.6379310344827587
1.0
0.5
0.3333333333333333
0.8191489361702128
0.34
0.7432432432432432
1.0
1.0
0.5
0.44785276073619634
0.3333333333333333
1.0
1.0
0.6111111111111112
0.42857142857142855
0.3888888888888889
0.4
0.3
1.0
0.8181818181818182
0.6756756756756757
0.7307692307692307
1.0
0.603448275862069
0.8648648648648649
0.6486486486486487
0.40476190476190477
0.5476190476190477
0.8181818181818182
0.8
0.8484848484848485
0.8823529411764706
0.35714285714285715
1.0
0.7619047619047619
0.74
0.8205128205128205
1.0
0.4857142857142857
0.3684210526315789
0.4634146341463415
0.7446808510638298
0.32608695652173914
0.41304347826086957
0.43478260869565216
0.6530612244897959
0.6190476190476191
0.6578947368421053
0.8939393939393939
1.0
0.8108108108108109
0.4473684210526316
0.5126050420168067
1.0
0.6176470588235294
0.9310344827586207
0.5268817204301075
0.512987012987013
0.626984126984127
1.0
1.0
0.3
0.5
0.5
0.3333333333333333
0.1111111111111111
1.0
1.0
1.0
1.0
1.0
1.0
0.5
0.43333333333333335
0.6
1.0
0.7777777777777778
0.5
0.5
0.5
0.8181818181818182
0.2222222222222222
0.6463414634146342
0.5777777777777777
0.21794871794871795
0.7
0.782608695652174
0.9428571428571428
0.5757575757575758
0.6304347826086957
0.37209302325581395
0.6111111111111112
1.0
0.7619047619047619
0.6095890410958904
0.8666666666666667
0.7796610169491526
0.38461538461538464
0.5
0.5476190476190477
1.0
0.44285714285714284
0.5925925925925926
1.0
0.8378378378378378
0.8
0.7307692307692307
1.0
0.42857142857142855
0.42857142857142855
0.7142857142857143
1.0
0.7058823529411765
0.24
0.7777777777777778
1.0
0.5538461538461539
0.7790697674418605
0.6212121212121212
0.6927710843373494
0.7014925373134329
0.3
0.5405405405405406
0.6904761904761905
0.631578947368421
0.2857142857142857
0.6791044776119403
0.8840579710144928
0.5566037735849056
1.0
0.608
0.5222222222222223
0.4883720930232558
0.4888888888888889
0.5307692307692308
0.5895522388059702
0.4
1.0
1.0
1.0
0.6666666666666666
1.0
0.8305084745762712
0.42857142857142855
0.38
0.5238095238095238
1.0
0.8
1.0
0.21739130434782608
0.5740740740740741
0.6818181818181818
0.47674418604651164
0.5862068965517241
0.4824561403508772
0.7297297297297297
1.0
0.7391304347826086
1.0
0.8
0.5666666666666667
0.8222222222222222
0.6555555555555556
1.0
0.3333333333333333
0.38235294117647056
1.0
1.0
0.7878787878787878
0.66
0.9393939393939394
0.8
0.6111111111111112
1.0
0.38461538461538464
0.5588235294117647
0.72
0.43661971830985913
0.6578947368421053
0.3
0.7297297297297297
0.9310344827586207
1.0
0.6122448979591837
0.8524590163934426
0.23076923076923078
1.0
0.3333333333333333
0.8823529411764706
0.8666666666666667
0.7558139534883721
0.8484848484848485
0.8085106382978723
1.0
0.5510204081632653
0.28
0.4897959183673469
0.7777777777777778
0.47674418604651164
0.3695652173913043
0.6666666666666666
0.5
0.7627118644067796
0.30434782608695654
0.5408163265306123
0.6129032258064516
0.524390243902439
0.603448275862069
1.0
0.62
1.0
1.0
0.36
0.5135135135135135
0.7
0.8648648648648649
0.627906976744186
1.0
0.6935483870967742
0.6666666666666666
0.7121212121212122
0.7142857142857143
1.0
0.7608695652173914
0.8387096774193549
0.7674418604651163
1.0
0.6666666666666666
1.0
0.7407407407407407
0.5645161290322581
1.0
0.72
0.7753623188405797
0.3235294117647059
0.7142857142857143
0.7575757575757576
0.7209302325581395
0.0
0.0
0.16666666666666666
0.7142857142857143
0.0
0.4
0.0
0.6724137931034483
0.7280701754385965
0.9534883720930233
0.8260869565217391
0.3181818181818182
0.16666666666666666
0.0
1.0
0.7666666666666667
0.7
0.48148148148148145
0.5263157894736842
1.0
1.0
0.7
0.5
0.7307692307692307
0.4666666666666667
0.8095238095238095
0.680952380952381
0.6129032258064516
0.3717948717948718
0.6842105263157895
0.8275862068965517
1.0
0.62
0.3709677419354839
1.0
0.6111111111111112
0.7878787878787878
0.6724137931034483
1.0
0.7666666666666667
0.5869565217391305
1.0
1.0
0.7586206896551724
0.8666666666666667
0.6666666666666666
0.5789473684210527
0.4473684210526316
0.7407407407407407
0.7121212121212122
0.4230769230769231
0.6666666666666666
0.8783783783783784
0.7857142857142857
0.5
0.3448275862068966
0.3
0.2619047619047619
0.7368421052631579
1.0
1.0
0.9206349206349206
0.4
0.6132075471698113
0.9019607843137255
0.574468085106383
0.6395348837209303
1.0
0.5909090909090909
0.8701298701298701
1.0
0.8571428571428571
0.6443298969072165
0.9574468085106383
0.6444444444444445
0.6666666666666666
0.9534883720930233
0.7532467532467533
0.6461538461538462
0.5319148936170213
0.5370370370370371
0.7058823529411765
0.4759036144578313
1.0
0.46938775510204084
0.5555555555555556
0.6666666666666666
0.6363636363636364
0.35714285714285715
0.7
0.6111111111111112
0.5
0.3333333333333333
0.8484848484848485
0.6222222222222222
1.0
0.6666666666666666
0.5428571428571428
1.0
0.0
0.9067796610169492
1.0
1.0
0.801980198019802
0.7346938775510204
0.2
0.6091954022988506
0.573170731707317
0.6885245901639344
1.0
1.0
0.7894736842105263
0.6829268292682927
0.826530612244898
0.6111111111111112
0.6896551724137931
0.42857142857142855
1.0
1.0
1.0
0.23076923076923078
0.7891566265060241
0.16666666666666666
1.0
0.5370370370370371
1.0
0.7121212121212122
0.7162162162162162
0.6181818181818182
1.0
0.42857142857142855
0.7
0.29411764705882354
0.8275862068965517
1.0
0.6666666666666666
1.0
1.0
0.5476190476190477
0.8387096774193549
0.28205128205128205
0.8648648648648649
0.8703703703703703
1.0
0.5
1.0
0.8793103448275862
0.7777777777777778
0.8181818181818182
1.0
0.5172413793103449
1.0
0.5454545454545454
0.3333333333333333
1.0
0.6296296296296297
0.9019607843137255
1.0
0.696078431372549
0.5
0.7130434782608696
0.6612903225806451
0.5512820512820513
1.0
0.6351351351351351
1.0
1.0
0.48484848484848486
0.7068965517241379
0.6818181818181818
0.6739130434782609
0.6585365853658537
0.6486486486486487
0.7971014492753623
0.5142857142857142
1.0
1.0
0.34
0.5
0.5
0.7441860465116279
1.0
0.6
0.4186046511627907
0.5
1.0
0.452
0.7432432432432432
0.5034965034965035
0.5102040816326531
1.0
0.5
0.6571428571428571
0.8
0.43333333333333335
0.7340425531914894
1.0
0.7777777777777778
0.42592592592592593
0.6923076923076923
1.0
0.68
0.4969604863221885
0.7076923076923077
0.48412698412698413
1.0
0.7359550561797753
0.5507246376811594
0.826530612244898
0.7666666666666667
1.0
0.8275862068965517
0.47368421052631576
0.7619047619047619
0.4117647058823529
1.0
0.5909090909090909
0.6851851851851852
0.8780487804878049
1.0
0.8387096774193549
0.64
0.8181818181818182
0.8448275862068966
0.5
0.7424242424242424
0.7258064516129032
1.0
0.32
0.686046511627907
0.5666666666666667
0.7222222222222222
1.0
0.40816326530612246
1.0
0.6351351351351351
0.6538461538461539
1.0
0.42857142857142855
0.5
0.6428571428571429
0.4461538461538462
0.4523809523809524
1.0
0.5454545454545454
0.5967741935483871
0.6578947368421053
0.6851851851851852
0.7105263157894737
1.0
1.0
0.0
1.0
0.24193548387096775
0.8648648648648649
0.6081081081081081
0.7244897959183674
0.7741935483870968
0.8717948717948718
0.7
0.6551724137931034
0.8363636363636363
0.8717948717948718
1.0
0.32857142857142857
0.6271186440677966
0.7978723404255319
0.5396825396825397
0.8571428571428571
1.0
1.0
0.7368421052631579
0.07142857142857142
0.6282051282051282
0.8650793650793651
0.8837209302325582
0.5932203389830508
0.82
0.7352941176470589
0.5
0.0
1.0
1.0
0.6020408163265306
1.0
0.72
0.5238095238095238
1.0
0.4230769230769231
1.0
0.8461538461538461
0.7368421052631579
0.19230769230769232
1.0
0.8333333333333334
0.46153846153846156
0.7407407407407407
0.42857142857142855
0.7352941176470589
0.5975609756097561
1.0
1.0
1.0
0.7058823529411765
0.8333333333333334
0.7058823529411765
0.5666666666666667
0.6216216216216216
0.62
0.6724137931034483
0.7058823529411765
0.7142857142857143
0.2777777777777778
1.0
1.0
1.0
0.58
1.0
0.62
1.0
0.8648648648648649
0.7945205479452054
1.0
0.35185185185185186
0.42727272727272725
0.9148936170212766
0.8936170212765957
0.43103448275862066
0.0
0.8870967741935484
0.14285714285714285
0.5927835051546392
0.6666666666666666
1.0
0.07142857142857142
0.6604938271604939
0.8157894736842105
0.0
0.839622641509434
0.696969696969697
1.0
1.0
0.7307692307692307
1.0
0.42105263157894735
1.0
0.6551724137931034
0.6666666666666666
0.46551724137931033
1.0
1.0
0.6851851851851852
1.0
0.3888888888888889
0.7777777777777778
1.0
0.16666666666666666
0.0
0.5
0.22727272727272727
0.16216216216216217
0.5510204081632653
1.0
0.8648648648648649
0.9152542372881356
0.5759493670886076
1.0
0.7741935483870968
0.3684210526315789
0.29411764705882354
0.16666666666666666
0.7246376811594203
0.8924731182795699
0.7272727272727273
1.0
0.7758620689655172
0.927536231884058
0.0
0.0
0.5
0.0
0.4
1.0
0.8275862068965517
0.9339622641509434
0.6774193548387096
0.41379310344827586
1.0
0.66
1.0
0.6756756756756757
0.8780487804878049
1.0
0.7428571428571429
0.5
0.0
0.2755102040816326
0.7887323943661971
0.7244897959183674
0.34210526315789475
0.7808219178082192
0.9047619047619048
0.8095238095238095
0.8484848484848485
0.7142857142857143
0.7631578947368421
0.7058823529411765
0.6595744680851063
0.5384615384615384
1.0
0.6461538461538462
0.7926829268292683
0.6851851851851852
0.8421052631578947
0.0
0.0
0.5877192982456141
0.6129032258064516
0.5
0.6371681415929203
0.3333333333333333
0.8533333333333334
0.3333333333333333
0.7021276595744681
0.6111111111111112
0.6111111111111112
0.4
0.7272727272727273
1.0
0.7105263157894737
0.6724137931034483
0.8207547169811321
0.47058823529411764
0.7848101265822784
0.6868131868131868
0.7857142857142857
0.16666666666666666
1.0
1.0
0.8148148148148148
1.0
0.8296296296296296
0.4076923076923077
0.9459459459459459
1.0
0.7692307692307693
0.3333333333333333
0.0
0.3333333333333333
0.8333333333333334
0.6666666666666666
0.6551724137931034
0.8148148148148148
0.8142857142857143
0.4411764705882353
1.0
0.3939393939393939
0.30434782608695654
1.0
0.8076923076923077
0.7906976744186046
0.6923076923076923
0.16666666666666666
0.0
0.7586206896551724
0.7368421052631579
1.0
0.7297297297297297
0.8571428571428571
0.8548387096774194
1.0
0.46153846153846156
0.5172413793103449
0.8428571428571429
0.6666666666666666
1.0
0.5757575757575758
1.0
0.803030303030303
0.7560975609756098
0.8571428571428571
0.782608695652174
1.0
0.7333333333333333
0.6428571428571429
0.82
0.6764705882352942
0.7647058823529411
0.7857142857142857
0.7649006622516556
0.5945945945945946
0.8
1.0
0.6436781609195402
0.6470588235294118
0.7297297297297297
1.0
1.0
1.0
1.0
1.0
1.0
1.0
1.0
1.0
0.8827160493827161
0.8780487804878049
0.7666666666666667
0.7538461538461538
0.7264150943396226
0.8921568627450981
0.5
0.8636363636363636
0.8108108108108109
0.3333333333333333
0.8333333333333334
1.0
0.8387096774193549
0.7032520325203252
0.7959183673469388
0.72
0.8837209302325582
0.6417910447761194
0.5
0.4358974358974359
0.8292682926829268
1.0
0.8513513513513513
0.8245614035087719
0.8307692307692308
1.0
1.0
1.0
1.0
0.8714285714285714
0.6333333333333333
1.0
0.5454545454545454
1.0
0.7674418604651163
0.6351351351351351
0.7758620689655172
0.5434782608695652
0.7391304347826086
0.6904761904761905
1.0
0.7666666666666667
1.0
0.5434782608695652
0.7777777777777778
0.6956521739130435
0.8333333333333334
0.47058823529411764
0.8936170212765957
0.6025641025641025
0.40476190476190477
0.6739130434782609
0.7068965517241379
0.8148148148148148
1.0
0.5
0.6206896551724138
1.0
0.8888888888888888
0.6666666666666666
0.6276595744680851
0.6428571428571429
0.49056603773584906
0.5471698113207547
0.7285714285714285
0.6635220125786163
0.7352941176470589
0.6271186440677966
0.6
0.7936507936507936
0.5933333333333334
0.6153846153846154
0.7978723404255319
0.7941176470588235
0.9180327868852459
0.6636363636363637
1.0
0.7424242424242424
0.49333333333333335
0.45180722891566266
0.7551020408163265
0.58
0.764367816091954
0.6212121212121212
0.46296296296296297
0.7241379310344828
0.4032258064516129
0.8113207547169812
0.5411764705882353
0.66
0.32926829268292684
1.0
0.6507936507936508
0.5851063829787234
1.0
0.8076923076923077
0.8936170212765957
0.6534653465346535
0.7804878048780488
1.0
0.7264150943396226
0.4230769230769231
0.8703703703703703
0.8780487804878049
0.8013698630136986
0.7021276595744681
0.0
1.0
0.8780487804878049
0.8484848484848485
0.5919540229885057
0.5886075949367089
0.8780487804878049
0.8813559322033898
0.2857142857142857
0.6529411764705882
0.8979591836734694
0.5512820512820513
0.6698113207547169
0.8148148148148148
0.5923076923076923
0.6744186046511628
0.7741935483870968
0.8205128205128205
0.7586206896551724
1.0
0.0
0.7068965517241379
0.5666666666666667
0.9230769230769231
0.7142857142857143
0.6857142857142857
0.7446808510638298
0.7209302325581395
0.3333333333333333
0.6940298507462687
1.0
1.0
1.0
0.7407407407407407
0.5217391304347826
0.6666666666666666
0.3333333333333333
1.0
1.0
0.35294117647058826
0.7105263157894737
1.0
0.7368421052631579
1.0
1.0
1.0
1.0
0.4
0.6111111111111112
0.8857142857142857
0.7368421052631579
1.0
0.9428571428571428
0.7432432432432432
0.7777777777777778
0.7619047619047619
1.0
1.0
0.5666666666666667
0.46153846153846156
0.72
0.5897435897435898
0.72
0.5857142857142857
0.6635514018691588
0.66
0.7807017543859649
0.72
1.0
0.5
0.5517241379310345
0.9019607843137255
1.0
0.8780487804878049
0.7727272727272727
0.7407407407407407
0.7457627118644068
1.0
0.782608695652174
0.8787878787878788
0.7325581395348837
1.0
0.6060606060606061
0.8103448275862069
1.0
1.0
0.86
0.8292682926829268
1.0
0.45652173913043476
0.8103448275862069
0.5675675675675675
0.7352941176470589
1.0
0.6086956521739131
0.5161290322580645
0.851063829787234
0.5512820512820513
0.5945945945945946
0.86
1.0
0.5930232558139535
0.8783783783783784
0.8780487804878049
0.826530612244898
0.7872340425531915
0.8717948717948718
0.47058823529411764
0.7380952380952381
1.0
0.6363636363636364
0.8148148148148148
0.7068965517241379
0.7222222222222222
0.6756756756756757
0.8
0.7352941176470589
0.8783783783783784
0.686046511627907
0.8387096774193549
0.7857142857142857
1.0
0.8513513513513513
1.0
0.7441860465116279
0.6212121212121212
0.43902439024390244
1.0
0.5158730158730159
0.5
0.8137254901960784
1.0
0.7096774193548387
0.7926829268292683
0.7352941176470589
1.0
0.8245614035087719
0.6296296296296297
0.48717948717948717
0.6176470588235294
0.6212121212121212
0.6320754716981132
0.3793103448275862
0.6666666666666666
1.0
0.9130434782608695
1.0
1.0
0.8283582089552238
1.0
1.0
0.9459459459459459
1.0
0.8108108108108109
0.7592592592592593
0.7659574468085106
0.7619047619047619
1.0
1.0
0.5392156862745098
0.559322033898305
0.6545454545454545
0.9382716049382716
0.7368421052631579
0.0
0.8333333333333334
0.8235294117647058
0.7755102040816326
0.8627450980392157
0.7753623188405797
0.6666666666666666
0.7014925373134329
0.8
0.6666666666666666
0.7857142857142857
0.7307692307692307
0.6190476190476191
0.9042553191489362
0.8823529411764706
0.7666666666666667
1.0
0.8333333333333334
0.66
0.5952380952380952
0.7325581395348837
1.0
1.0
1.0
1.0
0.8714285714285714
0.576271186440678
0.9382716049382716
0.8089887640449438
0.7586206896551724
0.9487179487179487
0.9102564102564102
0.8936170212765957
0.4090909090909091
0.7352941176470589
0.6551724137931034
0.48
0.5888888888888889
0.8
0.74
0.8846153846153846
0.5
0.5
0.7
1.0
0.9183673469387755
0.4189189189189189
1.0
1.0
0.7878787878787878
0.42857142857142855
0.7142857142857143
0.8387096774193549
0.45714285714285713
0.4782608695652174
1.0
0.8387096774193549
1.0
0.62
1.0
1.0
0.5
0.0
0.6129032258064516
0.627906976744186
0.813953488372093
0.6585365853658537
0.8979591836734694
0.8717948717948718
1.0
0.3333333333333333
0.4827586206896552
1.0
0.8098591549295775
0.7878787878787878
0.7741935483870968
1.0
0.34782608695652173
0.5957446808510638
0.8787878787878788
0.8108108108108109
0.7142857142857143
1.0
0.746268656716418
1.0
0.803030303030303
0.782608695652174
0.7297297297297297
1.0
1.0
0.6440677966101694
0.7264150943396226
0.8484848484848485
0.8108108108108109
0.6428571428571429
0.7307692307692307
0.8780487804878049
0.7551020408163265
1.0
0.6666666666666666
0.6756756756756757
0.8846153846153846
0.5769230769230769
0.6463414634146342
0.72
0.5845070422535211
1.0
0.5967741935483871
0.6428571428571429
0.925531914893617
0.7777777777777778
0.9354838709677419
0.7586206896551724
0.8333333333333334
1.0
0.6111111111111112
0.6410256410256411
1.0
1.0
0.6864406779661016
1.0
0.6486486486486487
0.9295774647887324
0.47368421052631576
0.14285714285714285
1.0
0.6122448979591837
0.6632653061224489
0.6851851851851852
1.0
0.8823529411764706
0.6111111111111112
0.3235294117647059
1.0
0.86
0.5405405405405406
1.0
0.3939393939393939
0.8571428571428571
0.7741935483870968
0.782608695652174
1.0
0.5652173913043478
0.7142857142857143
0.19230769230769232
0.8484848484848485
0.6666666666666666
1.0
0.86
1.0
0.5294117647058824
0.3333333333333333
0.6666666666666666
1.0
0.6086956521739131
1.0
0.6333333333333333
0.5882352941176471
0.38095238095238093
0.8513513513513513
0.32608695652173914
0.7777777777777778
0.5263157894736842
1.0
0.4230769230769231
1.0
0.7933333333333333
0.8133333333333334
0.72
0.8548387096774194
0.7295081967213115
1.0
0.5434782608695652
0.5344827586206896
0.7666666666666667
0.32926829268292684
1.0
0.803921568627451
1.0
0.41044776119402987
0.5344827586206896
0.7272727272727273
0.7619047619047619
1.0
0.72
0.5925925925925926
0.6896551724137931
1.0
0.6153846153846154
0.7407407407407407
0.6666666666666666
1.0
0.7384615384615385
1.0
1.0
1.0
0.6212121212121212
0.7894736842105263
0.6956521739130435
0.6129032258064516
0.6240601503759399
0.8191489361702128
0.9153846153846154
0.8432835820895522
0.7333333333333333
1.0
0.7878787878787878
0.5882352941176471
0.8148148148148148
0.22727272727272727
0.8571428571428571
1.0
1.0
1.0
1.0
0.8148148148148148
0.8023255813953488
0.803921568627451
0.66
0.8725490196078431
0.7058823529411765
1.0
1.0
1.0
1.0
0.8181818181818182
0.6666666666666666
1.0
0.8181818181818182
0.8648648648648649
0.5434782608695652
0.6206896551724138
0.3333333333333333
0.6
0.8085106382978723
1.0
1.0
1.0
1.0
0.7647058823529411
0.782608695652174
1.0
0.0
1.0
0.7666666666666667
0.66
1.0
1.0
1.0
0.8793103448275862
0.8333333333333334
1.0
0.47058823529411764
1.0
0.7295081967213115
0.8936170212765957
1.0
1.0
0.6538461538461539
0.8554216867469879
0.847457627118644
0.7608695652173914
0.6333333333333333
0.782608695652174
0.7558139534883721
1.0
0.3333333333333333
0.0
1.0
1.0
0.6956521739130435
0.5526315789473685
0.5652173913043478
0.47368421052631576
1.0
0.7439024390243902
0.4222222222222222
1.0
0.7297297297297297
0.7619047619047619
0.5333333333333333
1.0
0.0
0.673469387755102
0.64
0.7296296296296296
0.7116564417177914
0.7051282051282052
0.6176470588235294
0.5869565217391305
0.7105263157894737
1.0
1.0
1.0
0.8148148148148148
1.0
1.0
0.5333333333333333
0.582089552238806
0.782608695652174
0.8113207547169812
1.0
1.0
0.8372093023255814
0.8620689655172413
0.7857142857142857
1.0
0.9692307692307692
0.6272727272727273
0.9047619047619048
1.0
0.5666666666666667
0.4523809523809524
1.0
1.0
1.0
1.0
0.46153846153846156
0.6290322580645161
1.0
1.0
0.8108108108108109
0.8163265306122449
0.8648648648648649
0.5333333333333333
0.76
1.0
0.8823529411764706
0.34210526315789475
0.8387096774193549
1.0
0.8181818181818182
0.6923076923076923
0.8870967741935484
0.6363636363636364
0.5384615384615384
0.7619047619047619
0.4418604651162791
1.0
1.0
0.8108108108108109
0.7352941176470589
0.35789473684210527
0.3333333333333333
0.5
0.6451612903225806
0.5
0.6226415094339622
1.0
0.8666666666666667
1.0
0.8717948717948718
0.4696969696969697
0.6666666666666666
0.6764705882352942
1.0
0.7592592592592593
1.0
0.7857142857142857
1.0
0.6111111111111112
0.7647058823529411
0.4411764705882353
1.0
0.7608695652173914
0.3333333333333333
0.42857142857142855
0.8360655737704918
0.7857142857142857
0.68
0.6774193548387096
0.8181818181818182
0.7048192771084337
1.0
0.0
0.0
1.0
1.0
0.7424242424242424
0.826530612244898
1.0
0.7411764705882353
0.8888888888888888
0.7674418604651163
0.5945945945945946
1.0
0.6753246753246753
0.8727272727272727
1.0
0.9099099099099099
0.9438202247191011
1.0
0.7959183673469388
1.0
1.0
0.7674418604651163
0.8478260869565217
0.42592592592592593
0.7096774193548387
0.8571428571428571
0.8095238095238095
1.0
1.0
0.86
0.4
1.0
0.8571428571428571
0.927536231884058
0.4024390243902439
0.6290322580645161
0.8
0.6304347826086957
0.782608695652174
0.5454545454545454
0.5
0.7818181818181819
0.8387096774193549
0.4482758620689655
0.4878048780487805
0.5985915492957746
0.803921568627451
1.0
0.7317073170731707
1.0
1.0
0.6181818181818182
0.5
0.7872340425531915
1.0
0.5566037735849056
1.0
1.0
0.5714285714285714
1.0
0.7051282051282052
0.5888888888888889
0.6739130434782609
0.7
0.6444444444444445
0.6470588235294118
0.6046511627906976
0.7209302325581395
0.8478260869565217
0.8461538461538461
0.7741935483870968
0.7325581395348837
0.5925925925925926
0.3333333333333333
0.8780487804878049
0.8508771929824561
0.8478260869565217
0.2857142857142857
0.6530612244897959
1.0
1.0
1.0
0.5
1.0
0.4473684210526316
1.0
0.7631578947368421
1.0
0.7432432432432432
0.6594202898550725
1.0
0.8
0.6639344262295082
0.5
1.0
0.5384615384615384
0.5483870967741935
0.8823529411764706
0.7962962962962963
0.7142857142857143
0.581081081081081
0.7297297297297297
1.0
0.5846153846153846
1.0
0.7
0.2894736842105263
0.8484848484848485
0.8333333333333334
0.6272727272727273
0.7037037037037037
0.8648648648648649
0.7894736842105263
1.0
0.7207792207792207
0.09090909090909091
0.8333333333333334
0.8692307692307693
1.0
1.0
1.0
1.0
0.626984126984127
1.0
0.7619047619047619
0.6976744186046512
0.16666666666666666
0.8837209302325582
1.0
0.8793103448275862
1.0
0.6481481481481481
0.8157894736842105
0.54
0.7063492063492064
0.6363636363636364
0.782608695652174
1.0
0.4090909090909091
0.8648648648648649
0.7906976744186046
0.7068965517241379
0.863013698630137
0.5161290322580645
1.0
0.6086956521739131
1.0
1.0
1.0
0.5512820512820513
0.6376811594202898
0.5
0.8181818181818182
0.8
0.6578947368421053
0.8
0.6621621621621622
0.7529411764705882
0.7473684210526316
0.5862068965517241
1.0
0.898989898989899
0.8461538461538461
0.8015873015873016
0.7674418604651163
0.7769230769230769
0.7786885245901639
0.6727272727272727
0.5844155844155844
0.7567567567567568
0.8793103448275862
0.7
0.8354430379746836
0.8163265306122449
0.7127659574468085
0.5
0.5
0.6
0.7241379310344828
0.6956521739130435
0.8103448275862069
0.5957446808510638
0.9090909090909091
0.5263157894736842
0.6111111111111112
0.8245614035087719
0.0
1.0
1.0
0.7752808988764045
0.7358490566037735
0.8263157894736842
0.7160493827160493
0.7716049382716049
0.7741935483870968
0.631578947368421
0.6935483870967742
0.7444444444444445
1.0
1.0
0.8648648648648649
0.8148148148148148
0.48
0.9534883720930233
1.0
0.8070175438596491
0.8548387096774194
1.0
0.35294117647058826
0.7
0.42424242424242425
1.0
0.7872340425531915
0.8661971830985915
1.0
0.9310344827586207
0.3333333333333333
0.7560975609756098
0.6571428571428571
0.7551020408163265
0.8442622950819673
0.8043478260869565
0.6511627906976745
0.6
0.46774193548387094
0.6481481481481481
0.44
0.6683168316831684
0.8305084745762712
0.5373134328358209
0.82
1.0
0.8
1.0
0.5217391304347826
0.6756756756756757
0.34210526315789475
0.5666666666666667
1.0
0.47368421052631576
0.6020408163265306
0.43333333333333335
1.0
0.7758620689655172
0.9193548387096774
1.0
0.7142857142857143
0.6379310344827587
0.6132075471698113
0.9425287356321839
0.8888888888888888
0.782051282051282
0.7714285714285715
0.5121951219512195
0.7790697674418605
1.0
0.0
0.6
0.6157894736842106
0.5771812080536913
0.583044982698962
0.6352201257861635
0.5121951219512195
0.8370786516853933
0.8
0.5701754385964912
1.0
0.7555555555555555
0.5491803278688525
0.6410256410256411
0.723404255319149
0.935064935064935
0.6428571428571429
0.7419354838709677
0.8360655737704918
0.7073170731707317
0.8780487804878049
0.7551020408163265
1.0
0.49019607843137253
1.0
0.16666666666666666
0.8142857142857143
0.8793103448275862
0.8936170212765957
0.64
1.0
0.851063829787234
0.7553191489361702
0.43333333333333335
0.5957446808510638
1.0
1.0
0.7016806722689075
0.6685714285714286
1.0
0.7674418604651163
0.3181818181818182
1.0
0.7333333333333333
0.7307692307692307
0.6052631578947368
1.0
0.9130434782608695
0.5294117647058824
0.7407407407407407
0.42
0.64
0.7666666666666667
0.8148148148148148
0.8148148148148148
1.0
0.6933333333333334
0.5
0.9019607843137255
0.5409836065573771
1.0
0.6176470588235294
1.0
0.7317073170731707
0.8947368421052632
0.7966101694915254
0.8275862068965517
0.8588235294117647
0.7266666666666667
0.8768115942028986
0.3333333333333333
0.8852459016393442
0.7676056338028169
0.7792207792207793
0.2222222222222222
1.0
0.3333333333333333
0.16666666666666666
0.5
1.0
0.7210526315789474
0.7575757575757576
0.5913978494623656
0.7183098591549296
1.0
1.0
0.3333333333333333
1.0
1.0
0.7857142857142857
0.7419354838709677
0.5952380952380952
0.8979591836734694
0.7058823529411765
0.8108108108108109
1.0
1.0
1.0
0.8648648648648649
0.7
0.7631578947368421
0.7068965517241379
1.0
0.5909090909090909
0.6551724137931034
0.7674418604651163
0.6
1.0
0.8846153846153846
0.7818181818181819
1.0
0.851063829787234
0.573170731707317
1.0
0.8113207547169812
1.0
1.0
0.8235294117647058
0.5555555555555556
0.6666666666666666
0.8979591836734694
0.8461538461538461
0.5476190476190477
0.45714285714285713
0.4
0.8367346938775511
1.0
0.8484848484848485
0.4473684210526316
0.8
0.7209302325581395
0.8484848484848485
1.0
1.0
0.9393939393939394
1.0
1.0
1.0
0.16666666666666666
0.14285714285714285
0.7941176470588235
0.8333333333333334
0.8888888888888888
0.8208955223880597
0.6176470588235294
1.0
0.8888888888888888
0.7333333333333333
0.7121212121212122
0.9122807017543859
1.0
0.8275862068965517
0.7058823529411765
0.5851063829787234
0.7272727272727273
0.8292682926829268
0.6538461538461539
1.0
0.5714285714285714
0.7619047619047619
0.8461538461538461
0.6956521739130435
0.7545454545454545
0.6666666666666666
1.0
0.5
0.7377049180327869
0.19230769230769232
1.0
1.0
1.0
0.9019607843137255
0.9354838709677419
0.7457627118644068
0.6086956521739131
0.7674418604651163
0.7741935483870968
1.0
1.0
1.0
0.7758620689655172
1.0
0.0
1.0
0.7368421052631579
1.0
0.872093023255814
0.8148148148148148
0.8275862068965517
1.0
0.9130434782608695
0.7666666666666667
1.0
1.0
1.0
0.8227848101265823
0.6285714285714286
0.8947368421052632
0.7352941176470589
0.7439024390243902
1.0
0.7285714285714285
0.8936170212765957
0.8717948717948718
0.6551724137931034
0.8
0.8923076923076924
0.9578313253012049
0.8387096774193549
0.5806451612903226
0.8275862068965517
1.0
0.5
0.0
1.0
1.0
0.9102564102564102
0.7888888888888889
1.0
0.9313725490196079
0.8571428571428571
0.7313432835820896
0.6794871794871795
1.0
0.8837209302325582
0.6951219512195121
0.2
0.855072463768116
0.8648648648648649
0.72
0.8947368421052632
0.7380952380952381
0.6951219512195121
0.7906976744186046
0.5217391304347826
0.6666666666666666
0.4420289855072464
0.6948051948051948
0.7076923076923077
0.5555555555555556
0.5
0.5128205128205128
0.6341463414634146
0.8076923076923077
0.6593406593406593
0.7368421052631579
0.2727272727272727
0.6089108910891089
0.48
0.3717948717948718
1.0
0.7142857142857143
0.5967741935483871
0.6935483870967742
1.0
0.6470588235294118
0.6415094339622641
0.8103448275862069
0.7368421052631579
0.5256410256410257
0.6571428571428571
0.2631578947368421
0.782608695652174
0.43478260869565216
1.0
0.9206349206349206
0.7288135593220338
1.0
0.8387096774193549
0.5490196078431373
0.7741935483870968
0.7741935483870968
0.8333333333333334
0.9056603773584906
0.8828828828828829
0.6521739130434783
1.0
0.7948717948717948
0.6219512195121951
0.7238805970149254
0.7757009345794392
0.9444444444444444
0.5540540540540541
0.6204819277108434
0.46153846153846156
0.6688311688311688
0.8275862068965517
0.7671232876712328
0.8292682926829268
1.0
0.76
0.7347826086956522
1.0
0.5851063829787234
0.3333333333333333
1.0
0.43333333333333335
0.6111111111111112
0.8793103448275862
0.8837209302325582
0.6956521739130435
1.0
0.5333333333333333
1.0
0.2619047619047619
0.9146341463414634
1.0
1.0
1.0
0.7647058823529411
0.8571428571428571
0.7619047619047619
0.3888888888888889
0.8
0.6951219512195121
0.8484848484848485
0.9130434782608695
0.8111111111111111
1.0
0.9102564102564102
0.7384615384615385
1.0
1.0
1.0
1.0
1.0
1.0
0.7551020408163265
1.0
0.9397590361445783
1.0
1.0
1.0
1.0
0.6290322580645161
0.9459459459459459
1.0
1.0
1.0
0.9385964912280702
0.8461538461538461
0.8275862068965517
0.7093023255813954
0.8679245283018868
0.9492753623188406
0.8356164383561644
0.35714285714285715
1.0
1.0
0.58
0.8191489361702128
0.7619047619047619
1.0
0.15384615384615385
0.7051282051282052
1.0
0.4444444444444444
1.0
0.7446808510638298
0.7
0.6818181818181818
0.6186440677966102
1.0
0.7619047619047619
0.7333333333333333
0.7162162162162162
1.0
1.0
0.8
1.0
0.8529411764705882
0.8979591836734694
0.5087719298245614
0.5512820512820513
0.4411764705882353
0.7692307692307693
1.0
1.0
0.6153846153846154
0.8717948717948718
1.0
1.0
0.5
1.0
0.7333333333333333
1.0
0.8
0.5909090909090909
0.8157894736842105
0.7076923076923077
1.0
0.7068965517241379
0.8387096774193549
1.0
0.8360655737704918
0.782608695652174
0.7735849056603774
0.6395348837209303
0.825925925925926
0.8023255813953488
0.7909090909090909
0.6140350877192983
0.9591836734693877
0.7206896551724138
0.819672131147541
0.5714285714285714
0.4
1.0
0.23684210526315788
0.8478260869565217
0.543859649122807
0.8692307692307693
0.7982456140350878
0.47058823529411764
0.7631578947368421
0.7923076923076923
0.7978723404255319
0.6917808219178082
0.7619047619047619
0.16666666666666666
0.0
0.5925925925925926
0.0
0.5185185185185185
1.0
1.0
0.8888888888888888
0.7368421052631579
0.6594202898550725
0.6153846153846154
1.0
0.8157894736842105
0.43478260869565216
0.45652173913043476
0.3235294117647059
0.8648648648648649
0.6333333333333333
1.0
0.7150537634408602
0.4782608695652174
0.7608695652173914
0.8146067415730337
1.0
0.8108108108108109
0.8170731707317073
0.6818181818181818
0.8148148148148148
0.72
0.7941176470588235
0.8108108108108109
0.5
0.8888888888888888
0.5303030303030303
0.5983606557377049
0.8296703296703297
0.5918367346938775
0.7926829268292683
1.0
0.6830985915492958
0.7735849056603774
0.7941176470588235
1.0
0.6923076923076923
0.8936170212765957
1.0
0.8717948717948718
0.3333333333333333
1.0
0.9295774647887324
1.0
0.8571428571428571
1.0
0.7407407407407407
1.0
1.0
0.6666666666666666
0.5740740740740741
0.8793103448275862
1.0
0.6923076923076923
1.0
1.0
0.7058823529411765
0.7878787878787878
0.6818181818181818
1.0
1.0
1.0
1.0
0.851063829787234
0.38461538461538464
0.6666666666666666
0.7333333333333333
0.2857142857142857
0.7966101694915254
1.0
0.5714285714285714
1.0
0.8191489361702128
0.7682926829268293
1.0
0.6530612244897959
1.0
0.9382716049382716
1.0
1.0
0.2
0.0
1.0
1.0
1.0
0.8466666666666667
1.0
0.8636363636363636
0.3333333333333333
0.8
0.8717948717948718
1.0
0.8698630136986302
1.0
0.8571428571428571
0.9397590361445783
1.0
0.7777777777777778
1.0
0.8888888888888888
0.5
0.5
0.7631578947368421
0.4915254237288136
0.7698412698412699
0.5465116279069767
0.7746478873239436
0.8428571428571429
0.7253521126760564
1.0
0.5897435897435898
0.782608695652174
1.0
0.7741935483870968
1.0
0.7777777777777778
1.0
1.0
0.9354838709677419
0.7333333333333333
1.0
0.8584905660377359
1.0
0.8627450980392157
0.8301886792452831
1.0
0.8
0.7888888888888889
0.8387096774193549
0.7674418604651163
1.0
0.68
1.0
0.6632653061224489
0.9230769230769231
0.7586206896551724
0.7076923076923077
0.8658536585365854
1.0
0.9473684210526315
1.0
0.7622950819672131
0.723404255319149
0.7692307692307693
0.7058823529411765
1.0
0.8282828282828283
0.6724137931034483
1.0
0.7368421052631579
0.4230769230769231
0.6111111111111112
0.82
1.0
0.8
0.5869565217391305
0.84
0.44
0.2826086956521739
1.0
0.6216216216216216
0.9054054054054054
0.6774193548387096
0.5617977528089888
0.6825396825396826
0.42
0.612280701754386
1.0
0.6967213114754098
0.8793103448275862
1.0
0.7540983606557377
0.6764705882352942
0.5714285714285714
0.7407407407407407
0.782051282051282
0.9310344827586207
0.7631578947368421
0.8823529411764706
0.6666666666666666
0.9393939393939394
0.7959183673469388
0.7808219178082192
0.8658536585365854
0.5
0.46153846153846156
0.0
0.16666666666666666
0.16666666666666666
0.5769230769230769
0.4
1.0
0.5967741935483871
1.0
0.5
0.9230769230769231
0.8157894736842105
0.7181818181818181
0.3333333333333333
0.0
1.0
1.0
0.8783783783783784
1.0
0.8829787234042553
1.0
0.7674418604651163
1.0
1.0
0.803921568627451
0.7619047619047619
0.8876404494382022
0.7068965517241379
0.8717948717948718
0.7887323943661971
0.8985507246376812
1.0
0.3333333333333333
0.6956521739130435
0.8535353535353535
0.6632653061224489
0.8827160493827161
0.8412698412698413
0.8979591836734694
1.0
0.7142857142857143
0.8454545454545455
0.7244094488188977
0.8591549295774648
0.797979797979798
0.6818181818181818
0.7741935483870968
0.8043478260869565
0.782608695652174
0.8478260869565217
0.631578947368421
0.803030303030303
0.8703703703703703
1.0
0.6756756756756757
0.92
0.41304347826086957
0.6956521739130435
0.6403508771929824
1.0
1.0
0.9206349206349206
0.8888888888888888
0.8703703703703703
1.0
0.8591549295774648
0.5819672131147541
1.0
0.9014084507042254
1.0
1.0
0.639344262295082
1.0
1.0
0.6585365853658537
0.8591549295774648
1.0
0.9295774647887324
0.8765432098765432
0.782608695652174
0.86
0.6
0.3333333333333333
1.0
1.0
1.0
0.8305084745762712
0.7586206896551724
0.9295774647887324
1.0
0.9367088607594937
1.0
0.19230769230769232
0.6410256410256411
1.0
0.8953488372093024
0.42857142857142855
0.8
0.9056603773584906
0.8947368421052632
0.8648648648648649
1.0
0.5
0.0
0.8717948717948718
0.7560975609756098
0.9487179487179487
0.8571428571428571
0.6216216216216216
0.43478260869565216
0.7307692307692307
0.6212121212121212
0.9487179487179487
0.7619047619047619
0.631578947368421
0.8648648648648649
0.6923076923076923
0.7142857142857143
0.7169811320754716
0.8205128205128205
1.0
1.0
0.9259259259259259
1.0
0.8
0.8484848484848485
0.851063829787234
0.78
0.54
0.7417582417582418
1.0
0.803030303030303
1.0
0.8561643835616438
1.0
0.7142857142857143
1.0
1.0
1.0
1.0
1.0
1.0
0.8225806451612904
1.0
0.36
1.0
0.7424242424242424
0.8448275862068966
1.0
0.4230769230769231
0.8108108108108109
0.9113924050632911
0.9056603773584906
0.6486486486486487
1.0
0.9019607843137255
0.8571428571428571
1.0
1.0
1.0
0.5
0.7777777777777778
0.6129032258064516
1.0
0.9272727272727272
1.0
0.7303370786516854
0.8205128205128205
0.6792452830188679
0.7910447761194029
0.8461538461538461
0.7377049180327869
0.8529411764705882
0.7428571428571429
1.0
0.6896551724137931
0.803921568627451
0.8888888888888888
0.782608695652174
0.5862068965517241
1.0
0.8333333333333334
0.6582278481012658
0.855072463768116
1.0
0.6984126984126984
0.7469879518072289
0.8591549295774648
1.0
0.7666666666666667
0.6
0.3023255813953488
0.7123287671232876
0.7027027027027027
1.0
0.6222222222222222
1.0
0.8783783783783784
0.9152542372881356
1.0
0.3333333333333333
0.0
1.0
1.0
1.0
1.0
0.9383561643835616
1.0
0.7985611510791367
0.7238805970149254
0.8
0.6851851851851852
0.6851851851851852
0.35185185185185186
1.0
0.7168674698795181
0.41025641025641024
1.0
0.9081632653061225
0.6923076923076923
0.5483870967741935
0.7435897435897436
0.8305084745762712
0.6086956521739131
0.5172413793103449
0.8360655737704918
0.7631578947368421
1.0
0.6571428571428571
1.0
0.7857142857142857
0.7777777777777778
0.6176470588235294
0.391304347826087
1.0
0.8181818181818182
0.5740740740740741
0.7368421052631579
0.851063829787234
0.4827586206896552
0.5
0.8043478260869565
0.8148148148148148
1.0
1.0
0.5454545454545454
1.0
0.2777777777777778
0.7549019607843137
0.5
0.7894736842105263
0.8333333333333334
0.782608695652174
0.7702702702702703
0.46153846153846156
0.92
0.35294117647058826
0.8636363636363636
0.5952380952380952
0.9090909090909091
0.7945205479452054
0.8148148148148148
1.0
0.7098765432098766
0.7653061224489796
0.8666666666666667
0.7735849056603774
0.8260869565217391
0.6666666666666666
0.8732394366197183
0.7076923076923077
1.0
0.5306122448979592
0.6724137931034483
0.44
1.0
0.7654320987654321
1.0
0.8018867924528302
0.7804878048780488
0.6627906976744186
0.8373493975903614
1.0
0.8703703703703703
0.6129032258064516
0.8837209302325582
0.92
0.7692307692307693
0.7567567567567568
0.7966101694915254
0.72
1.0
1.0
0.7903225806451613
0.7021276595744681
0.7333333333333333
0.8888888888888888
0.8177570093457944
0.7087912087912088
1.0
1.0
0.6428571428571429
1.0
0.8793103448275862
0.8275862068965517
0.8888888888888888
1.0
0.24242424242424243
0.4230769230769231
1.0
0.8032786885245902
0.6923076923076923
1.0
0.782608695652174
0.8888888888888888
0.6720430107526881
0.8389830508474576
0.5263157894736842
0.581081081081081
0.7058823529411765
0.8888888888888888
0.919047619047619
0.8278688524590164
0.8050847457627118
0.7608695652173914
0.573170731707317
0.6908396946564885
0.8484848484848485
0.5677966101694916
1.0
0.9090909090909091
0.5434782608695652
0.5847457627118644
0.7741935483870968
0.5
1.0
0.8666666666666667
1.0
1.0
0.4444444444444444
1.0
0.6506849315068494
0.6962025316455697
0.680327868852459
0.7435897435897436
0.6923076923076923
0.5087719298245614
0.5737704918032787
0.8412698412698413
0.7435897435897436
0.5806451612903226
0.764
0.6067415730337079
0.5217391304347826
0.4473684210526316
0.9534883720930233
0.5882352941176471
0.7368421052631579
0.8163265306122449
0.8333333333333334
0.6101694915254238
0.7215189873417721
0.9384615384615385
0.5757575757575758
0.6436781609195402
0.8108108108108109
0.6595744680851063
0.5471698113207547
0.7407407407407407
0.4666666666666667
0.9019607843137255
1.0
0.7105263157894737
0.5897435897435898
1.0
0.7560975609756098
0.6666666666666666
0.4696969696969697
0.8793103448275862
1.0
1.0
0.5
1.0
0.5128205128205128
0.8679245283018868
0.8703703703703703
0.8157894736842105
0.84
0.7702702702702703
1.0
0.6578947368421053
0.9035087719298246
0.8627450980392157
0.717391304347826
0.8703703703703703
0.8181818181818182
0.7906976744186046
0.7872340425531915
0.6636363636363637
0.6486486486486487
0.9555555555555556
0.8478260869565217
0.7727272727272727
0.8837209302325582
0.8292682926829268
0.9411764705882353
0.7
0.6825396825396826
1.0
0.7446808510638298
0.8015873015873016
0.7647058823529411
0.6153846153846154
0.851063829787234
0.9067796610169492
0.391304347826087
0.6666666666666666
0.28
0.6857142857142857
0.7922077922077922
0.8783783783783784
0.6204819277108434
0.9661016949152542
0.16666666666666666
0.16666666666666666
0.5
0.7777777777777778
0.3333333333333333
1.0
0.7448979591836735
1.0
0.8484848484848485
0.8
0.5769230769230769
0.9347826086956522
0.7857142857142857
0.7777777777777778
0.855072463768116
0.6844660194174758
1.0
0.5
0.0
0.8333333333333334
1.0
0.7741935483870968
0.8939393939393939
0.6764705882352942
0.6111111111111112
1.0
1.0
0.7380952380952381
1.0
0.8484848484848485
1.0
1.0
0.7777777777777778
0.62
1.0
0.6764705882352942
0.7666666666666667
1.0
0.7619047619047619
0.5454545454545454
0.7368421052631579
1.0
0.7653061224489796
1.0
0.8421052631578947
0.7307692307692307
0.8287671232876712
0.8333333333333334
0.6326530612244898
0.7866666666666666
0.7049180327868853
0.6097560975609756
0.7333333333333333
0.5746268656716418
0.6956521739130435
0.8
0.7
0.8888888888888888
0.5849056603773585
0.8650793650793651
0.7818181818181819
0.82
0.8767123287671232
0.8253968253968254
0.8387096774193549
0.7435897435897436
0.8131868131868132
0.9363636363636364
0.9367088607594937
0.3333333333333333
0.826530612244898
0.5588235294117647
0.5882352941176471
1.0
1.0
0.7424242424242424
0.7318840579710145
0.8157894736842105
0.826530612244898
0.803921568627451
0.7012987012987013
0.7608695652173914
0.839622641509434
1.0
0.7075471698113207
0.8414634146341463
0.6555555555555556
1.0
1.0
1.0
0.7203389830508474
0.5967741935483871
0.48936170212765956
0.2894736842105263
0.5869565217391305
1.0
1.0
0.38571428571428573
1.0
0.34782608695652173
0.35714285714285715
0.62
0.6976744186046512
0.7586206896551724
0.7571428571428571
0.6296296296296297
0.5588235294117647
0.8484848484848485
0.5454545454545454
0.8648648648648649
1.0
0.5434782608695652
0.9056603773584906
0.6481481481481481
0.7058823529411765
1.0
1.0
0.9444444444444444
0.5
0.5869565217391305
0.9117647058823529
0.3333333333333333
0.3333333333333333
0.3333333333333333
1.0
1.0
0.16666666666666666
1.0
0.7631578947368421
0.8148148148148148
0.6
1.0
0.8292682926829268
0.9180327868852459
0.3333333333333333
0.7121212121212122
0.7073170731707317
0.14285714285714285
1.0
0.7222222222222222
0.86
1.0
0.7586206896551724
0.7
1.0
0.8717948717948718
0.631578947368421
1.0
0.5526315789473685
0.723404255319149
0.8484848484848485
0.7972972972972973
1.0
0.7121212121212122
1.0
0.8024691358024691
0.9195402298850575
0.8333333333333334
0.7978723404255319
0.8045977011494253
0.7878787878787878
0.8
1.0
0.7333333333333333
0.6774193548387096
0.631578947368421
0.9206349206349206
0.8484848484848485
0.8852459016393442
0.8292682926829268
0.8780487804878049
0.6581196581196581
0.7450331125827815
0.7297297297297297
1.0
1.0
0.896551724137931
1.0
1.0
0.6456953642384106
0.6588785046728972
0.7017543859649122
0.6910569105691057
0.8559322033898306
1.0
0.603448275862069
0.7058823529411765
0.6410256410256411
1.0
0.8168316831683168
0.6493506493506493
0.7333333333333333
0.7424242424242424
0.7
0.74
0.7560975609756098
0.9428571428571428
0.7033898305084746
0.8309859154929577
0.626984126984127
0.7560975609756098
1.0
0.7601626016260162
0.9130434782608695
0.9186046511627907
0.7368421052631579
0.6153846153846154
0.7052631578947368
0.5142857142857142
0.6639344262295082
1.0
0.8559322033898306
0.8852459016393442
0.9315068493150684
0.9345794392523364
0.9122807017543859
0.7142857142857143
0.9113924050632911
0.6235955056179775
0.6666666666666666
1.0
0.6415094339622641
0.795774647887324
0.803921568627451
0.7909090909090909
1.0
0.8979591836734694
0.7435897435897436
0.8888888888888888
0.8222222222222222
1.0
0.7272727272727273
1.0
0.7540983606557377
0.8679245283018868
0.8
0.8148148148148148
1.0
0.872093023255814
1.0
1.0
0.6285714285714286
0.9041095890410958
1.0
1.0
0.8148148148148148
0.9180327868852459
0.9177215189873418
0.6304347826086957
0.8714285714285714
0.8840579710144928
0.8372093023255814
0.8484848484848485
0.6153846153846154
0.8888888888888888
0.7831325301204819
0.7741935483870968
1.0
0.6511627906976745
1.0
1.0
0.7459016393442623
0.8291139240506329
0.78
1.0
0.8113207547169812
0.8225806451612904
0.9146341463414634
1.0
1.0
0.5
0.7164179104477612
1.0
0.8888888888888888
1.0
0.696969696969697
0.5757575757575758
1.0
1.0
0.6333333333333333
0.6509433962264151
1.0
0.5508474576271186
1.0
1.0
0.6935483870967742
0.8780487804878049
0.7711864406779662
0.7368421052631579
0.7564102564102564
1.0
0.8484848484848485
0.8108108108108109
0.7142857142857143
0.8703703703703703
0.8870967741935484
0.8939393939393939
0.6296296296296297
1.0
1.0
0.36046511627906974
1.0
0.8793103448275862
1.0
0.8636363636363636
0.8508771929824561
0.9122807017543859
0.879746835443038
1.0
1.0
0.8837209302325582
0.8727272727272727
1.0
0.8444444444444444
1.0
0.753731343283582
1.0
0.9054054054054054
0.6935483870967742
1.0
1.0
1.0
0.8484848484848485
0.8979591836734694
0.8714285714285714
0.5925925925925926
0.9363636363636364
1.0
0.7111111111111111
1.0
0.5609756097560976
0.9315068493150684
0.8191489361702128
1.0
0.6886792452830188
0.7
1.0
0.6864406779661016
0.8780487804878049
0.7459016393442623
0.9056603773584906
0.631578947368421
0.8698630136986302
1.0
0.8551401869158879
0.6410256410256411
0.8148148148148148
0.8571428571428571
1.0
0.8333333333333334
0.9056603773584906
0.7073170731707317
0.8090909090909091
0.8245614035087719
1.0
0.8888888888888888
0.72
0.8
1.0
0.6639344262295082
0.691358024691358
1.0
0.8837209302325582
0.8275862068965517
0.8701298701298701
0.6153846153846154
0.5652173913043478
0.9122807017543859
0.7622950819672131
0.8028169014084507
0.7571428571428571
0.7551020408163265
0.803030303030303
0.8902439024390244
0.7337662337662337
0.8717948717948718
0.935064935064935
0.541095890410959
0.7027027027027027
0.6142857142857143
0.5230769230769231
0.9056603773584906
1.0
0.6779661016949152
1.0
0.8296703296703297
0.8181818181818182
0.8333333333333334
0.3333333333333333
0.8461538461538461
0.8108108108108109
0.5967741935483871
1.0
0.8442622950819673
0.9315068493150684
0.7608695652173914
0.8783783783783784
0.5955056179775281
0.8256880733944955
0.746031746031746
0.8837209302325582
0.8888888888888888
1.0
0.7674418604651163
0.927536231884058
0.9206349206349206
1.0
0.8548387096774194
0.8431372549019608
1.0
0.6666666666666666
0.5
0.8888888888888888
0.9555555555555556
0.7073170731707317
1.0
0.746268656716418
0.8444444444444444
0.9047619047619048
0.8979591836734694
0.686046511627907
0.8484848484848485
0.559322033898305
0.8717948717948718
0.7286432160804021
0.6919191919191919
0.5909090909090909
0.8440860215053764
1.0
1.0
0.810126582278481
1.0
0.8837209302325582
0.6304347826086957
0.855072463768116
0.8760683760683761
0.4268292682926829
1.0
0.9313725490196079
1.0
0.9090909090909091
0.8426966292134831
0.7040816326530612
0.8
0.8813559322033898
0.9145299145299145
0.9139784946236559
1.0
0.8153846153846154
1.0
0.8
1.0
1.0
0.8492063492063492
0.7567567567567568
1.0
0.8979591836734694
0.8356164383561644
0.7435897435897436
0.9253731343283582
0.911504424778761
0.8717948717948718
1.0
1.0
0.8953488372093024
1.0
1.0
0.8508771929824561
0.8245614035087719
0.7876712328767124
0.7948717948717948
1.0
0.8387096774193549
0.8555555555555555
0.8354430379746836
0.8768115942028986
0.8631578947368421
1.0
0.9411764705882353
0.6111111111111112
1.0
0.7006802721088435
0.8131868131868132
1.0
0.5882352941176471
0.45098039215686275
0.7723577235772358
0.6866666666666666
0.9487179487179487
0.7865168539325843
0.7337662337662337
0.8260869565217391
1.0
0.8105263157894737
0.5960264900662252
1.0
1.0
0.8888888888888888
0.8418803418803419
0.8148148148148148
0.8493150684931506
0.8679245283018868
0.6666666666666666
0.8870967741935484
0.7619047619047619
1.0
0.8780487804878049
0.7849462365591398
0.6627906976744186
0.7377049180327869
0.9438202247191011
1.0
0.7540983606557377
1.0
0.7466666666666667
0.8048780487804879
1.0
0.7380952380952381
1.0
0.9047619047619048
0.6818181818181818
0.8360655737704918
1.0
0.8823529411764706
0.7446808510638298
0.7843137254901961
0.8813559322033898
1.0
0.8023255813953488
1.0
0.7631578947368421
0.7878787878787878
1.0
0.7272727272727273
0.6153846153846154
0.9019607843137255
0.8461538461538461
0.8292682926829268
0.7121212121212122
1.0
1.0
1.0
1.0
0.8717948717948718
0.7758620689655172
1.0
0.7
0.872093023255814
1.0
0.8275862068965517
0.7985074626865671
1.0
0.7753623188405797
0.6463414634146342
1.0
0.7974683544303798
1.0
0.8048780487804879
0.8780487804878049
0.782608695652174
0.8043478260869565
0.8205128205128205
1.0
1.0
1.0
1.0
0.7711864406779662
1.0
0.8813559322033898
0.7848101265822784
0.8693693693693694
0.5975609756097561
0.8888888888888888
0.8548387096774194
0.8
0.8153846153846154
1.0
1.0
0.7848101265822784
1.0
0.8181818181818182
0.7195121951219512
0.9122807017543859
0.6111111111111112
0.7941176470588235
0.7777777777777778
0.82
0.8923076923076924
0.6666666666666666
1.0
1.0
1.0
0.7
0.5
0.6772151898734177
0.6666666666666666
0.9052631578947369
0.9222222222222223
0.6714285714285714
0.7933333333333333
0.8571428571428571
0.7608695652173914
0.82
0.9019607843137255
0.5471698113207547
0.851145038167939
1.0
0.7666666666666667
0.6415094339622641
0.8023255813953488
0.4117647058823529
1.0
0.8113207547169812
0.8272727272727273
0.803921568627451
0.2647058823529412
1.0
0.6384615384615384
0.7169811320754716
0.7941176470588235
0.7551020408163265
0.7028985507246377
1.0
0.5566037735849056
0.7626262626262627
0.8061224489795918
0.6481481481481481
0.7192982456140351
1.0
0.5303030303030303
0.7627118644067796
0.7258064516129032
0.47435897435897434
0.8870967741935484
1.0
0.8627450980392157
1.0
0.9102564102564102
0.8717948717948718
0.7368421052631579
0.8292682926829268
0.6690140845070423
0.8727272727272727
0.9014084507042254
0.8333333333333334
0.8090909090909091
0.6134020618556701
0.9230769230769231
0.7692307692307693
0.7686567164179104
0.7959183673469388
0.9259259259259259
1.0
0.7904761904761904
0.5846153846153846
0.8827160493827161
0.8275862068965517
0.43333333333333335
0.7674418604651163
0.7424242424242424
0.8717948717948718
0.8484848484848485
0.7682926829268293
0.9047619047619048
0.9425287356321839
1.0
0.848314606741573
0.8837209302325582
0.6
0.6756756756756757
0.8780487804878049
0.8571428571428571
0.6521739130434783
0.686046511627907
0.782608695652174
0.8148148148148148
1.0
0.5306122448979592
0.6923076923076923
0.34444444444444444
0.8559322033898306
0.6
0.7923076923076923
0.8372093023255814
1.0
0.8780487804878049
0.8571428571428571
0.8010752688172043
0.8245614035087719
0.7571428571428571
0.8548387096774194
1.0
0.9152542372881356
0.9259259259259259
0.7622950819672131
1.0
0.9661016949152542
0.8538461538461538
1.0
1.0
0.9259259259259259
0.7631578947368421
0.6304347826086957
0.9295774647887324
0.7468354430379747
0.940677966101695
0.8333333333333334
0.6883116883116883
0.945054945054945
0.7169811320754716
0.7288135593220338
0.34782608695652173
0.8717948717948718
0.46
0.9130434782608695
0.7407407407407407
1.0
1.0
0.8333333333333334
0.9054054054054054
1.0
0.6304347826086957
1.0
1.0
0.8157894736842105
0.62
0.72
0.8
0.782608695652174
0.8333333333333334
0.4
0.8780487804878049
0.7741935483870968
0.6111111111111112
1.0
1.0
1.0
0.8648648648648649
0.8979591836734694
0.6627906976744186
0.8387096774193549
1.0
1.0
1.0
1.0
0.5434782608695652
0.8023255813953488
0.8360655737704918
0.8245614035087719
0.855072463768116
0.7439024390243902
0.7424242424242424
1.0
0.6756756756756757
1.0
0.6515151515151515
1.0
0.8043478260869565
0.86
1.0
0.7878787878787878
1.0
0.8333333333333334
0.6981132075471698
0.8673469387755102
1.0
0.9122807017543859
0.9056603773584906
0.8831168831168831
0.8208955223880597
1.0
0.9333333333333333
0.9056603773584906
0.7272727272727273
0.9245283018867925
0.9574468085106383
0.7931034482758621
1.0
0.6403508771929824
1.0
0.8387096774193549
1.0
0.6511627906976745
0.5454545454545454
0.8813559322033898
0.7903225806451613
0.7982456140350878
1.0
0.8765432098765432
0.6296296296296297
0.5952380952380952
0.8275862068965517
1.0
0.8095238095238095
0.42857142857142855
0.9152542372881356
0.8148148148148148
0.9607843137254902
0.8305084745762712
0.8271604938271605
0.8725490196078431
0.8823529411764706
1.0
0.8852459016393442
0.6947368421052632
0.8591549295774648
1.0
1.0
0.9081632653061225
1.0
0.8780487804878049
0.6935483870967742
1.0
1.0
0.9367088607594937
0.9591836734693877
1.0
1.0
1.0
0.7878787878787878
0.8783783783783784
0.8939393939393939
0.8032786885245902
0.863013698630137
0.8923076923076924
0.8681318681318682
0.8780487804878049
0.6935483870967742
0.8387096774193549
1.0
0.34615384615384615
0.9393939393939394
0.8823529411764706
1.0
0.7345679012345679
1.0
0.8936170212765957
1.0
0.64
1.0
0.8613861386138614
0.8181818181818182
1.0
0.7641509433962265
1.0
0.8936170212765957
1.0
1.0
1.0
1.0
1.0
0.7777777777777778
0.9354838709677419
1.0
0.6923076923076923
1.0
0.7428571428571429
0.8888888888888888
0.6408450704225352
0.6818181818181818
0.5116279069767442
0.8764044943820225
0.7894736842105263
0.6132075471698113
0.3064516129032258
0.6914893617021277
1.0
0.7073170731707317
0.8
0.6097560975609756
0.5
0.5806451612903226
0.9054054054054054
0.5571428571428572
0.6052631578947368
0.7075471698113207
0.7142857142857143
0.5217391304347826
0.8
0.8648648648648649
0.6792452830188679
0.7452830188679245
1.0
0.82
0.8387096774193549
0.7142857142857143
0.7258064516129032
0.8947368421052632
1.0
1.0
0.8795180722891566
1.0
1.0
0.8220338983050848
1.0
1.0
0.7368421052631579
0.9555555555555556
1.0
1.0
0.8484848484848485
1.0
1.0
0.6111111111111112
0.8780487804878049
0.8
1.0
1.0
0.6666666666666666
1.0
0.84
0.6627906976744186
0.9081632653061225
1.0
0.8061224489795918
1.0
0.8780487804878049
0.8936170212765957
0.86
0.7
0.7959183673469388
0.9150943396226415
1.0
0.9090909090909091
0.8305084745762712
0.6585365853658537
0.7564102564102564
1.0
0.8698630136986302
1.0
1.0
0.6372549019607843
0.8555555555555555
1.0
0.5454545454545454
0.8275862068965517
1.0
0.8275862068965517
1.0
0.3709677419354839
0.6538461538461539
1.0
0.8148148148148148
0.8648648648648649
1.0
1.0
0.6808510638297872
0.4111111111111111
0.717948717948718
1.0
0.8148148148148148
0.7923076923076923
0.7121212121212122
0.7368421052631579
1.0
0.8837209302325582
0.7307692307692307
1.0
1.0
0.7586206896551724
0.7659574468085106
0.6538461538461539
1.0
0.7920353982300885
1.0
0.9056603773584906
0.8837209302325582
0.746268656716418
0.9295774647887324
0.7371134020618557
0.4461538461538462
0.8888888888888888
0.5454545454545454
0.6111111111111112
0.696969696969697
0.6140350877192983
1.0
0.7346938775510204
0.8888888888888888
0.696969696969697
1.0
1.0
0.6901408450704225
0.8078817733990148
0.8493150684931506
0.8656716417910447
0.9320987654320988
1.0
0.7076923076923077
0.7721518987341772
0.7209302325581395
0.8627450980392157
0.8
0.5428571428571428
0.48148148148148145
0.5769230769230769
0.2777777777777778
1.0
1.0
0.7407407407407407
0.4666666666666667
0.7741935483870968
0.21052631578947367
0.8157894736842105
0.581081081081081
0.7093023255813954
0.9222222222222223
1.0
0.935064935064935
0.8837209302325582
0.7368421052631579
0.9186046511627907
0.8333333333333334
0.8478260869565217
0.7777777777777778
0.7553191489361702
0.8
0.8181818181818182
1.0
1.0
0.7962962962962963
0.7586206896551724
0.6014492753623188
0.6153846153846154
0.6162790697674418
0.8148148148148148
1.0
0.7837837837837838
0.7619047619047619
0.7
0.8372093023255814
0.7352941176470589
0.7608695652173914
0.7244897959183674
0.7674418604651163
0.8205128205128205
0.5555555555555556
0.776595744680851
0.82
0.9622641509433962
0.9056603773584906
0.9636363636363636
0.6571428571428571
0.8157894736842105
0.717391304347826
0.6692307692307692
0.6764705882352942
0.7293233082706767
0.8852459016393442
0.72
0.8275862068965517
0.8
0.8380281690140845
0.8245614035087719
0.6612903225806451
0.5652173913043478
0.38235294117647056
0.7457627118644068
0.872093023255814
1.0
0.5423728813559322
0.7127659574468085
0.9
0.5
0.32857142857142857
0.7727272727272727
0.7558139534883721
1.0
0.4032258064516129
0.8559322033898306
0.7777777777777778
0.6530612244897959
0.8484848484848485
0.6818181818181818
0.7037037037037037
0.47058823529411764
1.0
0.6304347826086957
0.8484848484848485
0.6923076923076923
1.0
0.8571428571428571
1.0
0.8148148148148148
1.0
1.0
0.8780487804878049
0.8780487804878049
1.0
0.6666666666666666
1.0
1.0
0.5
0.8148148148148148
0.6438356164383562
0.8205128205128205
0.8902439024390244
0.8837209302325582
0.8936170212765957
1.0
0.782608695652174
0.7790697674418605
1.0
0.9054054054054054
1.0
0.7407407407407407
1.0
0.7959183673469388
0.68
0.7714285714285715
1.0
0.8780487804878049
1.0
0.9081632653061225
1.0
0.8648648648648649
0.7058823529411765
1.0
1.0
1.0
1.0
0.6639344262295082
1.0
0.6379310344827587
1.0
0.8108108108108109
1.0
0.8095238095238095
0.7878787878787878
0.8703703703703703
0.6206896551724138
0.8015873015873016
0.782608695652174
0.410958904109589
1.0
0.7244897959183674
0.6081081081081081
0.6904761904761905
0.62
0.9222222222222223
0.5677966101694916
0.927536231884058
1.0
0.7264150943396226
1.0
0.8648648648648649
0.6159420289855072
Min Sentence GLEU Score: 0.0
Max Sentence GLEU Score: 1.0
Average Sentence GLEU Score: 0.7588016667973142
Corpus Sentence GLEU Score: 0.6159420289855072
