0.873015873015873
0.5526315789473685
0.3953488372093023
0.5423728813559322
0.7647058823529411
0.391304347826087
0.581081081081081
0.5638297872340425
0.524390243902439
0.5849056603773585
0.5636363636363636
0.44871794871794873
0.44285714285714284
0.6571428571428571
0.35135135135135137
0.5925925925925926
0.509090909090909
0.7545454545454545
0.8414634146341463
0.7051282051282052
0.2857142857142857
0.3888888888888889
0.52
0.5232558139534884
0.5333333333333333
0.5333333333333333
0.9047619047619048
0.0
0.5434782608695652
0.3360655737704918
0.14285714285714285
0.4
0.16666666666666666
0.6025641025641025
0.3709677419354839
0.13157894736842105
0.4603174603174603
0.5
0.30303030303030304
0.7027027027027027
0.35185185185185186
0.4444444444444444
0.4838709677419355
0.46153846153846156
0.3620689655172414
0.8461538461538461
0.2857142857142857
0.5333333333333333
0.6818181818181818
0.2413793103448276
0.3974358974358974
0.7659574468085106
0.4696969696969697
0.604
0.3950617283950617
0.496551724137931
0.3656716417910448
0.3888888888888889
0.6545454545454545
0.46236559139784944
0.42592592592592593
0.43548387096774194
0.42592592592592593
0.26506024096385544
0.23333333333333334
0.5660377358490566
0.7428571428571429
0.30434782608695654
0.313953488372093
0.21428571428571427
0.15384615384615385
0.8181818181818182
0.34684684684684686
0.3723404255319149
0.4074074074074074
0.6086956521739131
0.3076923076923077
0.5333333333333333
0.2222222222222222
0.7962962962962963
0.5135135135135135
0.5172413793103449
0.5
0.92
0.9047619047619048
0.603448275862069
0.5405405405405406
0.2692307692307692
0.3888888888888889
0.35714285714285715
0.5555555555555556
0.29508196721311475
0.34615384615384615
0.58
0.7380952380952381
0.6666666666666666
0.6
0.7777777777777778
0.6794871794871795
0.54
0.5363636363636364
0.5909090909090909
0.74
0.2619047619047619
0.7413793103448276
0.72
0.5
0.4890710382513661
0.54
0.39473684210526316
0.1935483870967742
0.5930232558139535
0.36
0.7777777777777778
0.5757575757575758
0.5454545454545454
0.5128205128205128
0.4
0.5142857142857142
0.6133333333333333
0.6140350877192983
0.7735849056603774
0.6714285714285714
0.7814569536423841
0.4520547945205479
0.0
0.5384615384615384
0.4766355140186916
0.28
0.3333333333333333
0.4405594405594406
0.5675675675675675
0.4
0.4
0.5645161290322581
0.0
0.7333333333333333
0.8823529411764706
0.3813559322033898
0.2971014492753623
0.5857142857142857
0.34415584415584416
0.524390243902439
0.5405405405405406
0.2857142857142857
0.15789473684210525
0.7777777777777778
0.6666666666666666
0.2894736842105263
0.32608695652173914
0.41304347826086957
0.7142857142857143
0.3888888888888889
0.5882352941176471
0.8666666666666667
0.2222222222222222
0.46153846153846156
0.6956521739130435
0.717391304347826
0.8181818181818182
0.4090909090909091
0.36486486486486486
0.45045045045045046
0.47398843930635837
0.47005988023952094
0.5224719101123596
0.9130434782608695
0.4482758620689655
0.5434782608695652
0.42105263157894735
0.22857142857142856
0.30666666666666664
0.20588235294117646
0.6551724137931034
0.22580645161290322
0.753968253968254
0.4909090909090909
0.5
0.42857142857142855
0.5476190476190477
0.5705882352941176
0.4019607843137255
0.7777777777777778
0.5
0.603448275862069
0.6
0.5641025641025641
0.7325581395348837
0.3717948717948718
0.34210526315789475
0.3235294117647059
0.15384615384615385
0.6086956521739131
0.573170731707317
0.7142857142857143
0.5135135135135135
0.6
0.6
0.6
0.7777777777777778
0.4523809523809524
0.45555555555555555
0.16666666666666666
0.5895522388059702
0.45454545454545453
0.2804878048780488
0.4482758620689655
0.34285714285714286
0.5060240963855421
0.8461538461538461
0.5465116279069767
0.6851851851851852
0.7096774193548387
0.20967741935483872
0.2857142857142857
0.3148148148148148
0.3684210526315789
0.4696969696969697
0.7647058823529411
0.11538461538461539
0.7435897435897436
0.5352941176470588
0.3490566037735849
0.5588235294117647
0.14705882352941177
0.7894736842105263
0.6627906976744186
0.45918367346938777
0.2714285714285714
0.27586206896551724
0.38095238095238093
0.30952380952380953
0.46296296296296297
0.7741935483870968
0.4387755102040816
0.6
0.5
0.6
0.4857142857142857
0.6162790697674418
0.3582089552238806
0.2
0.5149253731343284
0.2413793103448276
0.5842696629213483
0.5344827586206896
0.2631578947368421
0.8666666666666667
0.23529411764705882
0.5
0.58
0.8372093023255814
0.30952380952380953
0.7878787878787878
0.6896551724137931
0.6037735849056604
0.07142857142857142
0.391304347826087
0.20588235294117646
0.4186046511627907
0.4782608695652174
0.36792452830188677
0.43548387096774194
0.15384615384615385
0.0
0.34210526315789475
0.6111111111111112
0.42857142857142855
0.6216216216216216
0.5740740740740741
0.2222222222222222
0.07142857142857142
0.3103448275862069
0.3488372093023256
1.0
0.39655172413793105
0.43478260869565216
0.8666666666666667
0.8666666666666667
0.0
0.27540106951871657
0.41509433962264153
0.46
0.4727272727272727
0.5384615384615384
0.6621621621621622
0.5869565217391305
0.5280898876404494
0.2903225806451613
0.4411764705882353
0.35714285714285715
0.6818181818181818
0.45081967213114754
0.45454545454545453
0.17391304347826086
0.5135135135135135
0.45161290322580644
0.3076923076923077
0.4117647058823529
0.5425531914893617
0.6159420289855072
0.7611940298507462
0.7017543859649122
0.6636363636363637
0.26
0.30434782608695654
0.8260869565217391
0.92
0.34146341463414637
0.23170731707317074
0.15789473684210525
0.7142857142857143
0.5517241379310345
0.25925925925925924
0.15217391304347827
0.09090909090909091
0.0
0.2903225806451613
0.34210526315789475
0.7777777777777778
0.631578947368421
0.37037037037037035
0.7142857142857143
0.3181818181818182
0.2222222222222222
0.22727272727272727
0.2
0.2222222222222222
0.28688524590163933
0.2727272727272727
0.5545454545454546
0.5669291338582677
0.6162790697674418
0.9130434782608695
0.39655172413793105
0.631578947368421
0.7747252747252747
0.7333333333333333
0.6666666666666666
0.7894736842105263
0.47297297297297297
0.569620253164557
0.8461538461538461
0.6571428571428571
0.25925925925925924
0.6582278481012658
0.8627450980392157
0.635593220338983
0.45121951219512196
0.2903225806451613
0.5
0.3048780487804878
0.4295774647887324
0.6274509803921569
0.45714285714285713
0.3888888888888889
0.5740740740740741
0.5377358490566038
0.41935483870967744
0.5675675675675675
0.5882352941176471
0.4084507042253521
0.5229885057471264
0.5333333333333333
0.5425531914893617
0.42105263157894735
0.631578947368421
0.15384615384615385
0.5929203539823009
0.6578947368421053
0.5983606557377049
0.8461538461538461
0.4794520547945205
0.5074626865671642
0.5344827586206896
0.577922077922078
0.5098039215686274
0.4339622641509434
0.5943396226415094
0.3064516129032258
0.5102040816326531
0.28378378378378377
0.41935483870967744
0.5163934426229508
0.5692307692307692
0.38235294117647056
0.2
0.7777777777777778
0.8823529411764706
0.45098039215686275
0.4523809523809524
0.3620689655172414
0.5806451612903226
0.9259259259259259
0.6891891891891891
0.4207920792079208
0.16666666666666666
0.5
0.5740740740740741
0.9428571428571428
0.16666666666666666
0.36486486486486486
0.3556701030927835
0.5765765765765766
0.5222222222222223
0.5058823529411764
0.4576271186440678
0.2857142857142857
0.5434782608695652
0.35294117647058826
0.5641025641025641
0.8461538461538461
0.5222222222222223
0.6046511627906976
0.3939393939393939
0.38
0.7758620689655172
0.3
0.8823529411764706
0.7142857142857143
0.319672131147541
0.22413793103448276
0.23809523809523808
0.25925925925925924
0.6739130434782609
0.4787234042553192
0.21428571428571427
0.28888888888888886
0.5
0.16666666666666666
0.5
0.6329113924050633
0.6231884057971014
0.6285714285714286
0.8181818181818182
1.0
0.0
0.5
0.30158730158730157
0.5531914893617021
0.5512820512820513
0.7
0.8666666666666667
0.5333333333333333
0.8666666666666667
0.8181818181818182
0.7142857142857143
0.92
0.9354838709677419
0.5333333333333333
0.5641025641025641
0.47058823529411764
0.16666666666666666
0.5927835051546392
0.5
0.3157894736842105
0.26666666666666666
0.35135135135135137
0.6451612903225806
0.4482758620689655
0.7567567567567568
0.48148148148148145
0.5
0.3448275862068966
0.5526315789473685
0.4528301886792453
0.4411764705882353
0.7407407407407407
0.5
0.45555555555555555
0.37662337662337664
0.2727272727272727
0.38202247191011235
0.6111111111111112
0.2826086956521739
0.3504273504273504
0.6935483870967742
0.6923076923076923
0.21739130434782608
0.4032258064516129
0.3
0.8518518518518519
0.14705882352941177
0.6111111111111112
0.47619047619047616
0.42727272727272725
0.574468085106383
0.2647058823529412
0.7564102564102564
0.5
0.7333333333333333
0.4111111111111111
0.45384615384615384
0.5518518518518518
0.8461538461538461
0.5217391304347826
0.3888888888888889
0.4864864864864865
0.7543859649122807
0.8064516129032258
0.603448275862069
0.4803921568627451
0.24444444444444444
0.7898550724637681
0.6935483870967742
0.2222222222222222
0.32926829268292684
0.36619718309859156
0.652542372881356
0.3559322033898305
0.6129032258064516
0.4415204678362573
0.6666666666666666
0.5204081632653061
0.5181818181818182
0.42105263157894735
0.3333333333333333
0.38
0.0
0.3333333333333333
0.0
0.5882352941176471
0.15789473684210525
0.34285714285714286
0.5666666666666667
0.4
0.4857142857142857
0.3484848484848485
0.22727272727272727
0.5434782608695652
0.42105263157894735
0.4418604651162791
0.38235294117647056
0.16666666666666666
0.5
0.2631578947368421
0.8947368421052632
0.46551724137931033
0.5
0.44
0.5
0.8918918918918919
0.5428571428571428
0.27586206896551724
0.5128205128205128
0.42
0.42
0.37142857142857144
0.3076923076923077
0.5526315789473685
0.42696629213483145
0.5116279069767442
0.8627450980392157
0.16666666666666666
0.41025641025641024
0.5789473684210527
0.4090909090909091
0.5512820512820513
0.5957446808510638
0.4827586206896552
0.8461538461538461
0.5
0.3333333333333333
0.5
0.32
0.6351351351351351
0.7741935483870968
0.44
0.2826086956521739
0.3712574850299401
0.16666666666666666
0.5882352941176471
0.5925925925925926
0.2222222222222222
0.6666666666666666
0.3333333333333333
0.35714285714285715
0.13333333333333333
0.6
0.8181818181818182
0.4189189189189189
0.19230769230769232
0.6
0.37037037037037035
0.5675675675675675
0.47435897435897434
0.2619047619047619
0.4523809523809524
0.8181818181818182
0.5
0.7727272727272727
0.5882352941176471
0.2826086956521739
0.8823529411764706
0.5714285714285714
0.22
0.35135135135135137
0.8947368421052632
0.32857142857142857
0.2894736842105263
0.524390243902439
0.6170212765957447
0.2826086956521739
0.3333333333333333
0.9130434782608695
0.42857142857142855
0.4523809523809524
0.559322033898305
0.6363636363636364
0.6363636363636364
0.527027027027027
0.3684210526315789
0.453781512605042
0.711864406779661
0.5392156862745098
0.6206896551724138
0.45698924731182794
0.38311688311688313
0.5952380952380952
0.6
0.5
0.3
0.5
0.5
0.3333333333333333
0.1111111111111111
0.6
0.7142857142857143
0.6
0.6
0.6
0.7777777777777778
0.2222222222222222
0.23529411764705882
0.3
0.6
0.5555555555555556
0.5
0.5
0.5
0.4090909090909091
0.2
0.3780487804878049
0.4888888888888889
0.1891891891891892
0.43617021276595747
0.391304347826087
0.35714285714285715
0.48484848484848486
0.391304347826087
0.2926829268292683
0.6111111111111112
0.7142857142857143
0.5
0.3356164383561644
0.6333333333333333
0.3898305084745763
0.3108108108108108
0.46
0.35714285714285715
0.7777777777777778
0.48717948717948717
0.5925925925925926
0.6410256410256411
0.5285714285714286
0.32
0.5
0.9259259259259259
0.1
0.7142857142857143
0.4714285714285714
0.6578947368421053
0.38235294117647056
0.44
1.0
0.7105263157894737
0.5538461538461539
0.5697674418604651
0.5
0.6325301204819277
0.41044776119402987
0.3
0.6756756756756757
0.5793650793650794
0.39473684210526316
0.16666666666666666
0.3208955223880597
0.35507246376811596
0.44545454545454544
0.8461538461538461
0.48739495798319327
0.2
0.2777777777777778
0.4111111111111111
0.3333333333333333
0.49206349206349204
0.2
0.6
0.7777777777777778
0.4090909090909091
0.30952380952380953
0.47058823529411764
0.4576271186440678
0.48
0.26
0.2619047619047619
0.8571428571428571
0.45652173913043476
0.5434782608695652
0.45652173913043476
0.3148148148148148
0.19230769230769232
0.36046511627906974
0.4457831325301205
0.16666666666666666
0.43243243243243246
0.16666666666666666
0.4
0.4090909090909091
0.92
0.3333333333333333
0.4666666666666667
0.3888888888888889
0.7777777777777778
0.23333333333333334
0.38461538461538464
0.7142857142857143
0.5689655172413793
0.7272727272727273
0.64
0.7878787878787878
0.6428571428571429
0.5555555555555556
0.3888888888888889
0.2692307692307692
0.49019607843137253
0.46
0.3873239436619718
0.3157894736842105
0.3
0.5135135135135135
0.3793103448275862
0.47435897435897434
0.5204081632653061
0.7049180327868853
0.23076923076923078
0.5588235294117647
0.4
0.5882352941176471
0.8666666666666667
0.7558139534883721
0.5909090909090909
0.7444444444444445
0.9459459459459459
0.5306122448979592
0.5652173913043478
0.6224489795918368
0.6
0.3111111111111111
0.6956521739130435
0.47619047619047616
0.43103448275862066
0.5084745762711864
0.22
0.3163265306122449
0.3787878787878788
0.47560975609756095
0.3181818181818182
0.9310344827586207
0.54
0.6578947368421053
0.72
0.6666666666666666
0.5714285714285714
0.7571428571428571
0.4864864864864865
0.43023255813953487
0.6792452830188679
0.6129032258064516
0.47619047619047616
0.5454545454545454
0.6216216216216216
0.8666666666666667
0.6739130434782609
0.7741935483870968
0.5
0.6764705882352942
0.35714285714285715
0.8823529411764706
0.7407407407407407
0.3709677419354839
0.6521739130434783
0.46
0.6159420289855072
0.23684210526315788
0.42857142857142855
0.5
0.47560975609756095
0.0
0.0
0.16666666666666666
0.2857142857142857
0.0
0.0
0.0
0.29310344827586204
0.6491228070175439
0.5
0.8260869565217391
0.2727272727272727
0.5
0.0
0.2857142857142857
0.5
0.4888888888888889
0.41379310344827586
0.2631578947368421
0.7777777777777778
0.7407407407407407
0.6333333333333333
0.42105263157894735
0.5
0.43333333333333335
0.5714285714285714
0.6116504854368932
0.3064516129032258
0.3076923076923077
0.6842105263157895
0.6551724137931034
0.8709677419354839
0.72
0.2903225806451613
0.7777777777777778
0.3888888888888889
0.45454545454545453
0.603448275862069
0.9047619047619048
0.6333333333333333
0.6956521739130435
0.6666666666666666
0.4032258064516129
0.25862068965517243
0.5333333333333333
0.4090909090909091
0.2631578947368421
0.30952380952380953
0.5185185185185185
0.6818181818181818
0.4230769230769231
0.47619047619047616
0.5675675675675675
0.3333333333333333
0.39473684210526316
0.3275862068965517
0.26666666666666666
0.2619047619047619
0.3695652173913043
0.9054054054054054
0.8823529411764706
0.7063492063492064
0.43023255813953487
0.4716981132075472
0.696078431372549
0.47959183673469385
0.5930232558139535
0.9393939393939394
0.5363636363636364
0.6948051948051948
0.8444444444444444
0.5571428571428572
0.6134020618556701
0.9574468085106383
0.7209302325581395
0.5714285714285714
0.5232558139534884
0.38961038961038963
0.45384615384615384
0.22340425531914893
0.38961038961038963
0.35294117647058826
0.2710843373493976
0.9047619047619048
0.3163265306122449
0.5555555555555556
0.48148148148148145
0.5151515151515151
0.3333333333333333
0.36
0.23333333333333334
0.5
0.5
0.6363636363636364
0.36666666666666664
0.5666666666666667
0.7666666666666667
0.3108108108108108
0.3
0.0
0.5
0.5
0.6666666666666666
0.698019801980198
0.5816326530612245
0.2
0.4411764705882353
0.47560975609756095
0.5983606557377049
0.6896551724137931
0.7142857142857143
0.42105263157894735
0.36666666666666664
0.40816326530612246
0.3888888888888889
0.39655172413793105
0.42857142857142855
0.7142857142857143
0.16666666666666666
0.6923076923076923
0.19230769230769232
0.5925925925925926
0.0
0.7
0.3333333333333333
0.48
0.5303030303030303
0.4594594594594595
0.2818181818181818
0.26
0.3157894736842105
0.5
0.2647058823529412
0.7586206896551724
0.7777777777777778
0.5666666666666667
0.6379310344827587
0.4523809523809524
0.6904761904761905
0.5967741935483871
0.2948717948717949
0.6216216216216216
0.6666666666666666
0.5
0.2222222222222222
0.6
0.6724137931034483
0.7777777777777778
0.4090909090909091
0.9393939393939394
0.4482758620689655
0.5967741935483871
0.3181818181818182
0.43333333333333335
0.3888888888888889
0.5925925925925926
0.696078431372549
0.8666666666666667
0.6428571428571429
0.6578947368421053
0.4782608695652174
0.29310344827586204
0.3142857142857143
0.5
0.6
0.6904761904761905
0.3333333333333333
0.3484848484848485
0.48148148148148145
0.6111111111111112
0.8260869565217391
0.47560975609756095
0.6216216216216216
0.6956521739130435
0.5
0.3275862068965517
0.8666666666666667
0.34
0.47058823529411764
0.3902439024390244
0.35365853658536583
0.5925925925925926
0.42
0.2441860465116279
0.47058823529411764
0.72
0.476
0.6714285714285714
0.4716312056737589
0.29591836734693877
0.16666666666666666
0.3333333333333333
0.2571428571428571
0.6142857142857143
0.43333333333333335
0.5425531914893617
0.7692307692307693
0.5454545454545454
0.35185185185185186
0.6923076923076923
1.0
0.29310344827586204
0.39209726443769
0.5076923076923077
0.5158730158730159
0.39473684210526316
0.3735632183908046
0.43478260869565216
0.5918367346938775
0.6333333333333333
0.5925925925925926
0.39655172413793105
0.23684210526315788
0.40476190476190477
0.4117647058823529
0.8181818181818182
0.22727272727272727
0.5370370370370371
0.8292682926829268
0.7142857142857143
0.6379310344827587
0.42
0.43636363636363634
0.5689655172413793
0.2
0.6060606060606061
0.7096774193548387
0.47619047619047616
0.3
0.5930232558139535
0.2
0.5
0.6333333333333333
0.7448979591836735
0.7777777777777778
0.5405405405405406
0.5769230769230769
0.5294117647058824
0.2619047619047619
0.16666666666666666
0.38571428571428573
0.43846153846153846
0.21428571428571427
0.5641025641025641
0.3787878787878788
0.5
0.5350877192982456
0.3333333333333333
0.5614035087719298
0.7777777777777778
0.2857142857142857
0.0
0.14285714285714285
0.14516129032258066
0.6428571428571429
0.36486486486486486
0.7142857142857143
0.5483870967741935
0.8205128205128205
0.5
0.5862068965517241
0.7181818181818181
0.4230769230769231
0.8666666666666667
0.30303030303030304
0.559322033898305
0.648936170212766
0.3968253968253968
0.6571428571428571
0.6621621621621622
0.8823529411764706
0.42105263157894735
0.07142857142857142
0.46153846153846156
0.6507936507936508
0.5581395348837209
0.4406779661016949
0.6382113821138211
0.6176470588235294
0.5
0.0
0.8108108108108109
0.6666666666666666
0.4489795918367347
0.8823529411764706
0.32608695652173914
0.5263157894736842
0.5
0.38461538461538464
0.6333333333333333
0.5
0.631578947368421
0.2692307692307692
0.46153846153846156
0.5714285714285714
0.3181818181818182
0.5555555555555556
0.2857142857142857
0.6764705882352942
0.45121951219512196
0.4090909090909091
0.74
0.7142857142857143
0.5882352941176471
0.8095238095238095
0.35294117647058826
0.5
0.6857142857142857
0.38
0.6111111111111112
0.5882352941176471
0.7142857142857143
0.2222222222222222
0.8461538461538461
0.8181818181818182
0.6666666666666666
0.38
0.7142857142857143
0.4
0.6
0.48717948717948717
0.6506849315068494
0.6333333333333333
0.3548387096774194
0.4
0.7021276595744681
0.6530612244897959
0.25862068965517243
0.0
0.8225806451612904
0.14285714285714285
0.4896907216494845
0.5952380952380952
0.8103448275862069
0.07142857142857142
0.6234567901234568
0.7456140350877193
0.0
0.6509433962264151
0.3787878787878788
0.16666666666666666
0.42857142857142855
0.6923076923076923
0.62
0.34210526315789475
0.7441860465116279
0.5862068965517241
0.4
0.3333333333333333
0.7142857142857143
0.8181818181818182
0.6296296296296297
0.5666666666666667
0.3333333333333333
0.5555555555555556
0.8823529411764706
0.16666666666666666
0.0
0.07142857142857142
0.09090909090909091
0.13513513513513514
0.41836734693877553
0.8857142857142857
0.5540540540540541
0.6885245901639344
0.4691358024691358
0.8461538461538461
0.45161290322580644
0.23684210526315788
0.11764705882352941
0.0
0.5362318840579711
0.7311827956989247
0.44805194805194803
0.8292682926829268
0.5862068965517241
0.5652173913043478
0.0
0.0
0.16666666666666666
0.0
0.6
0.14285714285714285
0.4827586206896552
0.5566037735849056
0.3870967741935484
0.3448275862068966
0.6395348837209303
0.48
0.5172413793103449
0.48717948717948717
0.5609756097560976
0.9259259259259259
0.4142857142857143
0.5
0.0
0.2549019607843137
0.6164383561643836
0.5
0.2894736842105263
0.6733333333333333
0.6666666666666666
0.631578947368421
0.5454545454545454
0.7424242424242424
0.7105263157894737
0.5882352941176471
0.2765957446808511
0.48717948717948717
0.8428571428571429
0.49230769230769234
0.6219512195121951
0.6111111111111112
0.6228070175438597
0.0
0.0
0.42105263157894735
0.4032258064516129
0.5
0.5929203539823009
0.3333333333333333
0.8133333333333334
0.3333333333333333
0.6170212765957447
0.6587301587301587
0.3888888888888889
0.1
0.5303030303030303
0.9047619047619048
0.6754385964912281
0.6379310344827587
0.6509433962264151
0.29411764705882354
0.5886075949367089
0.5604395604395604
0.9047619047619048
0.16666666666666666
0.16666666666666666
0.6
0.35185185185185186
0.48148148148148145
0.5037037037037037
0.2076923076923077
0.6025641025641025
0.8461538461538461
0.5512820512820513
0.3333333333333333
0.0
0.3333333333333333
0.6568627450980392
0.5230769230769231
0.6379310344827587
0.6666666666666666
0.7285714285714285
0.2894736842105263
0.8823529411764706
0.4090909090909091
0.2826086956521739
0.6956521739130435
0.6621621621621622
0.6162790697674418
0.3923076923076923
0.5
0.0
0.6666666666666666
0.631578947368421
0.6595744680851063
0.6756756756756757
0.5428571428571428
0.5161290322580645
0.9428571428571428
0.19230769230769232
0.3103448275862069
0.34285714285714286
0.7380952380952381
0.46153846153846156
0.3484848484848485
0.6666666666666666
0.6666666666666666
0.6025641025641025
0.5816326530612245
0.572463768115942
0.6865671641791045
0.37209302325581395
0.5510204081632653
0.66
0.8823529411764706
0.8137254901960784
0.35714285714285715
0.5364238410596026
0.5405405405405406
0.4074074074074074
0.36363636363636365
0.5542168674698795
0.5588235294117647
0.47297297297297297
0.8823529411764706
0.8947368421052632
0.6
0.5263157894736842
0.9259259259259259
0.8571428571428571
0.6111111111111112
0.8666666666666667
0.5333333333333333
0.8703703703703703
0.47560975609756095
0.7333333333333333
0.7153846153846154
0.46226415094339623
0.6470588235294118
0.5
0.5909090909090909
0.7567567567567568
0.4
0.5714285714285714
0.9607843137254902
0.5789473684210527
0.6138211382113821
0.5918367346938775
0.74
0.7666666666666667
0.5447761194029851
0.4117647058823529
0.6829268292682927
0.6585365853658537
0.6891891891891891
0.527027027027027
0.5964912280701754
0.5461538461538461
0.4090909090909091
0.5
0.44285714285714284
0.92
0.5303030303030303
0.5
0.9310344827586207
0.3484848484848485
0.6
0.4883720930232558
0.527027027027027
0.46551724137931033
0.45652173913043476
0.5
0.4523809523809524
0.23333333333333334
0.5
0.34210526315789475
0.08695652173913043
0.5185185185185185
0.21739130434782608
0.3939393939393939
0.2647058823529412
0.5851063829787234
0.28378378378378377
0.2619047619047619
0.7142857142857143
0.25925925925925924
0.5
0.3235294117647059
0.5
0.25862068965517243
0.5714285714285714
0.4222222222222222
0.6818181818181818
0.6063829787234043
0.2857142857142857
0.4090909090909091
0.4716981132075472
0.5
0.5534591194968553
0.5
0.5056497175141242
0.1
0.7377049180327869
0.54
0.48717948717948717
0.5319148936170213
0.5957446808510638
0.5655737704918032
0.3673469387755102
0.6379310344827587
0.6818181818181818
0.30666666666666664
0.4176470588235294
0.35714285714285715
0.38
0.6941176470588235
0.3939393939393939
0.42592592592592593
0.45977011494252873
0.20967741935483872
0.41509433962264153
0.4764705882352941
0.41333333333333333
0.24390243902439024
0.6097560975609756
0.5396825396825397
0.4148936170212766
0.64
0.3488372093023256
0.5816326530612245
0.594059405940594
0.7325581395348837
0.7
0.6698113207547169
0.4230769230769231
0.7962962962962963
0.7804878048780488
0.7602739726027398
0.2978723404255319
0.0
0.5151515151515151
0.8658536585365854
0.6818181818181818
0.5632183908045977
0.6139240506329114
0.47560975609756095
0.8813559322033898
0.2857142857142857
0.38823529411764707
0.8571428571428571
0.3333333333333333
0.4716981132075472
0.7407407407407407
0.4846153846153846
0.5116279069767442
0.7580645161290323
0.5512820512820513
0.6896551724137931
0.2
0.0
0.5172413793103449
0.5666666666666667
0.8923076923076924
0.7142857142857143
0.7428571428571429
0.6595744680851063
0.6744186046511628
0.3333333333333333
0.5223880597014925
0.8
0.8444444444444444
0.5555555555555556
0.3333333333333333
0.391304347826087
0.5714285714285714
0.8666666666666667
0.6
0.35294117647058826
0.23529411764705882
0.5263157894736842
0.9047619047619048
0.4473684210526316
0.7272727272727273
0.21428571428571427
0.6046511627906976
0.631578947368421
0.4
0.21428571428571427
0.42857142857142855
0.631578947368421
0.8461538461538461
0.8
0.581081081081081
1.0
0.5952380952380952
0.7586206896551724
0.5714285714285714
0.3404255319148936
0.5384615384615384
0.6956521739130435
0.48717948717948717
0.64
0.4
0.6238095238095238
0.4074074074074074
0.7192982456140351
0.5866666666666667
0.9487179487179487
0.25384615384615383
0.5
0.5818181818181818
0.7777777777777778
0.9487179487179487
0.5606060606060606
0.3939393939393939
0.711864406779661
0.9459459459459459
0.56
0.6290322580645161
0.8372093023255814
0.7272727272727273
0.36363636363636365
0.7962962962962963
0.8292682926829268
0.9354838709677419
0.42592592592592593
0.5853658536585366
0.6379310344827587
0.6086956521739131
0.3620689655172414
0.3783783783783784
0.6176470588235294
0.6956521739130435
0.36
0.3888888888888889
0.7553191489361702
0.3717948717948718
0.25675675675675674
0.4
0.6379310344827587
0.5116279069767442
0.3783783783783784
0.5487804878048781
0.5490196078431373
0.6666666666666666
0.5945945945945946
0.6333333333333333
0.42857142857142855
0.41304347826086957
0.5757575757575758
0.3333333333333333
0.8103448275862069
0.3333333333333333
0.5675675675675675
0.6555555555555556
0.6470588235294118
0.5945945945945946
0.6511627906976745
0.5862068965517241
0.5952380952380952
0.9047619047619048
0.8378378378378378
0.4473684210526316
0.6744186046511628
0.6212121212121212
0.35365853658536583
0.5714285714285714
0.47619047619047616
0.5
0.4215686274509804
0.43333333333333335
0.7741935483870968
0.6511627906976745
0.6764705882352942
0.8461538461538461
0.7017543859649122
0.3333333333333333
0.20512820512820512
0.5098039215686274
0.2727272727272727
0.5283018867924528
0.41379310344827586
0.3333333333333333
0.8666666666666667
0.8260869565217391
0.2857142857142857
0.8260869565217391
0.7
0.8823529411764706
0.9047619047619048
0.6216216216216216
0.5714285714285714
0.6351351351351351
0.7592592592592593
0.5638297872340425
0.4523809523809524
0.6923076923076923
0.92
0.5612244897959183
0.5263157894736842
0.7545454545454545
0.8518518518518519
0.6754385964912281
0.0
0.6111111111111112
0.6588235294117647
0.7653061224489796
0.45098039215686275
0.4253731343283582
0.5434782608695652
0.5615384615384615
0.6
0.7407407407407407
0.6904761904761905
0.2692307692307692
0.5434782608695652
0.6595744680851063
0.8823529411764706
0.3333333333333333
0.6578947368421053
0.7846153846153846
0.5555555555555556
0.4523809523809524
0.7906976744186046
0.5
0.6764705882352942
0.5666666666666667
0.72
0.7
0.5
0.7469135802469136
0.6741573033707865
0.6206896551724138
0.8205128205128205
0.8589743589743589
0.7446808510638298
0.4090909090909091
0.6764705882352942
0.41379310344827586
0.22
0.28888888888888886
0.7162162162162162
0.54
0.6025641025641025
0.41379310344827586
0.5652173913043478
0.5142857142857142
0.5434782608695652
0.8163265306122449
0.24324324324324326
0.74
0.5263157894736842
0.4696969696969697
0.3333333333333333
0.14285714285714285
0.6612903225806451
0.37142857142857144
0.41304347826086957
0.696969696969697
0.46774193548387094
0.5727272727272728
0.78
0.8947368421052632
0.8181818181818182
0.5
0.0
0.6129032258064516
0.627906976744186
0.7674418604651163
0.6585365853658537
0.6938775510204082
0.8205128205128205
0.7439024390243902
0.35714285714285715
0.39655172413793105
0.8823529411764706
0.7816901408450704
0.3333333333333333
0.5
0.7325581395348837
0.391304347826087
0.6170212765957447
0.6612903225806451
0.7567567567567568
0.6190476190476191
0.7307692307692307
0.7538461538461538
0.5238095238095238
0.7
0.6956521739130435
0.8
0.8518518518518519
0.7777777777777778
0.7372881355932204
0.7735849056603774
0.7272727272727273
0.581081081081081
0.5571428571428572
0.6923076923076923
0.6951219512195121
0.6595744680851063
0.44
0.47435897435897434
0.44594594594594594
0.6219512195121951
0.4230769230769231
0.6463414634146342
0.56
0.4178082191780822
0.6621621621621622
0.6724137931034483
0.5476190476190477
0.7659574468085106
0.6555555555555556
0.7741935483870968
0.4482758620689655
0.7727272727272727
0.6
0.5555555555555556
0.6486486486486487
0.8823529411764706
0.6545454545454545
0.38596491228070173
0.9047619047619048
0.6621621621621622
0.7605633802816901
0.5526315789473685
0.07142857142857142
0.7380952380952381
0.5333333333333333
0.3469387755102041
0.6111111111111112
0.6666666666666666
0.6176470588235294
0.2962962962962963
0.29411764705882354
0.5555555555555556
0.44
0.43243243243243246
0.8461538461538461
0.18181818181818182
0.6714285714285714
0.43548387096774194
0.41304347826086957
0.6333333333333333
0.3695652173913043
0.7142857142857143
0.15384615384615385
0.5151515151515151
0.30303030303030304
0.7142857142857143
0.24
0.8461538461538461
0.2647058823529412
0.3333333333333333
0.5666666666666667
0.7142857142857143
0.32608695652173914
0.8947368421052632
0.6
0.8823529411764706
0.34782608695652173
0.5405405405405406
0.7608695652173914
0.7777777777777778
0.4117647058823529
0.8461538461538461
0.3888888888888889
0.3888888888888889
0.66
0.6466666666666666
0.5
0.6720430107526881
0.6721311475409836
0.16666666666666666
0.34782608695652173
0.5483870967741935
0.5
0.22857142857142856
0.8947368421052632
0.3333333333333333
0.45652173913043476
0.3358208955223881
0.41379310344827586
0.6129032258064516
0.47619047619047616
0.603448275862069
0.54
0.48
0.43103448275862066
0.56
0.46153846153846156
0.4782608695652174
0.36363636363636365
0.7380952380952381
0.36507936507936506
0.8181818181818182
0.5
0.8372093023255814
0.6212121212121212
0.6140350877192983
0.6956521739130435
0.5
0.648854961832061
0.4787234042553192
0.9682539682539683
0.5149253731343284
0.6888888888888889
0.5909090909090909
0.4032258064516129
0.4117647058823529
0.4074074074074074
0.16666666666666666
0.4857142857142857
0.5769230769230769
0.5882352941176471
0.9259259259259259
0.6721311475409836
0.5555555555555556
0.5348837209302325
0.7254901960784313
0.58
0.6981132075471698
0.3684210526315789
0.6666666666666666
0.7105263157894737
0.43333333333333335
0.92
0.8181818181818182
0.6666666666666666
0.9130434782608695
0.3181818181818182
0.5675675675675675
0.5434782608695652
0.41379310344827586
0.3333333333333333
0.3
0.6702127659574468
0.5666666666666667
0.7777777777777778
0.7777777777777778
0.6176470588235294
0.7647058823529411
0.43478260869565216
0.8181818181818182
0.0
0.6
0.6333333333333333
0.42
0.8947368421052632
0.8260869565217391
0.1
0.6896551724137931
0.8333333333333334
0.4268292682926829
0.24509803921568626
0.6666666666666666
0.45081967213114754
0.5319148936170213
0.8461538461538461
0.16666666666666666
0.5769230769230769
0.6204819277108434
0.5847457627118644
0.391304347826087
0.5
0.6956521739130435
0.37209302325581395
0.58
0.3333333333333333
0.0
0.16666666666666666
0.8461538461538461
0.6086956521739131
0.5882352941176471
0.6666666666666666
0.6176470588235294
0.6379310344827587
0.5365853658536586
0.37777777777777777
0.7741935483870968
0.6216216216216216
0.40476190476190477
0.4
0.5
0.0
0.5510204081632653
0.58
0.5703703703703704
0.6687116564417178
0.5042735042735043
0.2647058823529412
0.30434782608695654
0.7105263157894737
0.7142857142857143
0.6666666666666666
0.8947368421052632
0.3148148148148148
0.4444444444444444
0.7818181818181819
0.26666666666666666
0.46923076923076923
0.6956521739130435
0.5943396226415094
0.7142857142857143
0.6666666666666666
0.7666666666666667
0.7586206896551724
0.5714285714285714
1.0
0.9692307692307692
0.44545454545454544
0.7380952380952381
0.8666666666666667
0.37777777777777777
0.5952380952380952
0.6086956521739131
0.72
0.8461538461538461
0.92
0.358974358974359
0.7962962962962963
0.2647058823529412
0.7586206896551724
0.6351351351351351
0.8617021276595744
0.6891891891891891
0.5333333333333333
0.84
0.7142857142857143
0.2647058823529412
0.15789473684210525
0.4032258064516129
0.5769230769230769
0.2727272727272727
0.6923076923076923
0.8225806451612904
0.5757575757575758
0.3333333333333333
0.6086956521739131
0.3953488372093023
0.717391304347826
0.9047619047619048
0.8108108108108109
0.6764705882352942
0.3368421052631579
0.23076923076923078
0.16666666666666666
0.6111111111111112
0.3888888888888889
0.5566037735849056
0.7777777777777778
0.7666666666666667
0.5666666666666667
0.48717948717948717
0.5
0.35294117647058826
0.7647058823529411
0.3333333333333333
0.6296296296296297
0.7142857142857143
0.7380952380952381
0.6176470588235294
0.3888888888888889
0.7254901960784313
0.47058823529411764
0.3333333333333333
0.6956521739130435
0.3333333333333333
0.07142857142857142
0.3442622950819672
0.46825396825396826
0.46
0.4065934065934066
0.5363636363636364
0.3735632183908046
0.8666666666666667
0.0
0.0
0.6714285714285714
0.8225806451612904
0.9393939393939394
0.7755102040816326
0.72
0.43258426966292135
0.4888888888888889
0.6395348837209303
0.6
0.6
0.6493506493506493
0.5363636363636364
0.5
0.545045045045045
0.5617977528089888
0.8725490196078431
0.5918367346938775
0.7608695652173914
0.4473684210526316
0.5697674418604651
0.45652173913043476
0.42592592592592593
0.46774193548387094
0.7878787878787878
0.8095238095238095
0.9310344827586207
0.8181818181818182
0.78
0.3
0.9555555555555556
0.8
0.7318840579710145
0.34285714285714286
0.45161290322580644
0.5857142857142857
0.2608695652173913
0.43478260869565216
0.2727272727272727
0.5
0.5909090909090909
0.6129032258064516
0.39655172413793105
0.4634146341463415
0.528169014084507
0.5882352941176471
0.7380952380952381
0.5609756097560976
0.7878787878787878
0.48148148148148145
0.5272727272727272
0.4322033898305085
0.6702127659574468
0.9459459459459459
0.37254901960784315
0.5333333333333333
0.54
0.4574468085106383
0.7702702702702703
0.5540540540540541
0.5365853658536586
0.5476190476190477
0.5777777777777777
0.4888888888888889
0.5294117647058824
0.4883720930232558
0.5897435897435898
0.8260869565217391
0.5769230769230769
0.6290322580645161
0.5813953488372093
0.4936708860759494
0.3333333333333333
0.4146341463414634
0.5614035087719298
0.5217391304347826
0.14285714285714285
0.4489795918367347
0.3448275862068966
0.8666666666666667
0.4857142857142857
0.3
0.5434782608695652
0.2894736842105263
0.5
0.7105263157894737
0.7073170731707317
0.527027027027027
0.41304347826086957
0.7333333333333333
0.72
0.5409836065573771
0.2826086956521739
0.6764705882352942
0.5384615384615384
0.46774193548387094
0.5588235294117647
0.9259259259259259
0.6
0.5405405405405406
0.5405405405405406
0.66
0.5769230769230769
0.9130434782608695
0.8666666666666667
0.2894736842105263
0.5606060606060606
0.5
0.5818181818181818
0.42592592592592593
0.6714285714285714
0.5263157894736842
0.8823529411764706
0.23376623376623376
0.09090909090909091
0.6296296296296297
0.4307692307692308
0.6176470588235294
0.4523809523809524
0.8947368421052632
0.8666666666666667
0.38095238095238093
0.92
0.5217391304347826
0.5930232558139535
0.0
0.5348837209302325
0.6756756756756757
0.7586206896551724
0.8181818181818182
0.5925925925925926
0.5263157894736842
0.5
0.5952380952380952
0.5757575757575758
0.6956521739130435
0.8461538461538461
0.4090909090909091
0.8108108108108109
0.43023255813953487
0.6206896551724138
0.6986301369863014
0.45161290322580644
0.7777777777777778
0.5652173913043478
0.43023255813953487
0.4594594594594595
0.7407407407407407
0.35365853658536583
0.41044776119402987
0.2647058823529412
0.48484848484848486
0.3
0.6176470588235294
0.58
0.4594594594594595
0.6352941176470588
0.6182795698924731
0.5
0.823076923076923
0.8585858585858586
0.6956521739130435
0.8015873015873016
0.6046511627906976
0.6
0.7459016393442623
0.6545454545454545
0.4025974025974026
0.7
0.1724137931034483
0.5666666666666667
0.5569620253164557
0.4387755102040816
0.6595744680851063
0.4393939393939394
0.3157894736842105
0.5272727272727272
0.4827586206896552
0.41304347826086957
0.7931034482758621
0.5531914893617021
0.7454545454545455
0.631578947368421
0.3333333333333333
0.5789473684210527
0.0
0.8181818181818182
0.8461538461538461
0.3258426966292135
0.4745762711864407
0.5515463917525774
0.6455696202531646
0.7294117647058823
0.7903225806451613
0.5263157894736842
0.5
0.4897959183673469
0.6333333333333333
0.6666666666666666
0.8108108108108109
0.7407407407407407
0.4383561643835616
0.7906976744186046
0.6896551724137931
0.6271186440677966
0.8225806451612904
0.4189189189189189
0.3235294117647059
0.7454545454545455
0.4
0.92
0.4148936170212766
0.5704225352112676
0.8823529411764706
0.7586206896551724
0.3333333333333333
0.7073170731707317
0.6571428571428571
0.6122448979591837
0.5245901639344263
0.9130434782608695
0.5
0.5571428571428572
0.2903225806451613
0.42592592592592593
0.42
0.5198019801980198
0.6271186440677966
0.41044776119402987
0.78
0.5142857142857142
0.72
0.4074074074074074
0.5217391304347826
0.6
0.21052631578947367
0.29411764705882354
0.6142857142857143
0.21052631578947367
0.29591836734693877
0.4
0.7209302325581395
0.7413793103448276
0.7473118279569892
0.8823529411764706
0.42857142857142855
0.4827586206896552
0.5784313725490197
0.603448275862069
0.6507936507936508
0.44871794871794873
0.34285714285714286
0.35365853658536583
0.38372093023255816
0.54
0.0
0.6
0.6263157894736842
0.5562913907284768
0.5069204152249135
0.5477707006369427
0.48717948717948717
0.5449438202247191
0.64
0.49122807017543857
0.9512195121951219
0.7111111111111111
0.6147540983606558
0.5128205128205128
0.46226415094339623
0.9066666666666666
0.5
0.532258064516129
0.5327868852459017
0.5365853658536586
0.7073170731707317
0.6595744680851063
0.7888888888888889
0.41836734693877553
0.6392405063291139
0.0
0.48484848484848486
0.5689655172413793
0.851063829787234
0.45454545454545453
0.5
0.8085106382978723
0.7127659574468085
0.4
0.5957446808510638
0.7075471698113207
0.9591836734693877
0.48739495798319327
0.5657142857142857
0.5471698113207547
0.7906976744186046
0.2222222222222222
0.8666666666666667
0.5
0.5769230769230769
0.18421052631578946
0.6764705882352942
0.5869565217391305
0.4411764705882353
0.3793103448275862
0.4
0.76
0.7333333333333333
0.43209876543209874
0.3888888888888889
0.7692307692307693
0.43333333333333335
0.6904761904761905
0.7641509433962265
0.4426229508196721
0.8823529411764706
0.6176470588235294
0.7692307692307693
0.6395348837209303
0.8947368421052632
0.6101694915254238
0.5967741935483871
0.5823529411764706
0.5933333333333334
0.6594202898550725
0.16666666666666666
0.6229508196721312
0.4295774647887324
0.5064935064935064
0.3888888888888889
0.6
0.3333333333333333
0.16666666666666666
0.5
0.9428571428571428
0.45789473684210524
0.48484848484848486
0.46774193548387094
0.5211267605633803
0.8666666666666667
0.6363636363636364
0.3333333333333333
0.5588235294117647
0.5
0.5238095238095238
0.16129032258064516
0.40476190476190477
0.6276595744680851
0.6176470588235294
0.7
0.5465116279069767
0.3333333333333333
0.6
0.2972972972972973
0.3333333333333333
0.39473684210526316
0.3448275862068966
0.6052631578947368
0.5
0.46551724137931033
0.4418604651162791
0.6
0.8666666666666667
0.44871794871794873
0.6
0.8461538461538461
0.6702127659574468
0.35365853658536583
0.7741935483870968
0.42452830188679247
0.6578947368421053
0.6956521739130435
0.5196078431372549
0.4222222222222222
0.5666666666666667
0.5918367346938775
0.5153846153846153
0.5
0.3
0.1
0.5196078431372549
0.9393939393939394
0.48484848484848486
0.23684210526315788
0.48
0.5853658536585366
0.7878787878787878
0.8947368421052632
0.15384615384615385
0.7878787878787878
0.9354838709677419
0.78
0.8461538461538461
0.16666666666666666
0.07142857142857142
0.8823529411764706
0.631578947368421
0.5555555555555556
0.582089552238806
0.5588235294117647
0.9692307692307692
0.7444444444444445
0.6888888888888889
0.45454545454545453
0.8421052631578947
0.8666666666666667
0.7586206896551724
0.6176470588235294
0.5319148936170213
0.5545454545454546
0.5121951219512195
0.3076923076923077
0.5
0.47619047619047616
0.2857142857142857
0.5
0.717391304347826
0.7181818181818181
0.5714285714285714
0.6956521739130435
0.3333333333333333
0.7627118644067796
0.19230769230769232
0.16666666666666666
0.3333333333333333
0.92
0.7647058823529411
0.7586206896551724
0.5614035087719298
0.4782608695652174
0.5581395348837209
0.532258064516129
0.7906976744186046
0.8666666666666667
0.7209302325581395
0.7962962962962963
0.7142857142857143
0.0
0.7105263157894737
0.6578947368421053
0.9047619047619048
0.6744186046511628
0.35185185185185186
0.7586206896551724
0.7142857142857143
0.6956521739130435
0.7333333333333333
0.8181818181818182
0.7142857142857143
0.5
0.6835443037974683
0.6238095238095238
0.631578947368421
0.35294117647058826
0.524390243902439
0.14285714285714285
0.5428571428571428
0.6382978723404256
0.6794871794871795
0.22413793103448276
0.6857142857142857
0.7950819672131147
0.6927710843373494
0.6612903225806451
0.45161290322580644
0.7586206896551724
0.8461538461538461
0.5
0.0
0.7380952380952381
0.5285714285714286
0.6794871794871795
0.7333333333333333
0.6506849315068494
0.5882352941176471
0.45714285714285713
0.582089552238806
0.6153846153846154
0.7307692307692307
0.5813953488372093
0.508130081300813
0.2
0.7246376811594203
0.28378378378378377
0.64
0.8947368421052632
0.40476190476190477
0.573170731707317
0.6777777777777778
0.2826086956521739
0.5925925925925926
0.46923076923076923
0.35064935064935066
0.5153846153846153
0.4777777777777778
0.5
0.3974358974358974
0.3780487804878049
0.5384615384615384
0.6593406593406593
0.39473684210526316
0.22727272727272727
0.40594059405940597
0.32608695652173914
0.2948717948717949
0.5
0.2857142857142857
0.41935483870967744
0.6290322580645161
0.9130434782608695
0.5294117647058824
0.5094339622641509
0.5370370370370371
0.631578947368421
0.4857142857142857
0.6428571428571429
0.21052631578947367
0.6956521739130435
0.3695652173913043
0.803030303030303
0.8888888888888888
0.5338983050847458
0.6219512195121951
0.6451612903225806
0.47058823529411764
0.7586206896551724
0.7741935483870968
0.7962962962962963
0.6509433962264151
0.7027027027027027
0.7608695652173914
0.92
0.7435897435897436
0.8292682926829268
0.6194029850746269
0.6285714285714286
0.8333333333333334
0.4594594594594595
0.4691358024691358
0.44871794871794873
0.6518987341772152
0.6379310344827587
0.7397260273972602
0.7804878048780488
0.9393939393939394
0.58
0.6391304347826087
0.6666666666666666
0.6777777777777778
1.0
0.6111111111111112
0.43333333333333335
0.6111111111111112
0.9310344827586207
0.8372093023255814
0.3333333333333333
0.9047619047619048
0.4
0.9130434782608695
0.5238095238095238
0.8658536585365854
0.8461538461538461
0.7407407407407407
0.8461538461538461
0.7647058823529411
0.7
0.35714285714285715
0.37037037037037035
0.56
0.6
0.6363636363636364
0.6956521739130435
0.7209302325581395
0.8372093023255814
0.6410256410256411
0.7846153846153846
0.8627450980392157
0.9259259259259259
0.7380952380952381
0.52
0.8378378378378378
0.5769230769230769
0.42857142857142855
0.6666666666666666
0.7951807228915663
0.7021276595744681
0.64
0.72
0.6904761904761905
0.3548387096774194
0.6216216216216216
0.6666666666666666
0.8947368421052632
0.9130434782608695
0.8421052631578947
0.8461538461538461
0.41379310344827586
0.5
0.3867924528301887
0.7318840579710145
0.5068493150684932
0.2
0.64
0.2857142857142857
0.42
0.5531914893617021
0.42105263157894735
0.4473684210526316
0.15384615384615385
0.5256410256410257
0.7586206896551724
0.5370370370370371
0.9354838709677419
0.5957446808510638
0.5769230769230769
0.6727272727272727
0.5169491525423728
0.7586206896551724
0.6666666666666666
0.6777777777777778
0.6216216216216216
0.8461538461538461
0.6923076923076923
0.8
0.7549019607843137
0.7551020408163265
0.7446808510638298
0.7719298245614035
0.41025641025641024
0.4117647058823529
0.5384615384615384
0.6132075471698113
0.6176470588235294
0.5128205128205128
0.8333333333333334
0.7096774193548387
0.9555555555555556
0.5172413793103449
0.9459459459459459
0.8372093023255814
0.5882352941176471
0.72
0.5
0.7105263157894737
0.7846153846153846
0.8823529411764706
0.6379310344827587
0.6363636363636364
0.9555555555555556
0.7049180327868853
0.45652173913043476
0.37735849056603776
0.6829268292682927
0.6148148148148148
0.7906976744186046
0.7909090909090909
0.5701754385964912
0.7647058823529411
0.6517241379310345
0.6229508196721312
0.4897959183673469
0.1
0.2222222222222222
0.10526315789473684
0.32608695652173914
0.24561403508771928
0.7063492063492064
0.7368421052631579
0.5882352941176471
0.6666666666666666
0.7
0.6333333333333333
0.4041095890410959
0.6842105263157895
0.5
0.0
0.4444444444444444
0.0
0.46296296296296297
0.6538461538461539
0.5
0.6333333333333333
0.631578947368421
0.5
0.5
0.8114754098360656
0.5263157894736842
0.21739130434782608
0.23809523809523808
0.3235294117647059
0.8108108108108109
0.26666666666666666
0.3888888888888889
0.4731182795698925
0.30434782608695654
0.2826086956521739
0.5730337078651685
0.6764705882352942
0.5135135135135135
0.7317073170731707
0.5757575757575758
0.7407407407407407
0.72
0.7254901960784313
0.6351351351351351
0.4777777777777778
0.8444444444444444
0.5161290322580645
0.45901639344262296
0.6703296703296703
0.5204081632653061
0.8205128205128205
0.8225806451612904
0.5579710144927537
0.7358490566037735
0.6836734693877551
0.8823529411764706
0.8108108108108109
0.9555555555555556
0.45348837209302323
0.8205128205128205
0.30952380952380953
0.9649122807017544
0.7463768115942029
0.8823529411764706
0.6621621621621622
0.8666666666666667
0.7592592592592593
0.7142857142857143
0.8947368421052632
0.4
0.5740740740740741
0.8103448275862069
0.8666666666666667
0.6538461538461539
0.7142857142857143
0.7407407407407407
0.6862745098039216
0.6612903225806451
0.5
0.47368421052631576
0.9393939393939394
0.8666666666666667
0.6707317073170732
0.7021276595744681
0.46153846153846156
0.4523809523809524
0.7333333333333333
0.2857142857142857
0.652542372881356
0.7142857142857143
0.35714285714285715
0.9428571428571428
0.7446808510638298
0.7195121951219512
0.5975609756097561
0.5957446808510638
0.9512195121951219
0.8860759493670886
0.7
0.8461538461538461
0.2
0.0
0.1
0.6935483870967742
0.5422535211267606
0.6933333333333334
0.8679245283018868
0.5757575757575758
0.3333333333333333
0.7878787878787878
0.7008547008547008
0.819672131147541
0.815068493150685
0.7777777777777778
0.6714285714285714
0.8192771084337349
0.8
0.6702127659574468
0.711864406779661
0.5333333333333333
0.16666666666666666
0.29310344827586204
0.6578947368421053
0.5508474576271186
0.753968253968254
0.5
0.6690140845070423
0.7857142857142857
0.5704225352112676
0.8571428571428571
0.5256410256410257
0.6956521739130435
0.8108108108108109
0.5645161290322581
0.78
0.6222222222222222
0.8
0.4
0.5483870967741935
0.5777777777777777
0.3620689655172414
0.6981132075471698
0.8243243243243243
0.7843137254901961
0.7358490566037735
0.8142857142857143
0.54
0.7444444444444445
0.5806451612903226
0.5697674418604651
0.7567567567567568
0.6
0.9428571428571428
0.5714285714285714
0.676923076923077
0.39655172413793105
0.4461538461538462
0.573170731707317
0.6714285714285714
0.7368421052631579
0.8205128205128205
0.5983606557377049
0.5531914893617021
0.5384615384615384
0.47058823529411764
0.7551020408163265
0.6464646464646465
0.3793103448275862
0.9259259259259259
0.631578947368421
0.46153846153846156
0.4090909090909091
0.92
0.8292682926829268
0.6216216216216216
0.6956521739130435
0.92
0.36
0.4782608695652174
0.9459459459459459
0.3918918918918919
0.47297297297297297
0.3870967741935484
0.43258426966292135
0.5952380952380952
0.2
0.5070175438596491
0.9512195121951219
0.6186440677966102
0.5172413793103449
0.16666666666666666
0.5081967213114754
0.6470588235294118
0.5476190476190477
0.7407407407407407
0.7307692307692307
0.9310344827586207
0.5263157894736842
0.5882352941176471
0.4824561403508772
0.9393939393939394
0.6530612244897959
0.6338028169014085
0.5609756097560976
0.3888888888888889
0.34615384615384615
0.0
0.16666666666666666
0.16666666666666666
0.5769230769230769
0.2
0.6967213114754098
0.6451612903225806
0.5821917808219178
0.14285714285714285
0.6417910447761194
0.7105263157894737
0.6
0.3333333333333333
0.0
0.6290322580645161
0.7297297297297297
0.5405405405405406
0.8679245283018868
0.7446808510638298
0.7272727272727273
0.38372093023255816
0.8604651162790697
0.7818181818181819
0.6274509803921569
0.6666666666666666
0.6091954022988506
0.7586206896551724
0.7692307692307693
0.7971014492753623
0.6811594202898551
0.9047619047619048
0.2830188679245283
0.6086956521739131
0.7070707070707071
0.2872340425531915
0.8024691358024691
0.6428571428571429
0.7040816326530612
0.7586206896551724
0.4696969696969697
0.5818181818181818
0.6338582677165354
0.7112676056338029
0.5876288659793815
0.45454545454545453
0.9354838709677419
0.717391304347826
0.6956521739130435
0.7608695652173914
0.5526315789473685
0.7424242424242424
0.8518518518518519
0.9354838709677419
0.6756756756756757
0.92
0.5526315789473685
0.6666666666666666
0.7280701754385965
0.9459459459459459
0.9310344827586207
0.7777777777777778
0.8571428571428571
0.8518518518518519
0.8666666666666667
0.8309859154929577
0.5245901639344263
0.16666666666666666
0.7394366197183099
0.9591836734693877
0.6086956521739131
0.6311475409836066
0.6666666666666666
0.5975609756097561
0.6395348837209303
0.7394366197183099
0.9047619047619048
0.7605633802816901
0.6358024691358025
0.43478260869565216
0.84
0.3
0.3333333333333333
0.3709677419354839
0.5
0.5333333333333333
0.5932203389830508
0.3793103448275862
0.5140845070422535
0.48148148148148145
0.6708860759493671
0.14285714285714285
0.07692307692307693
0.48717948717948717
0.38095238095238093
0.5
0.3684210526315789
0.72
0.6792452830188679
0.8947368421052632
0.7567567567567568
0.8666666666666667
0.5
0.0
0.9487179487179487
0.7073170731707317
0.9487179487179487
0.7142857142857143
0.527027027027027
0.17391304347826086
0.5769230769230769
0.6818181818181818
0.6025641025641025
0.7380952380952381
0.8947368421052632
0.5897435897435898
0.6410256410256411
0.9393939393939394
0.8679245283018868
0.46153846153846156
1.0
0.9259259259259259
0.9259259259259259
1.0
0.7818181818181819
0.5303030303030303
0.8085106382978723
0.78
0.5238095238095238
0.5989010989010989
0.9459459459459459
0.803030303030303
0.9682539682539683
0.8028169014084507
0.9354838709677419
0.7142857142857143
0.9047619047619048
0.9130434782608695
0.8
0.9047619047619048
0.6363636363636364
0.9047619047619048
0.8225806451612904
0.7333333333333333
0.3695652173913043
0.47619047619047616
0.7903225806451613
0.5645161290322581
0.7209302325581395
0.4230769230769231
0.7567567567567568
0.7088607594936709
0.7830188679245284
0.5945945945945946
0.9047619047619048
0.5392156862745098
0.6349206349206349
0.7195121951219512
0.8205128205128205
0.8771929824561403
0.4230769230769231
0.7325581395348837
0.4838709677419355
0.8103448275862069
0.8157894736842105
0.64
0.5913978494623656
0.573170731707317
0.5588235294117647
0.7615384615384615
0.6076923076923076
0.6475409836065574
0.47058823529411764
0.6857142857142857
0.9259259259259259
0.7586206896551724
0.3431372549019608
0.7444444444444445
0.2826086956521739
0.5172413793103449
0.8823529411764706
0.46296296296296297
0.46835443037974683
0.7681159420289855
0.6956521739130435
0.49206349206349204
0.6987951807228916
0.7605633802816901
0.14285714285714285
0.6333333333333333
0.3620689655172414
0.23255813953488372
0.541095890410959
0.4594594594594595
0.9354838709677419
0.5
0.8108108108108109
0.8108108108108109
0.6475409836065574
0.8461538461538461
0.3333333333333333
0.0
0.7777777777777778
0.8823529411764706
0.7692307692307693
0.9047619047619048
0.7465753424657534
0.6886792452830188
0.6546762589928058
0.753731343283582
0.6956521739130435
0.7
0.42592592592592593
0.24074074074074073
0.7586206896551724
0.5421686746987951
0.3918918918918919
0.8488372093023255
0.6326530612244898
0.46153846153846156
0.5
0.5697674418604651
0.6440677966101694
0.6086956521739131
0.27586206896551724
0.6639344262295082
0.39473684210526316
0.7142857142857143
0.7
0.872093023255814
0.5238095238095238
0.7777777777777778
0.6176470588235294
0.2608695652173913
0.7777777777777778
0.8181818181818182
0.6206896551724138
0.35714285714285715
0.851063829787234
0.46551724137931033
0.5
0.9047619047619048
0.46296296296296297
0.54
0.8666666666666667
0.4090909090909091
0.7142857142857143
0.05555555555555555
0.6666666666666666
0.4811320754716981
0.8421052631578947
0.6666666666666666
0.5
0.47297297297297297
0.5384615384615384
0.74
0.4
0.5
0.391304347826087
0.7543859649122807
0.6594202898550725
0.4074074074074074
0.7307692307692307
0.6481481481481481
0.6530612244897959
0.6333333333333333
0.7075471698113207
0.8260869565217391
0.7446808510638298
0.7605633802816901
0.6846153846153846
0.7439024390243902
0.5306122448979592
0.5172413793103449
0.38
0.6666666666666666
0.6296296296296297
0.92
0.7735849056603774
0.7804878048780488
0.6511627906976745
0.7590361445783133
0.8709677419354839
0.6666666666666666
0.5483870967741935
0.627906976744186
0.72
0.5897435897435898
0.6621621621621622
0.7033898305084746
0.64
0.7608695652173914
0.6181818181818182
0.3064516129032258
0.4418604651162791
0.5348837209302325
0.7333333333333333
0.7095238095238096
0.5842696629213483
0.7
0.9047619047619048
0.3627450980392157
0.8142857142857143
0.8103448275862069
0.7586206896551724
0.6666666666666666
0.5
0.18181818181818182
0.2692307692307692
0.5882352941176471
0.45081967213114754
0.7692307692307693
0.5714285714285714
0.6086956521739131
0.6222222222222222
0.7634408602150538
0.6101694915254238
0.3157894736842105
0.527027027027027
0.23333333333333334
0.7333333333333333
0.6952380952380952
0.7704918032786885
0.7542372881355932
0.7608695652173914
0.36585365853658536
0.549618320610687
0.9354838709677419
0.5423728813559322
0.5675675675675675
0.7818181818181819
0.5
0.4830508474576271
0.6129032258064516
0.5
0.4230769230769231
0.8666666666666667
0.8181818181818182
0.5
0.2777777777777778
0.8181818181818182
0.5563380281690141
0.6708860759493671
0.6147540983606558
0.5769230769230769
0.5
0.45321637426900585
0.6440677966101694
0.6190476190476191
0.6923076923076923
0.5161290322580645
0.708
0.5804597701149425
0.5
0.4473684210526316
0.7906976744186046
0.5
0.6403508771929824
0.7755102040816326
0.7948717948717948
0.5423728813559322
0.5632911392405063
0.823076923076923
0.7096774193548387
0.5632183908045977
0.8108108108108109
0.6595744680851063
0.6764705882352942
0.48148148148148145
0.3
0.5686274509803921
0.7142857142857143
0.6470588235294118
0.48717948717948717
0.603448275862069
0.5853658536585366
0.5333333333333333
0.3181818181818182
0.7068965517241379
0.5
0.6363636363636364
0.4230769230769231
0.8823529411764706
0.3076923076923077
0.37735849056603776
0.35185185185185186
0.6052631578947368
0.64
0.7162162162162162
0.7407407407407407
0.5877192982456141
0.7807017543859649
0.7745098039215687
0.6304347826086957
0.7962962962962963
0.6272727272727273
0.46511627906976744
0.5957446808510638
0.6545454545454545
0.6351351351351351
0.45555555555555555
0.5942028985507246
0.6
0.8372093023255814
0.4268292682926829
0.5235294117647059
0.6363636363636364
0.6031746031746031
0.7777777777777778
0.6702127659574468
0.6967213114754098
0.6122448979591837
0.5
0.6595744680851063
0.8728813559322034
0.391304347826087
0.7272727272727273
0.24074074074074073
0.5
0.5714285714285714
0.6441441441441441
0.46987951807228917
0.7627118644067796
0.16666666666666666
0.16666666666666666
0.5
0.7777777777777778
0.16666666666666666
0.7818181818181819
0.47959183673469385
0.7142857142857143
0.6363636363636364
0.46
0.5769230769230769
0.8188405797101449
0.7857142857142857
0.7325581395348837
0.5289855072463768
0.44660194174757284
0.6333333333333333
0.16666666666666666
0.0
0.3333333333333333
0.5
0.7741935483870968
0.5454545454545454
0.47058823529411764
0.42857142857142855
0.527027027027027
0.8823529411764706
0.7380952380952381
0.8823529411764706
0.6363636363636364
0.8773584905660378
0.631578947368421
0.3888888888888889
0.72
0.8823529411764706
0.4411764705882353
0.6627906976744186
0.92
0.47619047619047616
0.8181818181818182
0.631578947368421
0.8181818181818182
0.5490196078431373
0.6666666666666666
0.6842105263157895
0.5128205128205128
0.8478260869565217
0.6904761904761905
0.6020408163265306
0.52
0.36885245901639346
0.5609756097560976
0.5777777777777777
0.49230769230769234
0.5434782608695652
0.42592592592592593
0.6888888888888889
0.6111111111111112
0.5094339622641509
0.7619047619047619
0.4090909090909091
0.44
0.6232876712328768
0.5714285714285714
0.9354838709677419
0.6891891891891891
0.7252747252747253
0.9
0.6623376623376623
0.3333333333333333
0.7959183673469388
0.45098039215686275
0.47058823529411764
0.7741935483870968
0.7692307692307693
0.696969696969697
0.43478260869565216
0.7894736842105263
0.5408163265306123
0.7647058823529411
0.6363636363636364
0.7608695652173914
0.7358490566037735
0.8679245283018868
0.6226415094339622
0.8170731707317073
0.4777777777777778
0.6
0.5142857142857142
0.6612903225806451
0.6610169491525424
0.6379310344827587
0.32558139534883723
0.2631578947368421
0.5217391304347826
0.7142857142857143
0.8205128205128205
0.5142857142857142
0.9130434782608695
0.2608695652173913
0.3157894736842105
0.6086956521739131
0.5116279069767442
0.603448275862069
0.7
0.48148148148148145
0.47058823529411764
0.803030303030303
0.8181818181818182
0.6891891891891891
0.74
0.8260869565217391
0.6792452830188679
0.5
0.5882352941176471
0.9310344827586207
0.72
0.8333333333333334
0.4666666666666667
0.5434782608695652
0.7745098039215687
0.3333333333333333
0.3333333333333333
0.3333333333333333
0.7926829268292683
0.5
0.16666666666666666
0.92
0.6578947368421053
0.7407407407407407
0.6
0.9393939393939394
0.7804878048780488
0.6065573770491803
0.3333333333333333
0.6129032258064516
0.5121951219512195
0.07142857142857142
0.7758620689655172
0.35185185185185186
0.84
0.8666666666666667
0.6896551724137931
0.5666666666666667
0.9428571428571428
0.8205128205128205
0.8823529411764706
0.5925925925925926
0.4473684210526316
0.6702127659574468
0.6363636363636364
0.5540540540540541
0.9459459459459459
0.6515151515151515
0.9555555555555556
0.6419753086419753
0.7413793103448276
0.6666666666666666
0.6744186046511628
0.6379310344827587
0.6666666666666666
0.72
0.5666666666666667
0.6888888888888889
0.5483870967741935
0.631578947368421
0.8888888888888888
0.5757575757575758
0.7704918032786885
0.6585365853658537
0.7195121951219512
0.5854700854700855
0.6324503311258278
0.581081081081081
0.8947368421052632
0.9487179487179487
0.8390804597701149
0.8356164383561644
0.9753086419753086
0.6390728476821192
0.5280373831775701
0.5263157894736842
0.6965811965811965
0.7627118644067796
0.6
0.603448275862069
0.5882352941176471
0.5
0.8666666666666667
0.5757575757575758
0.487012987012987
0.5266666666666666
0.696969696969697
0.8461538461538461
0.92
0.3902439024390244
0.9428571428571428
0.4491525423728814
0.4507042253521127
0.5079365079365079
0.4024390243902439
0.6956521739130435
0.7439024390243902
0.6956521739130435
0.7093023255813954
0.631578947368421
0.46153846153846156
0.6894736842105263
0.38571428571428573
0.5081967213114754
0.6463414634146342
0.4576271186440678
0.8524590163934426
0.6971830985915493
0.7149532710280374
0.8421052631578947
0.5436893203883495
0.620253164556962
0.5352941176470588
0.5666666666666667
0.8292682926829268
0.41818181818181815
0.7323943661971831
0.696078431372549
0.8363636363636363
0.8292682926829268
0.6428571428571429
0.5769230769230769
0.8333333333333334
0.5444444444444444
0.7307692307692307
0.5303030303030303
0.9487179487179487
0.6147540983606558
0.7169811320754716
0.6777777777777778
0.6111111111111112
0.8181818181818182
0.9534883720930233
0.5483870967741935
0.8205128205128205
0.5161290322580645
0.8287671232876712
0.9393939393939394
0.5285714285714286
0.9259259259259259
0.45081967213114754
0.740506329113924
0.5434782608695652
0.6714285714285714
0.8985507246376812
0.6744186046511628
0.6818181818181818
0.8461538461538461
0.7
0.5662650602409639
0.5161290322580645
0.6595744680851063
0.4069767441860465
0.8260869565217391
0.8823529411764706
0.6229508196721312
0.6392405063291139
0.56
0.6415094339622641
0.5471698113207547
0.8064516129032258
0.6585365853658537
0.6923076923076923
0.6956521739130435
0.4696969696969697
0.6044776119402985
0.7407407407407407
0.5777777777777777
0.7093023255813954
0.603448275862069
0.5172413793103449
0.6702127659574468
0.5862068965517241
0.4444444444444444
0.5660377358490566
0.5161290322580645
0.45614035087719296
0.7586206896551724
0.7586206896551724
0.46774193548387094
0.7073170731707317
0.5338983050847458
0.4117647058823529
0.5128205128205128
0.6451612903225806
0.7878787878787878
0.46153846153846156
0.7142857142857143
0.7962962962962963
0.6666666666666666
0.8787878787878788
0.35185185185185186
0.8947368421052632
0.29411764705882354
0.32558139534883723
0.38235294117647056
0.6379310344827587
0.9354838709677419
0.9393939393939394
0.7075471698113207
0.7807017543859649
0.5949367088607594
0.7777777777777778
0.92
0.6162790697674418
0.9636363636363636
0.92
0.7222222222222222
0.9591836734693877
0.5970149253731343
0.8947368421052632
0.9428571428571428
0.532258064516129
0.7246376811594203
0.7142857142857143
0.7962962962962963
0.6060606060606061
0.7857142857142857
0.5142857142857142
0.6666666666666666
0.9272727272727272
0.8727272727272727
0.6444444444444445
0.8947368421052632
0.527027027027027
0.7808219178082192
0.8372093023255814
0.9354838709677419
0.5566037735849056
0.8428571428571429
0.7647058823529411
0.7627118644067796
0.7317073170731707
0.6639344262295082
0.6226415094339622
0.5526315789473685
0.5342465753424658
0.7758620689655172
0.7757009345794392
0.38461538461538464
0.7407407407407407
0.8476190476190476
0.9130434782608695
0.8222222222222222
0.9622641509433962
0.9512195121951219
0.7727272727272727
0.7105263157894737
0.574468085106383
0.7333333333333333
0.48
0.7
0.8818181818181818
0.5
0.654320987654321
0.9459459459459459
0.6395348837209303
0.5344827586206896
0.6428571428571429
0.44594594594594594
0.4927536231884058
0.6929824561403509
0.5983606557377049
0.5845070422535211
0.5857142857142857
0.6836734693877551
0.7727272727272727
0.6707317073170732
0.44155844155844154
0.5641025641025641
0.6298701298701299
0.5342465753424658
0.6621621621621622
0.5571428571428572
0.6384615384615384
0.7735849056603774
0.8095238095238095
0.631578947368421
0.7647058823529411
0.6428571428571429
0.46
0.7962962962962963
0.3333333333333333
0.7384615384615385
0.8108108108108109
0.6451612903225806
0.7777777777777778
0.7540983606557377
0.7465753424657534
0.7608695652173914
0.581081081081081
0.5229885057471264
0.6651376146788991
0.746031746031746
0.6395348837209303
0.28888888888888886
0.8947368421052632
0.6046511627906976
0.5434782608695652
0.8888888888888888
0.7758620689655172
0.8225806451612904
0.6764705882352942
0.8823529411764706
0.6538461538461539
0.42105263157894735
0.6555555555555556
0.9111111111111111
0.5609756097560976
0.7142857142857143
0.5373134328358209
0.6888888888888889
0.47619047619047616
0.7551020408163265
0.5465116279069767
0.5303030303030303
0.5363636363636364
0.8108108108108109
0.6055276381909548
0.601010101010101
0.5
0.7150537634408602
0.9310344827586207
0.92
0.6582278481012658
0.8823529411764706
0.8372093023255814
0.5434782608695652
0.8260869565217391
0.782051282051282
0.35365853658536583
0.7407407407407407
0.7745098039215687
0.9354838709677419
0.7818181818181819
0.6460674157303371
0.6632653061224489
0.54
0.8813559322033898
0.8539823008849557
0.6774193548387096
0.8620689655172413
0.6111111111111112
0.2857142857142857
0.54
0.9649122807017544
0.6666666666666666
0.4126984126984127
0.7027027027027027
0.9428571428571428
0.7448979591836735
0.678082191780822
0.6923076923076923
0.7089552238805971
0.7256637168141593
0.6923076923076923
0.9393939393939394
0.6
0.8488372093023255
0.8108108108108109
0.9512195121951219
0.6666666666666666
0.8421052631578947
0.7534246575342466
0.8803418803418803
0.9306930693069307
0.7741935483870968
0.7
0.7857142857142857
0.7681159420289855
0.7789473684210526
0.9487179487179487
0.8588235294117647
0.5555555555555556
0.8947368421052632
0.6054421768707483
0.5934065934065934
0.9487179487179487
0.8823529411764706
0.41836734693877553
0.7560975609756098
0.56
0.7682926829268293
0.6404494382022472
0.577922077922078
0.391304347826087
0.58
0.6473684210526316
0.5782312925170068
0.7586206896551724
0.9393939393939394
0.6222222222222222
0.7991452991452992
0.6851851851851852
0.9041095890410958
0.5754716981132075
0.9047619047619048
0.6129032258064516
0.6904761904761905
0.5
0.7439024390243902
0.6666666666666666
0.627906976744186
0.4180327868852459
0.5168539325842697
0.6333333333333333
0.5983606557377049
0.9622641509433962
0.6533333333333333
0.7804878048780488
0.9459459459459459
0.7380952380952381
0.7608695652173914
0.6904761904761905
0.5
0.8032786885245902
0.8235294117647058
0.8823529411764706
0.44680851063829785
0.7254901960784313
0.847457627118644
0.9534883720930233
0.8292682926829268
0.8666666666666667
0.7105263157894737
0.7878787878787878
0.9428571428571428
0.7272727272727273
0.2692307692307692
0.5294117647058824
0.8461538461538461
0.7804878048780488
0.6363636363636364
0.7192982456140351
0.6571428571428571
0.8461538461538461
0.9622641509433962
0.8205128205128205
0.7413793103448276
0.9310344827586207
0.5943396226415094
0.5116279069767442
0.8181818181818182
0.3275862068965517
0.7910447761194029
0.6896551724137931
0.8985507246376812
0.8205128205128205
0.9428571428571428
0.7468354430379747
0.8666666666666667
0.7804878048780488
0.7073170731707317
0.9130434782608695
0.7246376811594203
0.7692307692307693
0.7906976744186046
0.753731343283582
0.6896551724137931
0.8181818181818182
0.7711864406779662
0.8205128205128205
0.8813559322033898
0.6139240506329114
0.7432432432432432
0.7073170731707317
0.8444444444444444
0.8548387096774194
0.52
0.6865671641791045
0.9177215189873418
0.9591836734693877
0.6358024691358025
0.5
0.8181818181818182
0.45121951219512196
0.7894736842105263
0.49206349206349204
0.38235294117647056
0.3888888888888889
0.49333333333333335
0.6
0.717948717948718
0.9591836734693877
0.673469387755102
0.8494623655913979
0.8461538461538461
0.5
0.6518987341772152
0.6666666666666666
0.9473684210526315
0.7444444444444445
0.5714285714285714
0.6438356164383562
0.6
0.7380952380952381
0.82
0.7647058823529411
0.44339622641509435
0.7595419847328244
1.0
0.4
0.8235294117647058
0.5777777777777777
0.4
0.6304347826086957
0.6862745098039216
0.6727272727272727
0.8571428571428571
0.38235294117647056
0.8666666666666667
0.5923076923076923
0.6792452830188679
0.7647058823529411
0.648936170212766
0.6304347826086957
0.9024390243902439
0.39622641509433965
0.6515151515151515
0.5408163265306123
0.7962962962962963
0.7543859649122807
0.7380952380952381
0.3939393939393939
0.6440677966101694
0.532258064516129
0.41025641025641024
0.8709677419354839
0.6206896551724138
0.7941176470588235
0.74
0.7307692307692307
0.6923076923076923
0.49122807017543857
0.6707317073170732
0.6521739130434783
0.6818181818181818
0.7608695652173914
0.7222222222222222
0.509090909090909
0.4896907216494845
0.6538461538461539
0.717948717948718
0.5671641791044776
0.7142857142857143
0.9259259259259259
0.6956521739130435
0.7
0.5538461538461539
0.7848101265822784
0.5862068965517241
0.45555555555555555
0.7209302325581395
0.6818181818181818
0.8205128205128205
0.9393939393939394
0.5641025641025641
0.9047619047619048
0.9195402298850575
0.7878787878787878
0.8258426966292135
0.8372093023255814
0.6
0.7162162162162162
0.8292682926829268
0.5142857142857142
0.5507246376811594
0.5697674418604651
0.7536231884057971
0.7407407407407407
0.8444444444444444
0.2653061224489796
0.5384615384615384
0.4444444444444444
0.5508474576271186
0.5076923076923077
0.6692307692307692
0.7209302325581395
0.6555555555555556
0.8292682926829268
0.8142857142857143
0.7795698924731183
0.631578947368421
0.7
0.7903225806451613
0.9035087719298246
0.7203389830508474
0.9259259259259259
0.5655737704918032
0.776595744680851
0.9661016949152542
0.7692307692307693
0.9555555555555556
0.8947368421052632
0.7592592592592593
0.6929824561403509
0.391304347826087
0.7816901408450704
0.7215189873417721
0.7372881355932204
0.7962962962962963
0.7012987012987013
0.7362637362637363
0.36792452830188677
0.6949152542372882
0.391304347826087
0.6025641025641025
0.54
0.9130434782608695
0.6206896551724138
0.6956521739130435
0.8571428571428571
0.9259259259259259
0.7162162162162162
0.9259259259259259
0.6086956521739131
0.9130434782608695
0.8461538461538461
0.7105263157894737
0.9047619047619048
0.46
0.6
0.5
0.8947368421052632
0.26666666666666666
0.7073170731707317
0.6612903225806451
0.4
0.42
0.9459459459459459
0.6888888888888889
0.7567567567567568
0.7551020408163265
0.6219512195121951
0.7741935483870968
0.6515151515151515
0.7804878048780488
0.9459459459459459
0.9534883720930233
0.3695652173913043
0.6395348837209303
0.5737704918032787
0.6981132075471698
0.8260869565217391
0.5
0.4696969696969697
0.7280701754385965
0.527027027027027
0.7021276595744681
0.5606060606060606
0.6764705882352942
0.7753623188405797
0.84
0.4090909090909091
0.7878787878787878
0.8666666666666667
0.5614035087719298
0.7452830188679245
0.851063829787234
0.9591836734693877
0.7894736842105263
0.8679245283018868
0.8181818181818182
0.8208955223880597
0.72
0.8466666666666667
0.7735849056603774
0.6272727272727273
0.8301886792452831
0.7446808510638298
0.6551724137931034
0.9459459459459459
0.6909090909090909
0.9574468085106383
0.6129032258064516
0.9661016949152542
0.6097560975609756
0.5636363636363636
0.7627118644067796
0.7258064516129032
0.7631578947368421
0.8823529411764706
0.7025316455696202
0.48148148148148145
0.5
0.7586206896551724
0.9047619047619048
0.6984126984126984
0.2619047619047619
0.5677966101694916
0.9259259259259259
0.8627450980392157
0.7372881355932204
0.7592592592592593
0.8725490196078431
0.6176470588235294
0.9354838709677419
0.8852459016393442
0.5210526315789473
0.6197183098591549
0.7745098039215687
0.47619047619047616
0.6836734693877551
0.8309859154929577
0.8292682926829268
0.6290322580645161
0.9487179487179487
0.8888888888888888
0.8860759493670886
0.8571428571428571
0.9354838709677419
0.7551020408163265
0.7903225806451613
0.7878787878787878
0.7027027027027027
0.9393939393939394
0.6885245901639344
0.8767123287671232
0.8615384615384616
0.8296703296703297
0.7073170731707317
0.6129032258064516
0.7741935483870968
0.9047619047619048
0.8461538461538461
0.7878787878787878
0.6176470588235294
0.8518518518518519
0.6728395061728395
0.8823529411764706
0.851063829787234
0.9259259259259259
0.56
0.5925925925925926
0.8415841584158416
0.8181818181818182
1.0
0.7830188679245284
0.8947368421052632
0.851063829787234
0.631578947368421
0.8181818181818182
0.8292682926829268
0.9393939393939394
0.7586206896551724
0.3888888888888889
0.9354838709677419
0.92
0.6923076923076923
0.6956521739130435
0.6142857142857143
0.8444444444444444
0.636986301369863
0.6818181818181818
0.3953488372093023
0.8426966292134831
0.6929824561403509
0.5660377358490566
0.2878787878787879
0.5319148936170213
0.8666666666666667
0.5121951219512195
0.56
0.6341463414634146
0.5
0.532258064516129
0.7162162162162162
0.5428571428571428
0.3157894736842105
0.6698113207547169
0.6571428571428571
0.5652173913043478
0.6571428571428571
0.6891891891891891
0.5909090909090909
0.3867924528301887
0.7878787878787878
0.78
0.9354838709677419
0.6
0.6612903225806451
0.631578947368421
1.0
0.7777777777777778
0.8888888888888888
0.9393939393939394
0.9310344827586207
0.7894736842105263
0.9726027397260274
0.9393939393939394
0.6578947368421053
0.8
0.9130434782608695
0.803030303030303
0.7878787878787878
0.8823529411764706
0.7142857142857143
0.42857142857142855
0.6097560975609756
0.72
0.9354838709677419
0.9574468085106383
0.4358974358974359
0.6632653061224489
0.7876712328767124
0.6162790697674418
0.6938775510204082
0.5645161290322581
0.7021276595744681
0.9354838709677419
0.7439024390243902
0.7666666666666667
0.64
0.6923076923076923
0.6530612244897959
0.6509433962264151
0.7647058823529411
0.8434343434343434
0.8813559322033898
0.524390243902439
0.8333333333333334
0.8108108108108109
0.7123287671232876
0.7631578947368421
0.8571428571428571
0.8921568627450981
0.8111111111111111
0.7586206896551724
0.4090909090909091
0.6612903225806451
0.8666666666666667
0.7586206896551724
0.84
0.2903225806451613
0.5
0.8947368421052632
0.9259259259259259
0.5285714285714286
0.9130434782608695
0.631578947368421
0.5638297872340425
0.4111111111111111
0.6025641025641025
0.8666666666666667
0.6111111111111112
0.7615384615384615
0.5606060606060606
0.631578947368421
0.8823529411764706
0.8372093023255814
0.3076923076923077
0.9310344827586207
0.72
0.6896551724137931
0.723404255319149
0.3181818181818182
0.4782608695652174
0.5575221238938053
0.64
0.7358490566037735
0.7558139534883721
0.5895522388059702
0.6126760563380281
0.5210526315789473
0.3888888888888889
0.6111111111111112
0.22727272727272727
0.16666666666666666
0.4142857142857143
0.3090909090909091
0.5566037735849056
0.45918367346938777
0.7333333333333333
0.5428571428571428
0.7878787878787878
0.92
0.6338028169014085
0.7216748768472906
0.8066666666666666
0.5970149253731343
0.845679012345679
0.7923076923076923
0.626984126984127
0.620253164556962
0.5581395348837209
0.6372549019607843
0.42
0.2714285714285714
0.26
0.5897435897435898
0.2222222222222222
0.9047619047619048
0.9130434782608695
0.5925925925925926
0.3
0.5483870967741935
0.4473684210526316
0.4473684210526316
0.581081081081081
0.6410256410256411
0.7666666666666667
0.5740740740740741
0.8441558441558441
0.8372093023255814
0.7192982456140351
0.7558139534883721
0.5641025641025641
0.5217391304347826
0.6444444444444445
0.6382978723404256
0.72
0.8181818181818182
0.8372093023255814
0.746031746031746
0.7222222222222222
0.6896551724137931
0.6304347826086957
0.46153846153846156
0.6951219512195121
0.6481481481481481
0.7142857142857143
0.6081081081081081
0.5714285714285714
0.5428571428571428
0.5930232558139535
0.851063829787234
0.7380952380952381
0.7340425531914894
0.6511627906976745
0.6538461538461539
0.16666666666666666
0.6063829787234043
0.74
0.9622641509433962
0.6886792452830188
0.6909090909090909
0.6935483870967742
0.6052631578947368
0.717391304347826
0.5230769230769231
0.6276595744680851
0.7368421052631579
0.9672131147540983
0.64
0.43103448275862066
0.5142857142857142
0.7746478873239436
0.7368421052631579
0.5967741935483871
0.34782608695652173
0.6764705882352942
0.6610169491525424
0.7674418604651163
0.8947368421052632
0.5423728813559322
0.48936170212765956
0.8428571428571429
0.4696969696969697
0.21428571428571427
0.6696969696969697
0.5465116279069767
0.6956521739130435
0.5
0.4576271186440678
0.7333333333333333
0.6444444444444445
0.803030303030303
0.5606060606060606
0.6666666666666666
0.5882352941176471
0.8947368421052632
0.5217391304347826
0.7878787878787878
0.6153846153846154
0.8823529411764706
0.8
0.9428571428571428
0.9259259259259259
0.8181818181818182
0.8571428571428571
0.573170731707317
0.8292682926829268
0.6
0.4
0.5769230769230769
0.8947368421052632
0.18421052631578946
0.9259259259259259
0.5289855072463768
0.8076923076923077
0.5853658536585366
0.8372093023255814
0.6702127659574468
0.8666666666666667
0.5434782608695652
0.7317073170731707
0.9555555555555556
0.7432432432432432
0.5882352941176471
0.5370370370370371
0.7195121951219512
0.6224489795918368
0.62
0.5
0.8108108108108109
0.7926829268292683
0.7972972972972973
0.7653061224489796
0.7741935483870968
0.6216216216216216
0.5
0.9130434782608695
0.92
0.8823529411764706
0.9487179487179487
0.4918032786885246
0.6
0.43103448275862066
0.8444444444444444
0.6216216216216216
0.5641025641025641
0.7777777777777778
0.5757575757575758
0.8518518518518519
0.5
0.6825396825396826
0.6956521739130435
0.3082191780821918
0.47058823529411764
0.7142857142857143
0.7567567567567568
0.6904761904761905
0.56
0.7777777777777778
0.6779661016949152
0.7536231884057971
0.7777777777777778
0.3490566037735849
0.9459459459459459
0.7567567567567568
0.6086956521739131
Min Sentence GLEU Score: 0.0
Max Sentence GLEU Score: 1.0
Average Sentence GLEU Score: 0.5851939421283763
Corpus Sentence GLEU Score: 0.6086956521739131
