0.38095238095238093
0.4824561403508772
0.3953488372093023
0.6864406779661016
0.29411764705882354
0.43478260869565216
0.3108108108108108
0.46808510638297873
0.32432432432432434
0.5094339622641509
0.37272727272727274
0.358974358974359
0.5
0.7142857142857143
0.4594594594594595
0.5185185185185185
0.5181818181818182
0.5526315789473685
0.5
0.717948717948718
0.5
0.6111111111111112
0.42
0.7209302325581395
1.0
0.5333333333333333
0.35714285714285715
0.0
0.6521739130434783
0.30327868852459017
0.2857142857142857
0.37272727272727274
0.5
0.4358974358974359
0.5
0.18421052631578946
0.42063492063492064
0.6818181818181818
0.5303030303030303
0.42857142857142855
0.14814814814814814
0.3888888888888889
0.22580645161290322
0.15384615384615385
0.6206896551724138
0.46153846153846156
0.2857142857142857
0.5777777777777777
0.6363636363636364
0.3448275862068966
0.21794871794871795
0.6595744680851063
0.3787878787878788
0.492
0.4074074074074074
0.3931034482758621
0.4626865671641791
0.5555555555555556
0.5660377358490566
0.3655913978494624
0.5925925925925926
0.3387096774193548
0.28
0.19072164948453607
0.13333333333333333
0.5283018867924528
0.4142857142857143
0.17391304347826086
0.23255813953488372
0.30612244897959184
0.23076923076923078
0.18181818181818182
0.38288288288288286
0.32978723404255317
0.5185185185185185
0.13043478260869565
0.20512820512820512
0.26666666666666666
0.2222222222222222
0.25925925925925924
0.5135135135135135
0.3793103448275862
0.40350877192982454
0.66
0.6666666666666666
0.5517241379310345
0.32432432432432434
0.3076923076923077
0.25925925925925924
0.21428571428571427
0.6851851851851852
0.38524590163934425
0.34615384615384615
0.54
0.30952380952380953
0.2037037037037037
0.6
0.2777777777777778
0.4358974358974359
0.44
0.4727272727272727
0.6060606060606061
0.72
0.2631578947368421
0.47126436781609193
0.86
0.23333333333333334
0.4180327868852459
0.6
0.42105263157894735
0.2413793103448276
0.47560975609756095
0.26
0.2777777777777778
0.3333333333333333
0.44545454545454544
0.6025641025641025
0.35454545454545455
0.6
0.5666666666666667
0.6666666666666666
0.3235294117647059
0.5285714285714286
0.5331125827814569
0.6197183098591549
0.0
0.46153846153846156
0.2383177570093458
0.22
0.3333333333333333
0.5319148936170213
0.45675675675675675
0.5333333333333333
0.32222222222222224
0.3870967741935484
0.16666666666666666
0.4
0.7352941176470589
0.4745762711864407
0.38405797101449274
0.38571428571428573
0.44805194805194803
0.6585365853658537
0.7702702702702703
0.5
0.34210526315789475
0.6111111111111112
0.6190476190476191
0.5789473684210527
0.2608695652173913
0.6739130434782609
0.5
0.5
0.5294117647058824
0.6666666666666666
0.3333333333333333
0.7307692307692307
0.6739130434782609
0.6304347826086957
0.6818181818181818
0.6818181818181818
0.43243243243243246
0.26576576576576577
0.3815028901734104
0.37425149700598803
0.46629213483146065
0.8043478260869565
0.4827586206896552
0.43478260869565216
0.5
0.3
0.15333333333333332
0.26666666666666666
0.6896551724137931
0.22580645161290322
0.40476190476190477
0.4636363636363636
0.581081081081081
0.4142857142857143
0.5476190476190477
0.5705882352941176
0.4215686274509804
0.2222222222222222
0.6818181818181818
0.1896551724137931
0.5
0.358974358974359
0.3953488372093023
0.2692307692307692
0.34210526315789475
0.3235294117647059
0.15384615384615385
0.8333333333333334
0.5256410256410257
0.2857142857142857
0.4189189189189189
0.1
0.1
0.1
0.5555555555555556
0.19047619047619047
0.4111111111111111
0.16666666666666666
0.5671641791044776
0.6060606060606061
0.5487804878048781
0.5
0.30303030303030304
0.5662650602409639
0.46153846153846156
0.6162790697674418
0.5185185185185185
0.5967741935483871
0.14516129032258066
0.2857142857142857
0.14814814814814814
0.5526315789473685
0.30303030303030304
0.7941176470588235
0.18181818181818182
0.5641025641025641
0.4647058823529412
0.25471698113207547
0.3684210526315789
0.4117647058823529
0.7631578947368421
0.4883720930232558
0.5306122448979592
0.2714285714285714
0.46551724137931033
0.40476190476190477
0.3333333333333333
0.37037037037037035
0.3709677419354839
0.3617021276595745
0.4
0.46153846153846156
0.44
0.7
0.37209302325581395
0.35384615384615387
0.3
0.417910447761194
0.43103448275862066
0.47191011235955055
0.5689655172413793
0.39473684210526316
0.4666666666666667
0.47058823529411764
0.3181818181818182
0.66
0.5
0.38095238095238093
0.7878787878787878
0.5517241379310345
0.5188679245283019
0.0
0.34782608695652173
0.7058823529411765
0.5581395348837209
0.6521739130434783
0.5471698113207547
0.46774193548387094
0.15384615384615385
0.3333333333333333
0.7368421052631579
0.54
0.42857142857142855
0.7432432432432432
0.6851851851851852
0.3333333333333333
0.7142857142857143
0.4827586206896552
0.6162790697674418
0.6
0.5862068965517241
0.5869565217391305
0.7666666666666667
0.4666666666666667
0.0
0.12299465240641712
0.22641509433962265
0.363013698630137
0.4090909090909091
0.46153846153846156
0.6621621621621622
0.5714285714285714
0.4044943820224719
0.3225806451612903
0.5196078431372549
0.8333333333333334
0.21212121212121213
0.3220338983050847
0.2727272727272727
0.17391304347826086
0.5
0.3709677419354839
0.38461538461538464
0.5
0.7021276595744681
0.4782608695652174
0.7910447761194029
0.5
0.4818181818181818
0.12
0.5238095238095238
1.0
0.2
0.43243243243243246
0.28205128205128205
0.2894736842105263
0.21428571428571427
0.3448275862068966
0.26
0.17391304347826086
0.22727272727272727
0.16666666666666666
0.2413793103448276
0.15789473684210525
0.2777777777777778
0.34210526315789475
0.24074074074074073
0.2857142857142857
0.5454545454545454
0.2222222222222222
0.6818181818181818
0.2
0.6111111111111112
0.4426229508196721
0.3484848484848485
0.36363636363636365
0.4448818897637795
0.6046511627906976
0.6521739130434783
0.29310344827586204
0.7368421052631579
0.6593406593406593
1.0
0.21428571428571427
0.5526315789473685
0.7142857142857143
0.4620253164556962
0.5769230769230769
0.5428571428571428
0.4
0.474025974025974
0.8333333333333334
0.4576271186440678
0.573170731707317
0.1774193548387097
0.23333333333333334
0.5121951219512195
0.323943661971831
0.5980392156862745
0.44594594594594594
0.7777777777777778
0.46296296296296297
0.3235294117647059
0.5645161290322581
0.40540540540540543
0.7352941176470589
0.2605633802816901
0.3275862068965517
0.4666666666666667
0.425531914893617
0.2631578947368421
0.8157894736842105
0.23076923076923078
0.5619469026548672
0.4473684210526316
0.6229508196721312
0.5769230769230769
0.36619718309859156
0.5149253731343284
0.2413793103448276
0.3961038961038961
0.3
0.3018867924528302
0.8207547169811321
0.43548387096774194
0.336734693877551
0.22972972972972974
0.5
0.48360655737704916
0.4153846153846154
0.3333333333333333
0.2
0.6111111111111112
0.7941176470588235
0.47058823529411764
0.45652173913043476
0.6206896551724138
0.6129032258064516
0.8703703703703703
0.6351351351351351
0.5
0.5
0.6111111111111112
0.4074074074074074
0.6142857142857143
0.0
0.3918918918918919
0.22164948453608246
0.45495495495495497
0.4
0.38823529411764707
0.3813559322033898
0.6666666666666666
0.34782608695652173
0.7058823529411765
0.4189189189189189
0.23333333333333334
0.43333333333333335
0.3780487804878049
0.2727272727272727
0.2
0.5
0.2
0.5882352941176471
0.5
0.39344262295081966
0.2413793103448276
0.14285714285714285
0.18518518518518517
0.6956521739130435
0.24468085106382978
0.4473684210526316
0.3888888888888889
0.16666666666666666
0.0
0.47058823529411764
0.5379746835443038
0.5373134328358209
0.5142857142857142
0.19230769230769232
0.3333333333333333
1.0
0.39622641509433965
0.30952380952380953
0.4666666666666667
0.24390243902439024
0.6666666666666666
0.6333333333333333
0.2
0.3
0.6818181818181818
0.42857142857142855
0.5
0.8387096774193549
0.26666666666666666
0.5
0.4117647058823529
0.0
0.6082474226804123
0.13636363636363635
0.18421052631578946
0.16666666666666666
0.40540540540540543
0.39655172413793105
0.5
0.6081081081081081
0.24074074074074073
0.4230769230769231
0.27586206896551724
0.5263157894736842
0.30392156862745096
0.4204152249134948
0.5370370370370371
0.23076923076923078
0.17777777777777778
0.3961038961038961
0.2727272727272727
0.38202247191011235
0.5555555555555556
0.391304347826087
0.18376068376068377
0.5645161290322581
0.3076923076923077
0.17391304347826086
0.24193548387096775
0.28
0.8703703703703703
0.5588235294117647
0.6666666666666666
0.1746031746031746
0.18181818181818182
0.6702127659574468
0.5
0.7307692307692307
0.2692307692307692
0.4666666666666667
0.36585365853658536
0.5153846153846153
0.5407407407407407
0.5
0.5652173913043478
0.6111111111111112
0.4864864864864865
0.5614035087719298
0.532258064516129
0.3620689655172414
0.5392156862745098
0.4777777777777778
0.4927536231884058
0.7068965517241379
0.2222222222222222
0.4146341463414634
0.4014084507042254
0.6440677966101694
0.2457627118644068
0.16129032258064516
0.15789473684210525
0.35454545454545455
0.5306122448979592
0.3181818181818182
0.2982456140350877
0.5952380952380952
0.2826086956521739
0.0
0.5
0.0
0.3235294117647059
0.3684210526315789
0.2714285714285714
0.43333333333333335
0.2714285714285714
0.11428571428571428
0.3181818181818182
0.5
0.45652173913043476
0.3684210526315789
0.37209302325581395
0.5882352941176471
0.0
0.3333333333333333
0.2631578947368421
0.5526315789473685
0.3620689655172414
0.3787878787878788
0.6521739130434783
0.4268292682926829
0.20270270270270271
0.18181818181818182
0.3448275862068966
0.4230769230769231
0.28
0.34
0.5571428571428572
0.3076923076923077
0.42105263157894735
0.42528735632183906
0.5487804878048781
0.4019607843137255
0.16666666666666666
0.6025641025641025
0.6090909090909091
0.42727272727272725
0.5
0.5319148936170213
0.5
0.46153846153846156
1.0
0.0
0.8
0.38
0.5675675675675675
0.4032258064516129
0.4
0.043478260869565216
0.36335403726708076
0.3333333333333333
1.0
0.42592592592592593
0.2777777777777778
0.30952380952380953
0.16666666666666666
0.5952380952380952
0.3
0.4
0.6818181818181818
0.28378378378378377
0.38461538461538464
0.4
0.66
0.5405405405405406
0.40540540540540543
0.5952380952380952
0.35714285714285715
0.6818181818181818
0.5
0.5454545454545454
0.4473684210526316
0.2608695652173913
0.5294117647058824
0.30952380952380953
0.34
0.43243243243243246
1.0
0.2571428571428571
0.42105263157894735
0.18292682926829268
0.5319148936170213
0.18421052631578946
0.6428571428571429
0.6086956521739131
0.45918367346938777
0.38095238095238093
0.34210526315789475
0.7575757575757576
0.3787878787878788
0.40540540540540543
0.34210526315789475
0.42436974789915966
0.6140350877192983
0.5098039215686274
0.6206896551724138
0.26881720430107525
0.23376623376623376
0.3333333333333333
0.6
1.0
0.3
1.0
0.16666666666666666
0.1111111111111111
0.1111111111111111
1.0
0.5
0.4
1.0
1.0
0.2222222222222222
0.16666666666666666
0.08823529411764706
0.6
0.2
0.3888888888888889
0.3333333333333333
0.5
0.3333333333333333
0.2727272727272727
0.4
0.4024390243902439
0.6
0.2972972972972973
0.48936170212765956
0.391304347826087
0.37142857142857144
0.2878787878787879
0.2826086956521739
0.36585365853658536
0.2037037037037037
0.42857142857142855
0.4523809523809524
0.4520547945205479
0.4
0.2542372881355932
0.18571428571428572
0.38
0.38095238095238093
0.6111111111111112
0.33783783783783783
0.3333333333333333
0.3717948717948718
0.6428571428571429
0.16
0.11538461538461539
0.5185185185185185
0.2
0.2857142857142857
0.5142857142857142
0.47368421052631576
0.11764705882352941
0.54
0.3888888888888889
0.5263157894736842
0.4307692307692308
0.37209302325581395
0.4032258064516129
0.4759036144578313
0.41044776119402987
0.4533333333333333
0.6351351351351351
0.5238095238095238
0.21052631578947367
0.4523809523809524
0.6194029850746269
0.427536231884058
0.3867924528301887
0.5769230769230769
0.5126050420168067
0.18888888888888888
0.3111111111111111
0.4146341463414634
0.36065573770491804
0.36065573770491804
0.4
0.6
0.6111111111111112
0.36363636363636365
0.5714285714285714
0.47058823529411764
0.3728813559322034
0.25925925925925924
0.5
0.47619047619047616
0.6938775510204082
0.3695652173913043
0.2826086956521739
0.391304347826087
0.25925925925925924
0.5769230769230769
0.313953488372093
0.30120481927710846
0.19298245614035087
0.3783783783783784
0.16666666666666666
0.5
0.5
0.86
0.03333333333333333
0.4888888888888889
0.7111111111111111
0.6111111111111112
0.7
0.4230769230769231
0.5
0.6379310344827587
0.48484848484848486
0.46
0.5909090909090909
0.6142857142857143
0.2777777777777778
0.6111111111111112
0.23076923076923078
0.46078431372549017
0.6
0.3732394366197183
0.5263157894736842
0.0
0.5930232558139535
0.8103448275862069
0.6794871794871795
0.3979591836734694
0.39344262295081966
0.11538461538461539
1.0
0.4666666666666667
0.23529411764705882
0.3333333333333333
0.4883720930232558
0.3333333333333333
0.43617021276595747
0.6756756756756757
0.5612244897959183
0.782608695652174
0.4489795918367347
0.43333333333333335
0.29069767441860467
0.32608695652173914
0.40476190476190477
0.4074074074074074
0.4745762711864407
0.21739130434782608
0.37755102040816324
0.2727272727272727
0.573170731707317
0.45161290322580644
1.0
0.64
0.47368421052631576
0.42
0.52
0.22727272727272727
0.7714285714285715
0.7162162162162162
0.34146341463414637
0.2830188679245283
0.6129032258064516
0.2619047619047619
0.6515151515151515
0.4142857142857143
1.0
0.6666666666666666
0.7096774193548387
0.24444444444444444
0.7941176470588235
0.5952380952380952
0.7352941176470589
0.5
0.41935483870967744
0.5869565217391305
0.52
0.2898550724637681
0.42105263157894735
0.21428571428571427
0.5303030303030303
0.24358974358974358
0.0
0.3333333333333333
1.0
0.2857142857142857
0.5
0.0
0.0
0.4482758620689655
0.5701754385964912
0.19767441860465115
0.34057971014492755
0.5
0.3333333333333333
0.3333333333333333
1.0
0.2441860465116279
0.45555555555555555
0.5862068965517241
0.47368421052631576
0.6111111111111112
0.6296296296296297
0.7
0.3684210526315789
0.4358974358974359
0.4
0.7619047619047619
0.5388349514563107
0.27419354838709675
0.527027027027027
0.34210526315789475
0.5344827586206896
0.8870967741935484
0.4
0.43103448275862066
0.3888888888888889
0.3888888888888889
0.2727272727272727
0.5172413793103449
0.2857142857142857
0.16666666666666666
0.17391304347826086
0.8333333333333334
0.22580645161290322
0.43103448275862066
0.5
0.25757575757575757
0.18421052631578946
0.3684210526315789
0.46
0.36363636363636365
0.19230769230769232
0.16666666666666666
0.5675675675675675
0.40476190476190477
0.13157894736842105
0.22413793103448276
0.5333333333333333
0.19047619047619047
0.21739130434782608
0.32456140350877194
0.7058823529411765
0.47619047619047616
0.43023255813953487
0.330188679245283
0.6568627450980392
0.5471698113207547
0.4069767441860465
0.7878787878787878
0.45454545454545453
0.564935064935065
0.6595744680851063
0.6571428571428571
0.26288659793814434
0.7340425531914894
0.4186046511627907
0.35714285714285715
0.3488372093023256
0.35714285714285715
0.36153846153846153
0.1702127659574468
0.43506493506493504
0.7058823529411765
0.20481927710843373
0.38095238095238093
0.24489795918367346
0.2222222222222222
0.6111111111111112
0.42424242424242425
0.21428571428571427
0.5740740740740741
0.2111111111111111
0.5
0.16666666666666666
0.4393939393939394
0.3333333333333333
0.45555555555555555
0.6777777777777778
0.4189189189189189
0.1
0.0
0.4830508474576271
0.36363636363636365
0.6190476190476191
0.7376237623762376
0.6836734693877551
0.2
0.36470588235294116
0.5365853658536586
0.5338983050847458
0.603448275862069
0.5
0.5476190476190477
0.4146341463414634
0.3673469387755102
0.37037037037037035
0.4482758620689655
0.21428571428571427
0.42857142857142855
0.16666666666666666
0.23076923076923078
0.23076923076923078
0.41975308641975306
0.5
0.52
0.3148148148148148
0.62
0.45454545454545453
0.527027027027027
0.23636363636363636
0.36
0.3684210526315789
0.16666666666666666
0.23529411764705882
0.6551724137931034
0.2777777777777778
0.5333333333333333
0.7586206896551724
0.7380952380952381
0.2619047619047619
0.46774193548387094
0.3717948717948718
0.7162162162162162
0.6
0.5952380952380952
0.3333333333333333
0.4
0.6379310344827587
0.3888888888888889
0.5
0.7424242424242424
0.25862068965517243
0.7258064516129032
0.5454545454545454
0.23333333333333334
0.37037037037037035
0.3148148148148148
0.050955414012738856
0.5
0.4387755102040816
0.8157894736842105
0.24782608695652175
0.46551724137931033
0.38571428571428573
1.0
0.4857142857142857
0.8333333333333334
0.3333333333333333
0.2727272727272727
0.7037037037037037
0.3888888888888889
0.45652173913043476
0.43902439024390244
0.4594594594594595
0.5797101449275363
0.48484848484848486
0.41379310344827586
0.7666666666666667
0.66
0.5882352941176471
0.24390243902439024
0.6097560975609756
0.6851851851851852
0.52
0.26595744680851063
1.0
0.86
0.376
0.6
0.33448275862068966
0.20408163265306123
0.16666666666666666
0.6111111111111112
0.3142857142857143
0.45714285714285713
0.5333333333333333
0.43617021276595747
0.5
0.1111111111111111
0.37037037037037035
0.5384615384615384
0.3076923076923077
0.43103448275862066
0.05623100303951368
0.46153846153846156
0.35714285714285715
0.43859649122807015
0.4482758620689655
0.4492753623188406
0.5102040816326531
0.5333333333333333
0.5555555555555556
0.7586206896551724
0.2894736842105263
0.4523809523809524
0.4117647058823529
0.22727272727272727
0.2727272727272727
0.5370370370370371
0.7926829268292683
1.0
0.43103448275862066
0.6
0.16363636363636364
0.5967741935483871
0.5666666666666667
0.6818181818181818
0.6451612903225806
0.5
0.28
0.47674418604651164
0.2222222222222222
0.35555555555555557
0.7333333333333333
0.5
0.6111111111111112
0.6081081081081081
0.2692307692307692
0.4411764705882353
0.35714285714285715
0.1
0.5428571428571428
0.06164383561643835
0.3333333333333333
0.5512820512820513
0.5909090909090909
0.4032258064516129
0.4406779661016949
0.3333333333333333
0.5175438596491229
0.2222222222222222
0.7142857142857143
0.0
0.42857142857142855
0.20967741935483872
0.4857142857142857
0.5
0.42857142857142855
0.3225806451612903
0.5769230769230769
0.36363636363636365
0.3275862068965517
0.4727272727272727
0.6410256410256411
0.8666666666666667
0.5606060606060606
0.3220338983050847
0.574468085106383
0.4126984126984127
0.4714285714285714
0.5405405405405406
0.7941176470588235
0.2894736842105263
0.42857142857142855
0.6666666666666666
0.5317460317460317
0.4418604651162791
0.6271186440677966
0.540650406504065
0.47058823529411764
0.16666666666666666
0.0
0.8648648648648649
0.38095238095238093
0.29591836734693877
1.0
0.6956521739130435
0.34210526315789475
0.6818181818181818
0.11538461538461539
0.7666666666666667
0.3076923076923077
0.8157894736842105
0.7307692307692307
0.23076923076923078
0.8333333333333334
0.3181818181818182
0.48148148148148145
0.14285714285714285
0.7941176470588235
0.16216216216216217
0.4090909090909091
0.66
0.42857142857142855
0.17647058823529413
0.8333333333333334
0.5
0.26666666666666666
0.6142857142857143
0.5
0.48148148148148145
0.7941176470588235
0.5
0.2222222222222222
0.7307692307692307
0.6818181818181818
0.40476190476190477
0.46
0.2857142857142857
0.58
0.3
0.5405405405405406
0.4178082191780822
0.6222222222222222
0.3275862068965517
0.4727272727272727
0.9148936170212766
0.425531914893617
0.2413793103448276
0.0
0.45161290322580644
0.14285714285714285
0.6134020618556701
0.6190476190476191
0.39655172413793105
0.05555555555555555
0.3765432098765432
0.7631578947368421
0.0
0.5849056603773585
0.6129032258064516
0.5
0.7142857142857143
0.23076923076923078
0.38
0.16666666666666666
0.5
0.7586206896551724
0.4666666666666667
0.3333333333333333
0.21428571428571427
1.0
0.5185185185185185
0.3333333333333333
0.13636363636363635
0.3148148148148148
0.5882352941176471
0.0
0.0
0.42857142857142855
0.6818181818181818
0.1891891891891892
0.7857142857142857
0.5428571428571428
0.5675675675675675
0.6639344262295082
0.44155844155844154
0.7307692307692307
0.45161290322580644
0.21052631578947367
0.20588235294117646
0.5
0.35507246376811596
0.7204301075268817
0.33766233766233766
0.7804878048780488
0.5747126436781609
0.6376811594202898
0.6
0.0
0.0
0.16666666666666666
0.07142857142857142
0.07142857142857142
0.7068965517241379
0.3490566037735849
0.24193548387096775
0.3103448275862069
0.5813953488372093
0.34
0.3620689655172414
0.4594594594594595
0.5487804878048781
0.8703703703703703
0.32857142857142857
0.5
0.3333333333333333
0.25471698113207547
0.6901408450704225
0.44680851063829785
0.39473684210526316
0.4666666666666667
0.4523809523809524
0.3684210526315789
0.7424242424242424
0.6935483870967742
0.7631578947368421
0.4117647058823529
0.14893617021276595
0.34285714285714286
0.6714285714285714
0.27692307692307694
0.4634146341463415
0.5185185185185185
0.6666666666666666
0.2857142857142857
1.0
0.6052631578947368
0.5645161290322581
0.5
0.5088495575221239
1.0
0.6333333333333333
0.3333333333333333
0.4574468085106383
0.626984126984127
0.6111111111111112
0.0
0.16666666666666666
0.8333333333333334
0.5094339622641509
0.4482758620689655
0.5283018867924528
0.3235294117647059
0.5
0.5659340659340659
0.5952380952380952
0.16666666666666666
0.16666666666666666
0.1
0.6851851851851852
0.37037037037037035
0.3925925925925926
0.19230769230769232
0.7027027027027027
0.5769230769230769
0.2948717948717949
0.3333333333333333
0.0
0.0
0.6372549019607843
0.5461538461538461
1.0
0.24074074074074073
0.5428571428571428
0.2647058823529412
0.7941176470588235
0.48484848484848486
0.3695652173913043
0.8478260869565217
0.5540540540540541
0.38372093023255816
0.38461538461538464
0.16666666666666666
0.3333333333333333
0.35185185185185186
0.39473684210526316
0.5851063829787234
0.7702702702702703
0.5285714285714286
0.5645161290322581
0.6
0.38461538461538464
0.43103448275862066
0.5142857142857142
0.8333333333333334
0.7307692307692307
0.5606060606060606
0.47619047619047616
0.6414141414141414
0.5128205128205128
0.3979591836734694
0.5362318840579711
0.4552238805970149
0.5348837209302325
0.3877551020408163
0.64
0.20588235294117646
0.5980392156862745
0.5714285714285714
0.5695364238410596
0.28378378378378377
0.5370370370370371
0.6818181818181818
0.42771084337349397
0.4411764705882353
0.5
0.5
0.8157894736842105
0.5
0.18421052631578946
0.8333333333333334
0.7857142857142857
0.7037037037037037
1.0
0.6666666666666666
0.7901234567901234
0.32558139534883723
0.23333333333333334
0.6692307692307692
0.5
0.45098039215686275
0.38461538461538464
0.45454545454545453
0.7027027027027027
0.36666666666666664
0.5714285714285714
0.6862745098039216
0.5439560439560439
0.44308943089430897
0.6530612244897959
0.66
0.8111111111111111
0.43283582089552236
0.2647058823529412
0.6025641025641025
0.47435897435897434
0.3918918918918919
0.44285714285714284
0.5964912280701754
0.6076923076923076
0.5909090909090909
0.6122448979591837
0.6142857142857143
0.44
0.6060606060606061
0.6333333333333333
0.4482758620689655
0.30303030303030304
0.2
0.43023255813953487
0.3108108108108108
0.3793103448275862
0.45652173913043476
0.5
0.40476190476190477
0.3333333333333333
0.16666666666666666
0.5263157894736842
0.391304347826087
0.6666666666666666
0.2962962962962963
0.5454545454545454
0.29411764705882354
0.3723404255319149
0.5405405405405406
0.3333333333333333
0.5714285714285714
0.25925925925925924
0.2962962962962963
0.21052631578947367
0.2692307692307692
0.3103448275862069
0.4523809523809524
0.4888888888888889
0.5303030303030303
0.5212765957446809
0.22727272727272727
0.2830188679245283
0.41509433962264153
0.4857142857142857
0.44025157232704404
0.6568627450980392
0.4576271186440678
0.0
0.5081967213114754
0.5273972602739726
0.3333333333333333
0.4574468085106383
0.39361702127659576
0.45901639344262296
0.2857142857142857
0.8793103448275862
0.42424242424242425
0.38
0.39759036144578314
0.42857142857142855
0.48
0.2647058823529412
0.7121212121212122
0.42592592592592593
0.41379310344827586
0.2903225806451613
0.41509433962264153
0.4235294117647059
0.5933333333333334
0.24390243902439024
0.6097560975609756
0.5634920634920635
0.48936170212765956
0.4
0.6162790697674418
0.7553191489361702
0.4306930693069307
0.43902439024390244
0.86
0.44339622641509435
0.19230769230769232
0.4482758620689655
0.6707317073170732
0.4520547945205479
0.44680851063829785
0.0
0.5757575757575758
0.7195121951219512
0.3939393939393939
0.536144578313253
0.3924050632911392
0.3780487804878049
0.5847457627118644
1.0
0.4647058823529412
0.6530612244897959
0.3333333333333333
0.37254901960784315
0.7962962962962963
0.5
0.5116279069767442
0.532258064516129
0.6285714285714286
0.4827586206896552
0.6
1.0
0.8793103448275862
0.43333333333333335
0.6615384615384615
0.42857142857142855
0.6428571428571429
0.5638297872340425
0.3488372093023256
0.3333333333333333
0.5597014925373134
0.4142857142857143
0.8111111111111111
0.2222222222222222
0.22413793103448276
0.6956521739130435
0.5714285714285714
1.0
0.4
0.20588235294117646
0.14705882352941177
0.5
0.7380952380952381
0.5263157894736842
0.4696969696969697
0.07142857142857142
0.8023255813953488
0.7368421052631579
0.13333333333333333
0.2857142857142857
0.4714285714285714
0.39473684210526316
0.5384615384615384
0.7142857142857143
0.4594594594594595
0.2222222222222222
0.47619047619047616
0.5689655172413793
0.5
0.32222222222222224
0.38461538461538464
0.43478260869565216
0.21794871794871795
0.42
0.4
0.5428571428571428
0.36
0.7719298245614035
0.5
0.7435897435897436
0.4603174603174603
0.4
0.3431372549019608
0.7777777777777778
0.48717948717948717
0.8333333333333334
0.14516129032258066
0.4745762711864407
0.7702702702702703
0.5
0.7580645161290323
0.7790697674418605
0.6212121212121212
0.3787878787878788
0.3888888888888889
0.6707317073170732
0.7741935483870968
0.5555555555555556
0.4878048780487805
0.7241379310344828
0.30434782608695654
0.29310344827586204
0.36486486486486486
0.47058823529411764
0.34782608695652173
0.4
0.4074074074074074
0.425531914893617
0.7692307692307693
0.44594594594594594
0.7
0.5172413793103449
0.6395348837209303
0.4864864864864865
0.5365853658536586
0.3469387755102041
0.5
0.4189189189189189
0.8666666666666667
0.5952380952380952
0.2391304347826087
0.5
0.42592592592592593
0.6551724137931034
0.37037037037037035
0.4864864864864865
0.36666666666666664
0.5588235294117647
0.7432432432432432
0.27906976744186046
0.41379310344827586
0.7105263157894737
1.0
0.581081081081081
0.4473684210526316
0.46511627906976744
0.45454545454545453
0.23170731707317074
0.5
0.29365079365079366
0.2692307692307692
0.6568627450980392
0.4666666666666667
0.6612903225806451
0.2682926829268293
0.29411764705882354
0.7307692307692307
0.6842105263157895
0.4444444444444444
0.34615384615384615
0.5212765957446809
0.2727272727272727
0.330188679245283
0.3793103448275862
0.29411764705882354
0.5
0.6086956521739131
0.07142857142857142
0.6739130434782609
0.8384615384615385
1.0
0.5
0.7972972972972973
0.5952380952380952
0.8108108108108109
0.7962962962962963
0.48936170212765956
0.5476190476190477
0.11538461538461539
0.64
0.48936170212765956
0.32456140350877194
0.6909090909090909
0.5
0.8771929824561403
0.0
0.6
0.6529411764705882
0.21428571428571427
0.45098039215686275
0.27611940298507465
1.0
0.5
0.3142857142857143
0.3888888888888889
0.8333333333333334
0.3076923076923077
0.5952380952380952
0.723404255319149
0.6764705882352942
0.8666666666666667
0.7368421052631579
0.5555555555555556
0.34
0.5789473684210527
0.686046511627907
0.22727272727272727
0.7647058823529411
0.7666666666666667
0.58
0.5714285714285714
0.6864406779661016
0.5617283950617284
0.6404494382022472
0.5172413793103449
0.5512820512820513
0.5256410256410257
0.6276595744680851
0.3787878787878788
0.35294117647058826
0.8793103448275862
0.16
0.43333333333333335
0.6571428571428571
0.30434782608695654
0.2972972972972973
0.3103448275862069
0.47619047619047616
0.5571428571428572
0.7608695652173914
0.6595744680851063
0.16216216216216217
0.54
0.5263157894736842
0.4696969696969697
0.19047619047619047
0.07142857142857142
0.5483870967741935
0.3
0.34782608695652173
0.8484848484848485
0.4838709677419355
0.509090909090909
0.6666666666666666
0.7631578947368421
0.8181818181818182
0.0
0.3333333333333333
0.46774193548387094
0.5121951219512195
0.5813953488372093
0.36585365853658536
0.6938775510204082
0.6666666666666666
0.5853658536585366
0.2619047619047619
0.41379310344827586
0.7647058823529411
0.5704225352112676
0.5454545454545454
0.46551724137931033
0.7674418604651163
0.41304347826086957
0.5531914893617021
0.4032258064516129
0.7285714285714285
0.42063492063492064
0.7297297297297297
0.6428571428571429
0.35714285714285715
0.5909090909090909
0.6304347826086957
0.7142857142857143
0.7222222222222222
0.5
0.635593220338983
0.6792452830188679
0.6060606060606061
0.3918918918918919
0.32857142857142857
0.5256410256410257
0.36585365853658536
0.6702127659574468
0.7
0.5641025641025641
0.5675675675675675
0.6666666666666666
0.15384615384615385
0.35365853658536583
0.48
0.4788732394366197
0.527027027027027
0.6111111111111112
0.21052631578947367
0.7659574468085106
0.5555555555555556
0.46774193548387094
0.5172413793103449
0.8333333333333334
1.0
0.3333333333333333
0.5405405405405406
0.6764705882352942
0.7090909090909091
0.2909090909090909
0.8333333333333334
0.3108108108108108
0.704225352112676
0.18421052631578946
0.2857142857142857
0.7619047619047619
0.43333333333333335
0.3469387755102041
0.6111111111111112
0.6190476190476191
0.47058823529411764
0.48
0.08823529411764706
0.6111111111111112
0.52
0.4864864864864865
0.38461538461538464
0.36363636363636365
0.22857142857142856
0.45161290322580644
0.43478260869565216
0.6333333333333333
0.30434782608695654
0.5
0.15384615384615385
0.36363636363636365
0.36363636363636365
0.5
0.5
0.3076923076923077
0.11764705882352941
1.0
1.0
0.21428571428571427
0.32608695652173914
0.21052631578947367
0.23333333333333334
0.5588235294117647
0.21428571428571427
0.47297297297297297
0.6956521739130435
0.6111111111111112
0.23529411764705882
0.7307692307692307
0.6111111111111112
1.0
0.7933333333333333
0.62
0.32
0.6736842105263158
0.6557377049180327
0.0
0.12
0.4838709677419355
0.5333333333333333
0.14864864864864866
0.8157894736842105
0.23529411764705882
0.15217391304347827
0.291044776119403
0.46551724137931033
0.3387096774193548
0.30952380952380953
0.6551724137931034
0.46
0.52
0.2413793103448276
0.26
0.6153846153846154
0.34782608695652173
0.36363636363636365
0.8333333333333334
0.36507936507936506
0.6818181818181818
1.0
0.8372093023255814
0.6129032258064516
0.30701754385964913
0.9130434782608695
0.6774193548387096
0.41603053435114506
0.5
0.5793650793650794
0.39552238805970147
0.6333333333333333
0.4393939393939394
0.25806451612903225
0.7941176470588235
0.5
0.3484848484848485
0.5571428571428572
0.7307692307692307
0.3235294117647059
0.6666666666666666
0.7131147540983607
0.5
0.46511627906976744
0.7254901960784313
0.54
0.29245283018867924
0.7058823529411765
0.8333333333333334
1.0
0.36666666666666664
0.76
0.6818181818181818
0.2619047619047619
0.32608695652173914
0.09090909090909091
0.32432432432432434
0.5217391304347826
0.39655172413793105
0.1111111111111111
0.6
0.574468085106383
1.0
0.6111111111111112
0.5555555555555556
0.38235294117647056
0.11764705882352941
0.6304347826086957
1.0
0.0
0.4
1.0
0.42
0.8157894736842105
0.6739130434782609
0.3
0.6896551724137931
0.2619047619047619
0.524390243902439
0.3867924528301887
0.6929824561403509
0.6147540983606558
0.8404255319148937
0.7307692307692307
0.16666666666666666
0.7307692307692307
0.5542168674698795
0.4406779661016949
0.6521739130434783
0.4666666666666667
1.0
0.45348837209302323
0.58
0.3333333333333333
0.0
0.16666666666666666
0.7307692307692307
0.2826086956521739
0.23529411764705882
0.19047619047619047
0.11764705882352941
0.4827586206896552
0.47560975609756095
0.37777777777777777
0.532258064516129
0.6756756756756757
0.2857142857142857
0.4
0.0
0.0
0.5204081632653061
0.6
0.4
0.4662576687116564
0.3162393162393162
1.0
0.34782608695652173
0.35714285714285715
0.5
0.5434782608695652
0.47368421052631576
0.5370370370370371
0.25925925925925924
0.5545454545454546
0.2
0.45384615384615384
0.6956521739130435
0.27358490566037735
0.14285714285714285
0.42857142857142855
0.8255813953488372
0.5689655172413793
0.8333333333333334
0.3333333333333333
0.7538461538461538
0.4727272727272727
0.4523809523809524
0.7666666666666667
0.5930232558139535
0.40476190476190477
0.8260869565217391
0.52
0.19230769230769232
1.0
0.3717948717948718
0.5370370370370371
0.29411764705882354
0.6551724137931034
0.37142857142857144
0.4574468085106383
0.28378378378378377
0.4666666666666667
0.06
0.21428571428571427
0.6764705882352942
0.23684210526315788
0.532258064516129
0.46153846153846156
0.2727272727272727
0.4230769230769231
0.6612903225806451
0.6060606060606061
0.24358974358974358
0.42857142857142855
0.29069767441860467
0.41304347826086957
0.7619047619047619
0.4189189189189189
0.6764705882352942
0.35789473684210527
0.28205128205128205
0.6
0.2
0.2222222222222222
0.6037735849056604
0.6111111111111112
0.5
1.0
0.4230769230769231
0.6060606060606061
0.38235294117647056
0.38235294117647056
0.35185185185185186
0.3333333333333333
0.5
0.6190476190476191
0.5
0.6111111111111112
0.7941176470588235
0.7941176470588235
0.6111111111111112
0.5434782608695652
1.0
0.07142857142857142
0.30327868852459017
0.48412698412698413
0.46
0.5769230769230769
0.5727272727272728
0.39156626506024095
0.6
0.3333333333333333
0.0
0.5714285714285714
0.8709677419354839
0.7424242424242424
0.7551020408163265
0.64
0.5689655172413793
0.35555555555555557
0.627906976744186
0.4142857142857143
0.2
0.45454545454545453
0.6636363636363637
0.34615384615384615
0.5765765765765766
0.5056179775280899
0.6372549019607843
0.8979591836734694
0.3695652173913043
0.5263157894736842
0.5232558139534884
0.43478260869565216
0.5370370370370371
0.3870967741935484
0.7424242424242424
0.42857142857142855
0.5862068965517241
0.36363636363636365
0.54
0.5666666666666667
0.6888888888888889
0.5285714285714286
0.5144927536231884
0.3142857142857143
0.25806451612903225
0.2
0.30434782608695654
0.1956521739130435
0.3181818181818182
0.18181818181818182
0.44545454545454544
0.27419354838709675
0.5
0.25609756097560976
0.44366197183098594
0.3235294117647059
0.6147540983606558
0.573170731707317
0.3484848484848485
0.35185185185185186
0.6272727272727273
0.5169491525423728
0.6382978723404256
0.7432432432432432
0.5918367346938775
0.4666666666666667
0.4
0.2872340425531915
0.5540540540540541
0.40540540540540543
0.4146341463414634
0.5263157894736842
0.4444444444444444
0.45555555555555555
0.37254901960784315
0.46511627906976744
0.2948717948717949
0.6304347826086957
0.5769230769230769
0.6935483870967742
0.3488372093023256
0.5
0.2222222222222222
0.5853658536585366
0.43859649122807015
0.16666666666666666
0.14285714285714285
0.3469387755102041
0.22413793103448276
0.7666666666666667
0.5142857142857142
0.5285714285714286
0.34782608695652173
0.34210526315789475
1.0
0.631578947368421
0.7804878048780488
0.3783783783783784
0.5217391304347826
0.5
0.8
0.5163934426229508
0.43478260869565216
0.5294117647058824
0.5769230769230769
0.43548387096774194
0.6764705882352942
0.8703703703703703
0.5428571428571428
0.3918918918918919
0.5945945945945946
0.86
0.5076923076923077
0.4782608695652174
1.0
0.13157894736842105
0.5757575757575758
0.7619047619047619
0.7
0.8703703703703703
0.44285714285714284
0.5526315789473685
0.7058823529411765
0.35714285714285715
0.09090909090909091
0.4074074074074074
0.46923076923076923
0.6764705882352942
0.5952380952380952
0.7105263157894737
0.7666666666666667
0.626984126984127
0.72
0.2826086956521739
0.6046511627906976
0.16666666666666666
0.524390243902439
0.7027027027027027
0.5517241379310345
0.22727272727272727
0.6851851851851852
0.47368421052631576
0.3
0.25396825396825395
0.5757575757575758
0.6304347826086957
0.19230769230769232
0.3181818181818182
0.28378378378378377
0.47674418604651164
0.25862068965517243
0.5068493150684932
0.46774193548387094
0.3888888888888889
0.5217391304347826
0.20930232558139536
0.7702702702702703
0.7962962962962963
0.5487804878048781
0.5714285714285714
0.5294117647058824
0.45454545454545453
0.45555555555555555
0.5294117647058824
0.68
0.5285714285714286
0.43529411764705883
0.5112359550561798
0.5862068965517241
0.9461538461538461
0.696969696969697
0.3695652173913043
0.6428571428571429
0.7906976744186046
0.6349206349206349
0.6311475409836066
0.4090909090909091
0.44155844155844154
0.5
0.3448275862068966
0.4222222222222222
0.5443037974683544
0.5102040816326531
0.4
0.4696969696969697
0.8157894736842105
0.6
0.4827586206896552
0.5217391304347826
0.43103448275862066
0.4574468085106383
0.41818181818181815
0.7368421052631579
0.3
0.5087719298245614
0.09090909090909091
1.0
0.6153846153846154
0.398876404494382
0.4649122807017544
0.4587628865979381
0.5189873417721519
0.5432098765432098
0.3548387096774194
0.2631578947368421
0.5689655172413793
0.425531914893617
0.4
0.8333333333333334
0.4864864864864865
0.5185185185185185
0.4863013698630137
0.7553191489361702
0.4827586206896552
0.4727272727272727
0.41935483870967744
0.6216216216216216
0.08823529411764706
0.43636363636363634
0.19696969696969696
0.46
0.48936170212765956
0.47101449275362317
0.47058823529411764
0.7068965517241379
0.3333333333333333
0.6463414634146342
0.6142857142857143
0.5510204081632653
0.6639344262295082
0.43478260869565216
0.5348837209302325
0.4142857142857143
0.3225806451612903
0.25925925925925924
0.24
0.42574257425742573
0.5084745762711864
0.5149253731343284
0.17391304347826086
0.6060606060606061
0.64
0.46296296296296297
0.21739130434782608
0.5571428571428572
0.4473684210526316
0.14705882352941177
0.5
0.10526315789473684
0.3469387755102041
0.34444444444444444
0.5581395348837209
0.5344827586206896
0.6344086021505376
0.7941176470588235
0.07142857142857142
0.46551724137931033
0.3333333333333333
0.4540229885057471
0.7222222222222222
0.3717948717948718
0.6428571428571429
0.4186046511627907
0.46511627906976744
0.58
1.0
0.6
0.4842105263157895
0.412751677852349
0.11937716262975778
0.45222929936305734
0.5641025641025641
0.42134831460674155
0.54
0.5614035087719298
0.5975609756097561
0.5212765957446809
0.39344262295081966
0.46153846153846156
0.4387755102040816
0.68
0.2714285714285714
0.41935483870967744
0.4180327868852459
0.36585365853658536
0.45121951219512196
0.5
0.4111111111111111
0.4148936170212766
0.41139240506329117
0.16666666666666666
0.3787878787878788
0.8793103448275862
0.5851063829787234
0.6466666666666666
0.7941176470588235
0.5106382978723404
0.46808510638297873
0.45555555555555555
0.6276595744680851
0.6132075471698113
0.7244897959183674
0.3865546218487395
0.43142857142857144
0.7358490566037735
0.3488372093023256
0.16666666666666666
0.43333333333333335
0.5769230769230769
0.7307692307692307
0.3235294117647059
0.47058823529411764
0.3695652173913043
0.5
0.43103448275862066
0.34
0.46
0.7666666666666667
0.5602409638554217
0.5
0.4358974358974359
0.4
0.6666666666666666
0.5490196078431373
0.5163934426229508
0.7941176470588235
0.6470588235294118
0.6153846153846154
0.6627906976744186
0.3684210526315789
0.3474576271186441
0.7258064516129032
0.6411764705882353
0.5933333333333334
0.5144927536231884
0.16666666666666666
0.4098360655737705
0.352112676056338
0.33116883116883117
0.8181818181818182
0.2
0.0
0.16666666666666666
0.5714285714285714
0.44285714285714284
0.7052631578947368
0.5909090909090909
0.3548387096774194
0.5704225352112676
0.43333333333333335
0.6818181818181818
0.0
0.5588235294117647
0.5
0.7380952380952381
0.24193548387096775
0.7380952380952381
0.776595744680851
0.6764705882352942
0.32857142857142857
0.5
0.23809523809523808
0.5571428571428572
0.6351351351351351
0.3333333333333333
0.5789473684210527
0.7068965517241379
0.23684210526315788
0.09090909090909091
0.603448275862069
0.43023255813953487
0.5285714285714286
0.5333333333333333
0.44871794871794873
0.3181818181818182
0.4230769230769231
0.4787234042553192
0.524390243902439
0.7741935483870968
0.5377358490566038
0.47368421052631576
0.34782608695652173
0.27450980392156865
0.3333333333333333
0.29411764705882354
0.7040816326530612
0.3380281690140845
0.40476190476190477
0.2857142857142857
0.1
0.5
0.8939393939393939
0.6363636363636364
0.3333333333333333
0.44
0.573170731707317
0.5303030303030303
0.6578947368421053
0.6153846153846154
0.8333333333333334
0.8870967741935484
0.86
0.3076923076923077
0.16666666666666666
0.7142857142857143
0.47058823529411764
0.5545454545454546
0.5111111111111111
0.6194029850746269
0.3235294117647059
0.8692307692307693
0.7444444444444445
0.7666666666666667
0.5
0.8181818181818182
0.4666666666666667
0.39655172413793105
0.4117647058823529
0.3617021276595745
0.37272727272727274
0.4024390243902439
0.23076923076923078
1.0
0.5476190476190477
0.5
0.19230769230769232
0.782608695652174
0.4298245614035088
0.35714285714285715
0.6304347826086957
0.3888888888888889
0.5175438596491229
0.11538461538461539
0.0
0.6111111111111112
0.86
0.7352941176470589
0.5517241379310345
0.6454545454545455
0.4782608695652174
0.6511627906976745
0.46774193548387094
0.686046511627907
0.3
0.5
0.8333333333333334
0.42857142857142855
0.0
0.5263157894736842
0.5526315789473685
0.5952380952380952
0.6744186046511628
0.46296296296296297
0.3793103448275862
0.2857142857142857
0.45652173913043476
0.6
0.6818181818181818
0.5
1.0
0.49382716049382713
0.49523809523809526
0.5526315789473685
0.23529411764705882
0.3902439024390244
0.21428571428571427
0.4
0.425531914893617
0.8205128205128205
0.4827586206896552
0.6857142857142857
0.7049180327868853
0.6144578313253012
0.8870967741935484
0.5483870967741935
0.7068965517241379
0.46153846153846156
0.16666666666666666
0.0
0.6666666666666666
0.36363636363636365
0.38461538461538464
0.43333333333333335
0.6917808219178082
0.39215686274509803
0.7571428571428571
0.3358208955223881
0.48717948717948717
0.2948717948717949
0.45121951219512196
0.4634146341463415
0.23333333333333334
0.5362318840579711
0.7297297297297297
0.48
0.7368421052631579
0.3333333333333333
0.5121951219512195
0.7555555555555555
0.2391304347826087
0.42592592592592593
0.3656716417910448
0.4025974025974026
0.4153846153846154
0.43333333333333335
0.5
0.5641025641025641
0.18292682926829268
0.19230769230769232
0.5824175824175825
0.5526315789473685
0.36363636363636365
0.3415841584158416
0.5
0.1891891891891892
0.5
0.2857142857142857
0.6612903225806451
0.5483870967741935
0.6304347826086957
0.45294117647058824
0.5471698113207547
0.8703703703703703
0.8157894736842105
0.3142857142857143
0.38571428571428573
0.35294117647058826
0.41304347826086957
0.6521739130434783
0.6818181818181818
0.38095238095238093
0.3050847457627119
0.6585365853658537
0.6129032258064516
0.45098039215686275
0.7068965517241379
0.7741935483870968
0.8703703703703703
0.5754716981132075
0.5405405405405406
0.782608695652174
0.66
0.7435897435897436
0.2926829268292683
0.5149253731343284
0.5190476190476191
0.6349206349206349
0.6351351351351351
0.5189873417721519
0.4358974358974359
0.5632911392405063
0.3620689655172414
0.6643835616438356
0.6829268292682927
0.5151515151515151
0.29333333333333333
0.6956521739130435
0.2857142857142857
0.3111111111111111
0.3333333333333333
0.09090909090909091
0.14705882352941177
0.16666666666666666
0.8793103448275862
0.8372093023255814
0.19047619047619047
0.7142857142857143
0.03333333333333333
0.6521739130434783
0.7142857142857143
0.7439024390243902
0.7307692307692307
0.8148148148148148
0.23076923076923078
0.6078431372549019
0.42857142857142855
0.5714285714285714
0.6666666666666666
0.66
0.34285714285714286
0.5757575757575758
0.34782608695652173
0.6976744186046512
0.6046511627906976
0.9102564102564102
0.7461538461538462
0.7156862745098039
0.7407407407407407
0.8333333333333334
0.3
0.6351351351351351
0.6666666666666666
0.4148936170212766
0.4523809523809524
0.7289156626506024
0.7872340425531915
0.58
0.44
0.19047619047619047
0.6451612903225806
0.35135135135135137
0.5909090909090909
0.3684210526315789
0.8478260869565217
0.8508771929824561
0.38461538461538464
0.5344827586206896
0.38372093023255816
0.5094339622641509
0.3695652173913043
0.4726027397260274
0.35714285714285715
0.6
0.42857142857142855
0.5
0.6914893617021277
0.2631578947368421
0.8157894736842105
0.3076923076923077
0.8589743589743589
0.43103448275862066
0.35185185185185186
0.7258064516129032
0.5957446808510638
0.46153846153846156
0.5363636363636364
0.4576271186440678
0.7586206896551724
0.5952380952380952
0.5666666666666667
0.33783783783783783
0.3076923076923077
0.5
0.9
0.8333333333333334
0.7254901960784313
0.6063829787234043
0.8157894736842105
0.44871794871794873
0.5294117647058824
0.6923076923076923
0.4056603773584906
0.5882352941176471
0.1794871794871795
0.8333333333333334
0.5
0.4
0.603448275862069
0.7702702702702703
0.8023255813953488
1.0
0.42
0.45454545454545453
0.21052631578947367
0.6230769230769231
0.7941176470588235
0.3620689655172414
0.6612903225806451
0.9
0.6885245901639344
0.30434782608695654
0.37735849056603776
0.5975609756097561
0.3814814814814815
0.8023255813953488
0.5
0.39473684210526316
0.5980392156862745
0.4
0.5491803278688525
0.37755102040816324
0.07142857142857142
0.2777777777777778
0.15789473684210525
0.391304347826087
0.30701754385964913
0.6825396825396826
0.4152542372881356
0.7058823529411765
0.8771929824561403
0.5923076923076923
0.36666666666666664
0.5273972602739726
0.42105263157894735
0.0
0.3333333333333333
0.3103448275862069
0.3333333333333333
0.4032258064516129
0.5769230769230769
0.7857142857142857
0.7777777777777778
0.7368421052631579
0.6666666666666666
0.7307692307692307
0.8442622950819673
0.47368421052631576
0.782608695652174
0.4523809523809524
0.4411764705882353
0.8648648648648649
1.0
0.7777777777777778
0.5
0.5434782608695652
0.2608695652173913
0.7359550561797753
0.5882352941176471
0.5405405405405406
0.524390243902439
0.6818181818181818
0.7222222222222222
0.4
0.49019607843137253
0.4594594594594595
0.3111111111111111
0.6111111111111112
0.5862068965517241
0.32786885245901637
0.5898876404494382
0.30612244897959184
1.0
0.8870967741935484
0.47101449275362317
0.6320754716981132
0.7244897959183674
0.6176470588235294
0.8648648648648649
0.7
0.7790697674418605
0.7435897435897436
0.8333333333333334
0.8508771929824561
0.8043478260869565
0.7941176470588235
0.7567567567567568
0.5333333333333333
0.6111111111111112
1.0
0.5
0.6666666666666666
0.5344827586206896
0.5344827586206896
1.0
0.3974358974358974
0.07142857142857142
0.35185185185185186
0.3867924528301887
0.43548387096774194
0.6818181818181818
0.2894736842105263
0.5757575757575758
0.5
0.6627906976744186
0.574468085106383
0.6153846153846154
0.5714285714285714
0.4666666666666667
0.42857142857142855
0.4067796610169492
0.42857142857142855
0.7619047619047619
0.4714285714285714
0.6702127659574468
0.45121951219512196
0.5853658536585366
0.5319148936170213
0.7926829268292683
0.620253164556962
0.8333333333333334
0.46153846153846156
0.3
1.0
0.1
0.6129032258064516
0.684931506849315
0.44
0.6792452830188679
0.6060606060606061
0.3333333333333333
0.6363636363636364
0.44871794871794873
0.5901639344262295
0.6575342465753424
0.6904761904761905
0.7
0.6325301204819277
0.7222222222222222
0.8111111111111111
0.7711864406779662
0.7222222222222222
1.0
0.4482758620689655
0.8157894736842105
0.6186440677966102
0.5158730158730159
0.5930232558139535
0.5492957746478874
0.4857142857142857
0.38028169014084506
0.5918367346938775
0.7435897435897436
0.8478260869565217
0.8108108108108109
0.6612903225806451
0.52
0.4222222222222222
0.6571428571428571
0.4
0.6612903225806451
0.5888888888888889
0.7586206896551724
0.5849056603773585
0.5675675675675675
0.7647058823529411
0.7735849056603774
0.8
0.42
0.4888888888888889
0.532258064516129
0.5697674418604651
0.7702702702702703
0.34
0.6285714285714286
0.826530612244898
0.6384615384615384
0.4827586206896552
0.24615384615384617
0.6463414634146342
0.4
0.5578947368421052
0.6538461538461539
0.5245901639344263
0.43617021276595747
0.8205128205128205
0.5
0.673469387755102
0.5505050505050505
0.3275862068965517
0.6296296296296297
0.4473684210526316
0.23076923076923078
0.4090909090909091
0.78
0.3902439024390244
0.40540540540540543
0.5869565217391305
0.44
0.4
0.2391304347826087
0.4864864864864865
0.32432432432432434
0.7702702702702703
0.2903225806451613
0.47191011235955055
0.40476190476190477
0.28
0.09824561403508772
0.6341463414634146
0.2542372881355932
0.1896551724137931
0.16666666666666666
0.6229508196721312
1.0
0.30952380952380953
0.6851851851851852
0.5512820512820513
1.0
0.3684210526315789
0.5
0.5087719298245614
0.7575757575757576
0.6122448979591837
0.5422535211267606
0.6219512195121951
0.5
0.38461538461538464
0.0
0.1
0.0
0.4230769230769231
0.3
0.680327868852459
0.5483870967741935
0.4794520547945205
0.5
0.6615384615384615
0.8157894736842105
0.5614035087719298
0.0
0.0
0.6612903225806451
0.6486486486486487
0.5945945945945946
0.839622641509434
0.574468085106383
0.36363636363636365
0.7674418604651163
0.7093023255813954
0.7090909090909091
0.3235294117647059
0.6666666666666666
0.43103448275862066
0.46551724137931033
0.5975609756097561
0.6159420289855072
0.6594202898550725
0.7380952380952381
0.4716981132075472
0.6739130434782609
0.7272727272727273
0.5851063829787234
0.8580246913580247
0.48412698412698413
0.6530612244897959
0.7413793103448276
0.7424242424242424
0.4727272727272727
0.5813008130081301
0.8098591549295775
0.8144329896907216
0.4090909090909091
0.5967741935483871
0.6086956521739131
0.2826086956521739
0.6086956521739131
0.34210526315789475
0.3939393939393939
0.5517241379310345
0.7258064516129032
0.6351351351351351
0.58
0.8157894736842105
0.6190476190476191
0.7631578947368421
0.3783783783783784
0.5172413793103449
0.5
0.7222222222222222
0.7407407407407407
0.13333333333333333
0.5492957746478874
0.5737704918032787
1.0
0.5563380281690141
0.7244897959183674
0.6956521739130435
0.47540983606557374
0.6190476190476191
0.9146341463414634
0.6341463414634146
0.7605633802816901
0.8333333333333334
0.6267605633802817
0.7283950617283951
0.2826086956521739
0.86
0.3
1.0
0.7096774193548387
0.7560975609756098
0.43333333333333335
0.3983050847457627
0.39655172413793105
0.5704225352112676
0.7407407407407407
0.759493670886076
0.42857142857142855
0.2692307692307692
0.6666666666666666
0.8333333333333334
0.3023255813953488
0.2894736842105263
0.52
0.5094339622641509
0.7368421052631579
0.6025641025641025
0.2647058823529412
0.0
0.5
0.8589743589743589
0.47560975609756095
0.3717948717948718
0.44285714285714284
0.4864864864864865
0.13043478260869565
0.34615384615384615
0.6818181818181818
0.7051282051282052
0.5476190476190477
0.8157894736842105
0.6410256410256411
0.5384615384615384
0.4090909090909091
0.4716981132075472
0.5897435897435898
0.3333333333333333
0.8703703703703703
0.48148148148148145
0.5
0.6454545454545455
0.5909090909090909
0.2765957446808511
0.86
0.38095238095238093
0.6043956043956044
0.9054054054054054
0.8939393939393939
0.6587301587301587
0.6056338028169014
0.6774193548387096
0.42857142857142855
0.6190476190476191
0.8478260869565217
0.7571428571428571
0.7380952380952381
0.8181818181818182
0.8333333333333334
0.5483870967741935
0.36666666666666664
0.4782608695652174
0.8333333333333334
0.532258064516129
0.6896551724137931
0.6395348837209303
0.15384615384615385
0.581081081081081
0.5949367088607594
0.6698113207547169
0.44594594594594594
0.8333333333333334
0.4411764705882353
0.5952380952380952
0.7439024390243902
0.6282051282051282
0.7894736842105263
0.7307692307692307
0.9186046511627907
0.3870967741935484
0.8620689655172413
0.5545454545454546
0.68
0.6182795698924731
0.6538461538461539
0.5392156862745098
0.7153846153846154
0.7076923076923077
0.639344262295082
0.5392156862745098
0.5
0.8703703703703703
0.5344827586206896
0.6078431372549019
0.6777777777777778
0.6304347826086957
0.29310344827586204
0.7941176470588235
0.4444444444444444
0.6518987341772152
0.717391304347826
0.6956521739130435
0.4523809523809524
0.5301204819277109
0.5845070422535211
0.21428571428571427
0.6
0.39655172413793105
0.36046511627906974
0.4726027397260274
0.7162162162162162
0.8870967741935484
0.45555555555555555
0.7972972972972973
0.6351351351351351
0.7033898305084746
0.7307692307692307
0.0
0.0
0.6111111111111112
0.7058823529411765
0.32051282051282054
0.8095238095238095
0.7397260273972602
0.6886792452830188
0.658273381294964
0.6343283582089553
0.43478260869565216
0.86
0.5370370370370371
0.4444444444444444
0.6551724137931034
0.4879518072289157
0.5135135135135135
0.8023255813953488
0.7959183673469388
0.23076923076923078
0.5
0.6666666666666666
0.6016949152542372
0.6956521739130435
0.27586206896551724
0.47540983606557374
0.7105263157894737
0.14285714285714285
0.6142857142857143
0.6976744186046512
0.5714285714285714
0.3888888888888889
0.7941176470588235
0.30434782608695654
0.2222222222222222
1.0
0.3793103448275862
0.6666666666666666
0.5638297872340425
0.42592592592592593
1.0
0.8095238095238095
0.2777777777777778
0.64
0.43333333333333335
0.5454545454545454
0.5
0.2777777777777778
0.5098039215686274
0.3584905660377358
0.5789473684210527
0.6190476190476191
0.2826086956521739
0.6486486486486487
0.5128205128205128
0.58
0.6333333333333333
0.4090909090909091
0.3333333333333333
0.5363636363636364
0.572463768115942
0.5740740740740741
0.46153846153846156
0.4567901234567901
0.41836734693877553
0.4666666666666667
0.5
0.6956521739130435
0.5319148936170213
0.43333333333333335
0.4153846153846154
0.6219512195121951
0.5306122448979592
0.9310344827586207
0.5
0.5
0.30864197530864196
0.52
0.6372549019607843
0.34146341463414637
0.6395348837209303
0.6686746987951807
0.7758620689655172
0.6851851851851852
0.3870967741935484
0.4186046511627907
0.64
0.4230769230769231
0.8243243243243243
0.6016949152542372
0.5
0.7608695652173914
0.5
0.20967741935483872
0.32558139534883723
0.5487804878048781
0.3
0.6666666666666666
0.47191011235955055
0.7571428571428571
0.5238095238095238
0.5980392156862745
0.24285714285714285
0.4827586206896552
0.41379310344827586
0.5444444444444444
0.5384615384615384
0.12121212121212122
0.2692307692307692
0.6842105263157895
0.38524590163934425
0.358974358974359
0.6052631578947368
0.5869565217391305
0.5222222222222223
0.521505376344086
0.6864406779661016
0.13157894736842105
0.6282051282051282
0.23333333333333334
0.6666666666666666
0.5904761904761905
0.4672131147540984
0.4661016949152542
0.43478260869565216
0.3780487804878049
0.4573643410852713
0.6612903225806451
0.4406779661016949
0.5
0.5454545454545454
0.1956521739130435
0.635593220338983
0.5303030303030303
1.0
0.6923076923076923
0.7333333333333333
0.22727272727272727
0.5909090909090909
0.4074074074074074
0.4090909090909091
0.6014492753623188
0.6962025316455697
0.6885245901639344
0.782051282051282
0.782051282051282
0.2222222222222222
0.652542372881356
0.5634920634920635
0.5256410256410257
0.3225806451612903
0.672
0.5783132530120482
0.5434782608695652
0.2631578947368421
0.686046511627907
0.7941176470588235
0.6578947368421053
0.5918367346938775
0.5128205128205128
0.5677966101694916
0.7341772151898734
0.8692307692307693
0.5645161290322581
0.45977011494252873
0.6081081081081081
0.7021276595744681
0.696078431372549
0.25925925925925924
0.2
0.6176470588235294
0.5
0.5882352941176471
0.28205128205128205
0.9310344827586207
0.6341463414634146
0.4666666666666667
0.4696969696969697
0.7068965517241379
0.41304347826086957
0.3181818181818182
0.38461538461538464
0.7941176470588235
0.5512820512820513
0.5094339622641509
0.3888888888888889
0.42105263157894735
0.68
0.32432432432432434
0.6851851851851852
0.5614035087719298
0.42105263157894735
0.47058823529411764
0.4782608695652174
0.8703703703703703
0.5454545454545454
0.5465116279069767
0.5444444444444444
0.5283018867924528
0.40540540540540543
0.6555555555555556
0.6376811594202898
0.6909090909090909
0.9186046511627907
0.7317073170731707
0.48823529411764705
0.5151515151515151
0.47619047619047616
0.3888888888888889
0.48936170212765956
0.5983606557377049
0.5918367346938775
0.38461538461538464
0.6382978723404256
0.6864406779661016
0.15217391304347827
0.5545454545454546
0.1111111111111111
0.3142857142857143
0.4025974025974026
0.4954954954954955
0.5481927710843374
0.6147540983606558
0.16666666666666666
0.0
0.16666666666666666
0.3888888888888889
0.16666666666666666
0.6909090909090909
0.6530612244897959
1.0
0.7424242424242424
0.64
0.07692307692307693
0.5652173913043478
0.5918367346938775
0.6511627906976745
0.47101449275362317
0.5776699029126213
0.7
0.5
0.0
0.5555555555555556
0.8478260869565217
0.7258064516129032
0.8484848484848485
0.4411764705882353
0.14285714285714285
0.32432432432432434
0.5294117647058824
0.42857142857142855
0.4117647058823529
0.6060606060606061
0.6226415094339622
0.4473684210526316
0.2222222222222222
0.58
0.5882352941176471
0.21052631578947367
0.8023255813953488
0.72
0.3333333333333333
0.6818181818181818
0.7105263157894737
0.5
0.5102040816326531
0.5
0.5578947368421052
0.46153846153846156
0.47101449275362317
0.6825396825396826
0.46938775510204084
0.47333333333333333
0.22950819672131148
0.4268292682926829
0.5222222222222223
0.4846153846153846
0.5434782608695652
0.6851851851851852
0.7222222222222222
0.7333333333333333
0.5754716981132075
0.8650793650793651
0.5181818181818182
0.6
0.7266666666666667
0.746031746031746
0.5645161290322581
0.22972972972972974
0.5439560439560439
0.6363636363636364
0.577922077922078
0.3333333333333333
0.35714285714285715
0.39215686274509803
0.5294117647058824
0.7258064516129032
0.6428571428571429
0.5606060606060606
0.34057971014492755
0.5
0.35714285714285715
0.5882352941176471
0.538961038961039
0.34782608695652173
0.33962264150943394
0.3113207547169811
0.49056603773584906
0.524390243902439
0.37777777777777777
0.3
0.5
0.7258064516129032
0.4322033898305085
0.8275862068965517
0.7674418604651163
0.7105263157894737
0.391304347826087
0.2857142857142857
0.7051282051282052
0.4
0.6304347826086957
0.2619047619047619
0.16666666666666666
0.782608695652174
0.5116279069767442
0.6379310344827587
0.7
0.5185185185185185
0.4411764705882353
0.5454545454545454
0.3181818181818182
0.5675675675675675
0.3
0.5217391304347826
0.6132075471698113
0.3333333333333333
0.7941176470588235
0.8793103448275862
0.66
0.626984126984127
0.35555555555555557
0.5434782608695652
0.7450980392156863
0.3333333333333333
0.3333333333333333
1.0
0.7560975609756098
0.6111111111111112
1.0
0.44
0.7368421052631579
0.6111111111111112
1.0
0.5606060606060606
0.4634146341463415
0.6065573770491803
0.3333333333333333
0.46774193548387094
0.1951219512195122
0.7142857142857143
0.41379310344827586
0.5370370370370371
0.72
0.8666666666666667
0.6379310344827587
0.6666666666666666
0.9
0.3974358974358974
0.2647058823529412
0.6666666666666666
0.5526315789473685
0.8191489361702128
0.9393939393939394
0.5454545454545454
0.7702702702702703
0.5909090909090909
0.4666666666666667
0.7654320987654321
0.5344827586206896
0.8484848484848485
0.5697674418604651
0.4425287356321839
0.4393939393939394
0.42
0.3333333333333333
0.4777777777777778
0.2903225806451613
0.8157894736842105
0.5317460317460317
0.4696969696969697
0.6229508196721312
0.45121951219512196
0.5121951219512195
0.37606837606837606
0.25165562913907286
0.33783783783783783
0.2631578947368421
0.7435897435897436
0.6666666666666666
0.7054794520547946
0.2777777777777778
0.5860927152317881
0.4090909090909091
0.631578947368421
0.5256410256410257
0.7627118644067796
1.0
0.22413793103448276
1.0
0.2564102564102564
0.7666666666666667
0.5959595959595959
0.4805194805194805
0.5
0.8939393939393939
0.7307692307692307
0.8
0.4024390243902439
0.4
0.4830508474576271
0.2676056338028169
0.42857142857142855
0.5365853658536586
0.5
0.573170731707317
0.782608695652174
0.5581395348837209
0.2894736842105263
0.38461538461538464
0.6157894736842106
0.4
0.8278688524590164
0.9024390243902439
0.9152542372881356
0.8278688524590164
0.528169014084507
0.7476635514018691
0.6666666666666666
0.8009708737864077
0.6518987341772152
0.7235294117647059
0.7666666666666667
0.7439024390243902
0.6320754716981132
0.5492957746478874
0.7352941176470589
0.509090909090909
0.7926829268292683
0.7959183673469388
0.48717948717948717
0.5476190476190477
0.36666666666666664
0.5897435897435898
0.5
0.7435897435897436
0.7213114754098361
0.5943396226415094
0.6555555555555556
0.5740740740740741
1.0
0.5465116279069767
0.7741935483870968
0.782051282051282
0.43548387096774194
0.7191780821917808
0.5909090909090909
0.42857142857142855
0.8703703703703703
0.6885245901639344
0.6772151898734177
0.5652173913043478
0.6
0.6014492753623188
0.4888888888888889
0.8939393939393939
0.46153846153846156
0.43333333333333335
0.30869565217391304
0.3387096774193548
0.6382978723404256
0.7209302325581395
0.6086956521739131
1.0
0.6147540983606558
0.6075949367088608
0.86
0.5094339622641509
0.42452830188679247
0.7741935483870968
0.7926829268292683
0.4230769230769231
0.7608695652173914
0.5757575757575758
0.6268656716417911
0.8148148148148148
0.7777777777777778
0.6744186046511628
0.8275862068965517
0.43103448275862066
0.48936170212765956
0.6379310344827587
0.5555555555555556
0.5
0.5483870967741935
0.5
0.8793103448275862
0.8275862068965517
0.5806451612903226
1.0
0.40476190476190477
1.0
0.358974358974359
0.1935483870967742
0.8484848484848485
0.8589743589743589
0.5
0.6851851851851852
0.5757575757575758
0.696969696969697
0.35185185185185186
0.5
0.5588235294117647
0.5232558139534884
0.7941176470588235
0.5172413793103449
0.5806451612903226
0.8939393939393939
0.6509433962264151
0.7719298245614035
0.7468354430379747
0.5555555555555556
0.8
0.5813953488372093
0.6818181818181818
0.66
0.7333333333333333
0.7653061224489796
0.6194029850746269
0.5263157894736842
0.7
0.5645161290322581
0.7753623188405797
0.42857142857142855
0.7407407407407407
0.6285714285714286
0.5306122448979592
0.5
0.7222222222222222
0.4090909090909091
0.5181818181818182
0.5222222222222223
0.8157894736842105
0.6081081081081081
0.678082191780822
0.6976744186046512
0.5645161290322581
0.7547169811320755
0.8857142857142857
0.5980392156862745
0.5847457627118644
0.7926829268292683
0.7622950819672131
0.9622641509433962
0.6578947368421053
0.6830985915492958
0.7586206896551724
0.6214953271028038
0.8076923076923077
0.46296296296296297
0.7238095238095238
0.32608695652173914
0.686046511627907
0.8679245283018868
0.8780487804878049
0.6181818181818182
0.7894736842105263
0.8191489361702128
0.5444444444444444
0.28
0.8
0.5727272727272728
0.45081967213114754
0.654320987654321
0.5
0.8023255813953488
0.7241379310344828
0.6818181818181818
0.35135135135135137
0.5434782608695652
0.4824561403508772
0.5163934426229508
0.45774647887323944
0.4
0.7551020408163265
0.5454545454545454
0.6585365853658537
0.5064935064935064
0.6923076923076923
0.6558441558441559
0.4726027397260274
0.47297297297297297
0.4142857142857143
0.7076923076923077
0.5
0.8095238095238095
0.6818181818181818
0.5294117647058824
0.4175824175824176
0.43333333333333335
0.6851851851851852
0.0
0.676923076923077
0.5135135135135135
0.5967741935483871
0.2777777777777778
0.4672131147540984
0.7054794520547946
0.7608695652173914
0.5571428571428572
0.3448275862068966
0.5137614678899083
0.6
0.6511627906976745
0.4777777777777778
0.631578947368421
0.8372093023255814
0.7391304347826086
0.5952380952380952
0.3620689655172414
0.6818181818181818
0.6274509803921569
0.7941176470588235
0.7307692307692307
0.21052631578947367
0.5851063829787234
0.6222222222222222
0.2804878048780488
0.5918367346938775
0.8134328358208955
0.6222222222222222
0.5952380952380952
0.5
0.3023255813953488
0.4090909090909091
0.44545454545454544
0.5405405405405406
0.4899497487437186
0.41414141414141414
0.5909090909090909
0.6021505376344086
0.8793103448275862
0.54
0.7215189873417721
0.7647058823529411
0.8837209302325582
0.2391304347826087
0.7898550724637681
0.41353383458646614
0.32926829268292684
0.6851851851851852
0.7450980392156863
0.8870967741935484
0.6909090909090909
0.47802197802197804
0.7244897959183674
0.8
0.4322033898305085
0.7433628318584071
0.6935483870967742
0.7068965517241379
0.5317460317460317
0.40476190476190477
0.56
0.7894736842105263
1.0
0.4603174603174603
0.5405405405405406
0.6142857142857143
0.7244897959183674
0.5205479452054794
0.7051282051282052
0.5149253731343284
0.45132743362831856
0.5256410256410257
0.7121212121212122
0.86
0.7209302325581395
0.6486486486486487
0.8780487804878049
0.43859649122807015
0.5789473684210527
0.5136986301369864
0.7777777777777778
0.6188118811881188
1.0
0.5
0.7597402597402597
0.5869565217391305
0.16666666666666666
0.46153846153846156
0.5235294117647059
0.2777777777777778
0.15789473684210525
0.2966101694915254
0.5714285714285714
0.8717948717948718
0.5
0.3617021276595745
0.7357723577235772
0.48
0.6666666666666666
0.5561797752808989
0.42857142857142855
0.3695652173913043
0.4
0.48947368421052634
0.5510204081632653
0.8793103448275862
0.8484848484848485
0.7111111111111111
0.6752136752136753
0.5555555555555556
0.7191780821917808
0.6132075471698113
0.6428571428571429
0.8225806451612904
0.38095238095238093
0.8484848484848485
0.7439024390243902
0.5806451612903226
0.5465116279069767
0.5737704918032787
0.8850574712643678
0.6333333333333333
0.6721311475409836
0.7452830188679245
0.5733333333333334
0.7560975609756098
0.8648648648648649
0.5952380952380952
0.7608695652173914
0.5952380952380952
0.5
0.680327868852459
0.8333333333333334
0.5882352941176471
0.6808510638297872
0.696078431372549
0.5254237288135594
0.686046511627907
0.47560975609756095
0.26666666666666666
0.8157894736842105
0.22727272727272727
0.6142857142857143
0.7878787878787878
0.6923076923076923
0.37254901960784315
0.7307692307692307
0.573170731707317
0.48484848484848486
0.543859649122807
0.8
0.7307692307692307
0.4811320754716981
0.782051282051282
0.4482758620689655
0.1896551724137931
0.3018867924528302
0.38372093023255816
0.6818181818181818
0.7241379310344828
0.5223880597014925
0.39655172413793105
0.5652173913043478
0.782051282051282
0.6142857142857143
0.6329113924050633
1.0
0.782051282051282
0.7073170731707317
0.6304347826086957
0.5289855072463768
0.6923076923076923
0.8023255813953488
0.44776119402985076
0.43103448275862066
0.8181818181818182
0.49122807017543857
0.4358974358974359
0.4745762711864407
0.740506329113924
0.555045871559633
0.5487804878048781
0.6444444444444445
0.3387096774193548
0.54
0.6615384615384615
0.7911392405063291
0.7959183673469388
0.5949367088607594
0.46153846153846156
0.2727272727272727
0.4634146341463415
0.631578947368421
0.48412698412698413
0.11764705882352941
0.25555555555555554
0.5
0.46923076923076923
0.2692307692307692
0.7551020408163265
0.5510204081632653
0.8118279569892473
0.5769230769230769
0.07142857142857142
0.5759493670886076
0.2962962962962963
0.6157894736842106
0.43333333333333335
0.7857142857142857
0.5273972602739726
0.4714285714285714
0.7380952380952381
0.32
0.6568627450980392
0.42452830188679247
0.6221374045801527
0.3333333333333333
0.6333333333333333
0.4117647058823529
0.6666666666666666
0.7333333333333333
0.6739130434782609
0.35294117647058826
0.6363636363636364
0.5714285714285714
0.6764705882352942
0.43333333333333335
0.6
0.5094339622641509
0.35294117647058826
0.6276595744680851
0.4420289855072464
0.6046511627906976
0.5660377358490566
0.51010101010101
0.6530612244897959
0.43103448275862066
0.6491228070175439
1.0
0.6428571428571429
0.559322033898305
0.25806451612903225
0.38461538461538464
0.8387096774193549
0.41379310344827586
0.43137254901960786
0.62
0.9102564102564102
0.7435897435897436
0.5
0.4878048780487805
0.6231884057971014
0.4818181818181818
0.7536231884057971
0.7936507936507936
0.7454545454545455
0.4845360824742268
0.6268656716417911
0.5405405405405406
0.6417910447761194
0.6326530612244898
0.1111111111111111
0.391304347826087
0.5380952380952381
0.5461538461538461
0.5189873417721519
0.5862068965517241
0.7333333333333333
0.6046511627906976
0.7424242424242424
0.44594594594594594
0.5303030303030303
0.5256410256410257
0.5476190476190477
0.6436781609195402
0.5151515151515151
0.7921348314606742
0.4418604651162791
0.6
0.8108108108108109
0.7195121951219512
0.7142857142857143
0.6376811594202898
0.36046511627906974
0.7608695652173914
0.6851851851851852
0.6
0.40816326530612246
0.5897435897435898
0.43333333333333335
0.5
0.7307692307692307
0.5769230769230769
0.8837209302325582
0.5111111111111111
0.8780487804878049
0.5714285714285714
0.6182795698924731
0.6228070175438597
0.42857142857142855
0.6935483870967742
0.6052631578947368
0.6271186440677966
0.48148148148148145
0.5245901639344263
0.776595744680851
0.6779661016949152
0.6846153846153846
0.5777777777777777
0.7894736842105263
0.6111111111111112
0.7631578947368421
0.43478260869565216
0.7112676056338029
0.810126582278481
0.6694915254237288
0.48148148148148145
0.577922077922078
0.6153846153846154
0.5188679245283019
0.4661016949152542
0.5
1.0
0.3
0.32608695652173914
0.7586206896551724
0.4782608695652174
0.46938775510204084
0.7962962962962963
0.6351351351351351
0.8703703703703703
0.1956521739130435
1.0
0.7307692307692307
0.3684210526315789
0.19047619047619047
0.86
0.35714285714285715
0.64
0.4523809523809524
0.5333333333333333
0.7926829268292683
0.8870967741935484
0.6666666666666666
0.66
0.7162162162162162
0.5333333333333333
0.6621621621621622
0.40816326530612246
0.8658536585365854
0.6612903225806451
0.8484848484848485
0.7073170731707317
0.8648648648648649
0.5581395348837209
0.45652173913043476
0.38372093023255816
0.5
0.5849056603773585
0.5072463768115942
0.2804878048780488
0.45454545454545453
0.5701754385964912
0.7297297297297297
0.7340425531914894
0.25757575757575757
0.14705882352941177
0.5373134328358209
0.66
0.6363636363636364
0.45714285714285713
0.5
0.5877192982456141
0.4528301886792453
0.8829787234042553
0.6224489795918368
0.6052631578947368
0.6037735849056604
0.538961038961039
0.6940298507462687
0.86
0.52
0.8113207547169812
0.45454545454545453
0.5566037735849056
0.776595744680851
0.2988505747126437
0.21621621621621623
0.5272727272727272
0.425531914893617
0.8870967741935484
0.7372881355932204
0.5
0.5727272727272728
0.7372881355932204
0.5483870967741935
0.6491228070175439
0.17647058823529413
0.5759493670886076
0.6296296296296297
0.38095238095238093
0.5689655172413793
0.8333333333333334
0.5873015873015873
0.5
0.5677966101694916
0.7407407407407407
0.6274509803921569
0.5476190476190477
0.5617283950617284
0.3137254901960784
0.4764705882352941
0.7741935483870968
0.7786885245901639
0.30526315789473685
0.7676056338028169
0.3235294117647059
0.6578947368421053
0.4897959183673469
0.7183098591549296
0.4634146341463415
0.6612903225806451
0.5384615384615384
0.6666666666666666
0.6962025316455697
0.673469387755102
0.8870967741935484
0.826530612244898
0.7258064516129032
0.5
0.7162162162162162
0.5757575757575758
0.5491803278688525
0.6712328767123288
0.6538461538461539
0.532967032967033
0.7439024390243902
0.46774193548387094
0.5806451612903226
0.6739130434782609
0.7307692307692307
0.5606060606060606
1.0
0.6666666666666666
0.49382716049382713
0.5882352941176471
0.7127659574468085
0.25806451612903225
0.54
0.37037037037037035
0.5198019801980198
0.5
0.5540540540540541
0.5754716981132075
0.35714285714285715
0.5638297872340425
0.39473684210526316
0.6818181818181818
0.9512195121951219
0.6666666666666666
0.8793103448275862
0.6111111111111112
0.6612903225806451
0.78
0.7307692307692307
0.4782608695652174
0.7428571428571429
0.43333333333333335
0.5
0.5454545454545454
0.5853658536585366
0.6235955056179775
0.49122807017543857
0.2830188679245283
0.5689655172413793
0.44680851063829785
0.7666666666666667
0.5609756097560976
0.782608695652174
0.7195121951219512
0.36363636363636365
0.3709677419354839
0.7432432432432432
0.8484848484848485
0.4473684210526316
0.5
0.6142857142857143
0.41304347826086957
0.42857142857142855
0.6486486486486487
0.5454545454545454
0.4811320754716981
1.0
1.0
0.45454545454545453
0.6571428571428571
0.1774193548387097
0.5526315789473685
0.8947368421052632
1.0
0.6234567901234568
0.6818181818181818
0.4482758620689655
0.6228070175438597
0.8356164383561644
0.8939393939393939
0.2894736842105263
0.8
0.391304347826087
0.45454545454545453
0.5303030303030303
0.7941176470588235
0.5
0.14285714285714285
0.43902439024390244
0.1794871794871795
0.24242424242424243
0.5957446808510638
0.38461538461538464
0.7244897959183674
0.5616438356164384
0.7441860465116279
0.6530612244897959
0.7258064516129032
0.8191489361702128
0.45454545454545453
0.5853658536585366
0.6222222222222222
0.66
0.15384615384615385
0.5408163265306123
0.7735849056603774
0.7058823529411765
0.6818181818181818
0.6864406779661016
0.7195121951219512
0.6538461538461539
1.0
0.4589041095890411
0.8333333333333334
0.6326530612244898
0.6274509803921569
0.5333333333333333
0.5862068965517241
0.3181818181818182
0.5344827586206896
0.5333333333333333
0.603448275862069
0.4
0.5862068965517241
0.6538461538461539
0.8157894736842105
0.3333333333333333
0.6428571428571429
0.3695652173913043
0.3157894736842105
0.44680851063829785
0.13414634146341464
0.6794871794871795
0.7666666666666667
0.5740740740740741
0.676923076923077
0.2727272727272727
0.5526315789473685
0.47058823529411764
0.6046511627906976
0.46153846153846156
0.8448275862068966
0.66
0.7096774193548387
0.4787234042553192
0.3181818181818182
0.8478260869565217
0.6814159292035398
0.66
0.7358490566037735
0.5813953488372093
0.4925373134328358
0.5140845070422535
0.4731182795698925
0.5
0.7333333333333333
0.5
0.16666666666666666
0.3333333333333333
0.4716981132075472
0.5283018867924528
0.3404255319148936
0.32222222222222224
0.4714285714285714
0.6060606060606061
0.58
0.676056338028169
0.6182266009852216
0.5
0.7089552238805971
0.49382716049382713
0.6153846153846154
0.6190476190476191
0.6265822784810127
0.686046511627907
0.8235294117647058
0.38
0.18571428571428572
0.2
0.5384615384615384
1.0
0.2857142857142857
0.45652173913043476
0.5689655172413793
0.26666666666666666
0.3548387096774194
0.23684210526315788
0.7368421052631579
0.47297297297297297
0.5256410256410257
0.6888888888888889
0.35185185185185186
0.6363636363636364
0.686046511627907
0.5526315789473685
0.7093023255813954
0.6282051282051282
0.6086956521739131
0.5444444444444444
0.5212765957446809
0.58
0.5909090909090909
0.7093023255813954
0.746031746031746
0.8148148148148148
0.6724137931034483
0.6376811594202898
0.6153846153846154
0.44871794871794873
0.4074074074074074
0.5
0.5135135135135135
0.38095238095238093
0.336734693877551
0.7441860465116279
0.6063829787234043
0.5952380952380952
0.6170212765957447
0.3488372093023256
0.4358974358974359
0.16666666666666666
0.5212765957446809
0.64
0.7547169811320755
0.2358490566037736
0.6454545454545455
0.5645161290322581
0.5263157894736842
0.42
0.5163934426229508
0.5425531914893617
0.4924812030075188
0.7622950819672131
0.5
0.603448275862069
0.6142857142857143
0.6197183098591549
0.6929824561403509
0.6612903225806451
0.3695652173913043
0.3235294117647059
0.4576271186440678
0.5
1.0
0.5677966101694916
0.648936170212766
0.34285714285714286
0.4696969696969697
0.32857142857142857
0.296969696969697
0.686046511627907
0.1956521739130435
0.5
0.2966101694915254
0.6444444444444445
0.6444444444444445
0.4696969696969697
0.6818181818181818
0.3148148148148148
0.5882352941176471
0.8157894736842105
0.2826086956521739
0.5606060606060606
0.41025641025641024
0.5588235294117647
0.7428571428571429
0.9
0.3148148148148148
0.5
0.5612244897959183
0.6829268292682927
0.5853658536585366
1.0
0.5333333333333333
0.15384615384615385
0.21052631578947367
0.34210526315789475
0.7407407407407407
0.38095238095238093
0.5769230769230769
0.4878048780487805
0.4069767441860465
0.5957446808510638
0.4666666666666667
0.4782608695652174
0.6097560975609756
0.7
0.44594594594594594
0.7941176470588235
0.7407407407407407
0.6097560975609756
0.7244897959183674
0.46
0.5428571428571428
0.8108108108108109
0.6097560975609756
0.8648648648648649
0.7551020408163265
0.8387096774193549
0.7162162162162162
0.6764705882352942
0.6521739130434783
0.38
0.7941176470588235
0.3974358974358974
0.5737704918032787
1.0
0.6896551724137931
0.5888888888888889
0.9054054054054054
0.7692307692307693
0.746031746031746
0.6060606060606061
0.5370370370370371
0.4482758620689655
0.7857142857142857
1.0
0.547945205479452
0.7941176470588235
0.7551020408163265
0.6621621621621622
0.5238095238095238
0.32
0.6333333333333333
0.6610169491525424
0.6567164179104478
0.3333333333333333
0.5188679245283019
0.7162162162162162
0.6216216216216216
0.5797101449275363
Min Sentence GLEU Score: 0.0
Max Sentence GLEU Score: 1.0
Average Sentence GLEU Score: 0.5140277350720083
Corpus Sentence GLEU Score: 0.5797101449275363
