0.6111111111111112
0.6754385964912281
0.4883720930232558
0.6864406779661016
0.38235294117647056
0.43478260869565216
0.5675675675675675
0.5638297872340425
0.2972972972972973
0.6037735849056604
0.4727272727272727
0.3974358974358974
0.5142857142857142
0.7285714285714285
0.6081081081081081
0.8703703703703703
0.5283018867924528
0.6491228070175439
0.8292682926829268
0.717948717948718
1.0
0.6111111111111112
0.44
0.5581395348837209
1.0
0.5333333333333333
0.5952380952380952
0.0
0.6521739130434783
0.3442622950819672
0.2857142857142857
0.5181818181818182
0.5
0.6666666666666666
0.6129032258064516
0.34210526315789475
0.42857142857142855
0.6818181818181818
0.6212121212121212
0.7714285714285715
0.24074074074074073
0.3148148148148148
0.5
0.15384615384615385
0.7586206896551724
0.46153846153846156
0.42857142857142855
0.3888888888888889
0.7424242424242424
0.3448275862068966
0.4230769230769231
0.7553191489361702
0.6212121212121212
0.532
0.35185185185185186
0.4379310344827586
0.44776119402985076
0.5555555555555556
0.5849056603773585
0.41935483870967744
0.6851851851851852
0.45161290322580644
0.6
0.2469879518072289
0.26666666666666666
0.5098039215686274
0.8
0.34782608695652173
0.32558139534883723
0.21428571428571427
0.19230769230769232
0.36363636363636365
0.4189189189189189
0.574468085106383
0.8703703703703703
0.41304347826086957
0.28205128205128205
0.5333333333333333
0.2777777777777778
0.8703703703703703
0.5675675675675675
0.4482758620689655
0.5526315789473685
0.66
0.7619047619047619
0.5517241379310345
0.4594594594594595
0.41025641025641024
0.3148148148148148
0.21428571428571427
0.5555555555555556
0.39344262295081966
0.46153846153846156
0.86
0.5238095238095238
0.6851851851851852
0.6
0.5
0.5128205128205128
0.44
0.4090909090909091
0.6818181818181818
0.66
0.2631578947368421
0.7298850574712644
0.86
0.6333333333333333
0.4918032786885246
0.6
0.42105263157894735
0.25862068965517243
0.5365853658536586
0.36
0.7777777777777778
0.5303030303030303
0.5272727272727272
0.4230769230769231
0.39090909090909093
0.6
0.6
0.7017543859649122
0.4803921568627451
0.8571428571428571
0.8145695364238411
0.6267605633802817
0.16666666666666666
0.5538461538461539
0.14797507788161993
0.3
0.3333333333333333
0.6690647482014388
0.6756756756756757
0.5333333333333333
0.36666666666666664
0.5161290322580645
0.16666666666666666
0.4
0.7352941176470589
0.3813559322033898
0.427536231884058
0.6142857142857143
0.4805194805194805
0.7439024390243902
0.9054054054054054
0.5
0.8157894736842105
0.6111111111111112
0.5952380952380952
0.3684210526315789
0.391304347826087
0.4782608695652174
0.5
0.6111111111111112
0.7058823529411765
0.6666666666666666
0.2222222222222222
0.7307692307692307
0.6956521739130435
0.6304347826086957
0.6818181818181818
0.36363636363636365
0.33783783783783783
0.2972972972972973
0.4161849710982659
0.5089820359281437
0.5449438202247191
0.8043478260869565
0.4540229885057471
0.5869565217391305
0.4473684210526316
0.4142857142857143
0.2866666666666667
0.29411764705882354
0.7758620689655172
0.1774193548387097
0.7301587301587301
0.5363636363636364
0.4864864864864865
0.4714285714285714
0.5476190476190477
0.5647058823529412
0.5196078431372549
0.6111111111111112
0.6818181818181818
0.5689655172413793
0.5333333333333333
0.5512820512820513
0.7674418604651163
0.5128205128205128
0.5
0.3235294117647059
0.15384615384615385
0.8333333333333334
0.5641025641025641
0.5
0.4189189189189189
0.3
0.1
1.0
0.5555555555555556
0.21428571428571427
0.5
0.0
0.5895522388059702
0.5454545454545454
0.6341463414634146
0.7407407407407407
0.4696969696969697
0.536144578313253
0.6153846153846154
0.7926829268292683
0.5555555555555556
0.7096774193548387
0.1935483870967742
0.42857142857142855
0.14814814814814814
0.631578947368421
0.2878787878787879
0.4117647058823529
0.045454545454545456
0.6923076923076923
0.5176470588235295
0.27358490566037735
0.7941176470588235
0.21052631578947367
0.7631578947368421
0.6511627906976745
0.6632653061224489
0.32857142857142857
0.5172413793103449
0.4523809523809524
0.40476190476190477
0.6111111111111112
0.41935483870967744
0.3829787234042553
0.3
0.38461538461538464
0.64
0.7
0.6395348837209303
0.4461538461538462
0.3
0.6268656716417911
0.4482758620689655
0.5898876404494382
0.5689655172413793
0.39473684210526316
0.7666666666666667
0.47058823529411764
0.3181818181818182
0.52
0.6744186046511628
0.5714285714285714
0.7424242424242424
0.5689655172413793
0.6226415094339622
0.42857142857142855
0.34782608695652173
0.7058823529411765
0.5930232558139535
0.6521739130434783
0.6176470588235294
0.6612903225806451
0.19230769230769232
0.3333333333333333
0.7368421052631579
0.54
0.6666666666666666
0.6081081081081081
0.5555555555555556
0.5555555555555556
0.7142857142857143
0.603448275862069
0.45348837209302323
0.2
0.5862068965517241
0.5869565217391305
0.7666666666666667
0.7666666666666667
0.3333333333333333
0.14171122994652408
0.2830188679245283
0.3424657534246575
0.6
0.6846153846153846
0.6621621621621622
0.6666666666666666
0.4438202247191011
0.27586206896551724
0.5098039215686274
0.8333333333333334
0.7424242424242424
0.3474576271186441
0.2727272727272727
0.1956521739130435
0.5
0.5
0.7307692307692307
0.5294117647058824
0.6276595744680851
0.6521739130434783
0.8208955223880597
0.5614035087719298
0.5727272727272728
0.58
0.5952380952380952
0.8478260869565217
0.86
0.45714285714285713
0.24390243902439024
0.2894736842105263
0.21428571428571427
0.4482758620689655
0.34
0.10869565217391304
0.3181818181818182
0.16666666666666666
0.2413793103448276
0.42105263157894735
0.2777777777777778
0.8157894736842105
0.24074074074074073
0.5
0.4090909090909091
0.2222222222222222
0.6818181818181818
0.6
0.6111111111111112
0.4016393442622951
0.6212121212121212
0.6545454545454545
0.6614173228346457
0.7209302325581395
0.6304347826086957
0.3793103448275862
1.0
0.6978021978021978
0.6333333333333333
0.6666666666666666
0.8157894736842105
0.5285714285714286
0.5759493670886076
0.7307692307692307
0.6285714285714286
0.4074074074074074
0.6493506493506493
0.8431372549019608
0.5508474576271186
0.7926829268292683
0.25806451612903225
0.5
0.5487804878048781
0.38028169014084506
0.5784313725490197
0.5142857142857142
0.7777777777777778
0.5740740740740741
0.5490196078431373
0.6774193548387096
0.4189189189189189
0.47058823529411764
0.4788732394366197
0.5402298850574713
0.4666666666666667
0.5106382978723404
0.2631578947368421
0.8157894736842105
0.46153846153846156
0.5619469026548672
0.7368421052631579
0.5491803278688525
0.7307692307692307
0.41304347826086957
0.44776119402985076
0.43103448275862066
0.4090909090909091
0.7058823529411765
0.4339622641509434
0.6415094339622641
0.43548387096774194
0.6122448979591837
0.40540540540540543
0.5591397849462365
0.639344262295082
0.7230769230769231
0.5882352941176471
0.2
0.6111111111111112
0.7941176470588235
0.5196078431372549
0.6428571428571429
0.5689655172413793
0.7741935483870968
0.8703703703703703
0.7702702702702703
0.4009009009009009
0.5
0.7222222222222222
0.6851851851851852
0.9
0.5
0.4099099099099099
0.28350515463917525
0.5900900900900901
0.4
0.4117647058823529
0.5084745762711864
0.5238095238095238
0.2608695652173913
0.35294117647058826
0.36486486486486486
0.7307692307692307
0.5444444444444444
0.3902439024390244
0.3181818181818182
0.24
0.46551724137931033
0.23333333333333334
0.47058823529411764
0.5
0.3524590163934426
0.27586206896551724
0.21428571428571427
0.2222222222222222
0.6956521739130435
0.3829787234042553
0.4473684210526316
0.4
0.16666666666666666
0.16666666666666666
0.7941176470588235
0.4873417721518987
0.6044776119402985
0.5571428571428572
0.22727272727272727
0.3333333333333333
1.0
0.4339622641509434
0.3888888888888889
0.6
0.46153846153846156
0.7575757575757576
0.7666666666666667
0.2
0.7333333333333333
0.6818181818181818
0.5
0.8
0.8387096774193549
0.4666666666666667
0.48717948717948717
0.4117647058823529
0.0
0.6288659793814433
0.3181818181818182
0.21052631578947367
0.16666666666666666
0.2972972972972973
0.46551724137931033
0.5
0.7432432432432432
0.5
0.4230769230769231
0.2413793103448276
0.42105263157894735
0.5471698113207547
0.5173010380622838
0.6851851851851852
0.46153846153846156
0.28888888888888886
0.4935064935064935
0.13636363636363635
0.3651685393258427
0.2222222222222222
0.30434782608695654
0.2863247863247863
0.7258064516129032
0.46153846153846156
0.30434782608695654
0.3225806451612903
0.3
0.8703703703703703
0.5588235294117647
0.753968253968254
0.4365079365079365
0.42727272727272725
0.7021276595744681
0.6176470588235294
0.782051282051282
1.0
0.6666666666666666
0.4634146341463415
0.46923076923076923
0.562962962962963
0.8461538461538461
0.717391304347826
1.0
0.7702702702702703
0.5614035087719298
0.43548387096774194
0.5517241379310345
0.5
0.4777777777777778
0.8188405797101449
0.6724137931034483
0.2222222222222222
0.3902439024390244
0.3591549295774648
0.7203389830508474
0.4322033898305085
0.7741935483870968
0.4444444444444444
0.41228070175438597
0.5714285714285714
0.4
0.3157894736842105
0.5952380952380952
0.34782608695652173
0.0
0.0
0.2
0.5882352941176471
0.3684210526315789
0.42857142857142855
0.7666666666666667
0.2714285714285714
0.44285714285714284
0.2878787878787879
0.3181818181818182
0.45652173913043476
0.3684210526315789
0.4418604651162791
0.5882352941176471
0.16666666666666666
0.3333333333333333
0.34210526315789475
0.8157894736842105
0.5344827586206896
0.2727272727272727
0.45652173913043476
0.3170731707317073
0.5135135135135135
0.45454545454545453
0.3793103448275862
0.5128205128205128
0.42
0.42
0.5571428571428572
0.46153846153846156
0.39473684210526316
0.6058823529411764
0.5465116279069767
0.8333333333333334
0.16666666666666666
0.8205128205128205
0.5454545454545454
0.5909090909090909
0.5512820512820513
0.5319148936170213
0.5
0.7307692307692307
0.16666666666666666
1.0
0.8444444444444444
0.24
0.527027027027027
0.6935483870967742
0.46
0.13043478260869565
0.44545454545454544
1.0
1.0
0.48148148148148145
1.0
0.5714285714285714
0.16666666666666666
0.5952380952380952
0.26666666666666666
0.4
0.6818181818181818
0.44594594594594594
0.3076923076923077
0.4
0.66
0.5540540540540541
0.6351351351351351
0.42857142857142855
0.4523809523809524
0.6818181818181818
0.58
0.8333333333333334
0.6764705882352942
0.2826086956521739
1.0
0.3333333333333333
0.62
0.35135135135135137
1.0
0.5142857142857142
0.5
0.3170731707317073
0.6595744680851063
0.2894736842105263
0.35714285714285715
0.6086956521739131
0.5
0.35714285714285715
0.47368421052631576
0.8939393939393939
0.5
0.5945945945945946
0.39473684210526316
0.5084033613445378
0.711864406779661
0.5784313725490197
0.6206896551724138
0.3333333333333333
0.2727272727272727
0.5952380952380952
0.6
0.3333333333333333
0.3
1.0
0.5
0.3333333333333333
0.3888888888888889
1.0
1.0
0.4
1.0
1.0
1.0
0.3333333333333333
0.14705882352941177
0.6
1.0
0.3888888888888889
1.0
1.0
0.3333333333333333
0.18181818181818182
0.4
0.4634146341463415
0.5111111111111111
0.3108108108108108
0.7
0.43478260869565216
0.34285714285714286
0.2878787878787879
0.34782608695652173
0.24390243902439024
0.5925925925925926
0.42857142857142855
0.4523809523809524
0.3904109589041096
0.6333333333333333
0.2796610169491525
0.35714285714285715
0.36
0.38095238095238093
0.6111111111111112
0.6081081081081081
0.5370370370370371
0.7307692307692307
0.6428571428571429
0.36
0.7307692307692307
0.8703703703703703
0.2
0.2857142857142857
0.5714285714285714
0.8157894736842105
0.5
0.38
0.3888888888888889
0.5263157894736842
0.5076923076923077
0.7209302325581395
0.5645161290322581
0.6626506024096386
0.4253731343283582
0.4
0.6351351351351351
0.6349206349206349
0.3157894736842105
0.40476190476190477
0.5447761194029851
0.6014492753623188
0.42452830188679247
0.7307692307692307
0.4579831932773109
0.2111111111111111
0.3888888888888889
0.6951219512195121
0.48360655737704916
0.5396825396825397
0.4
0.42857142857142855
0.6111111111111112
0.36363636363636365
0.5714285714285714
0.29411764705882354
0.6440677966101694
0.48
0.56
0.6666666666666666
0.6938775510204082
0.41304347826086957
0.34782608695652173
0.4782608695652174
0.4074074074074074
0.5769230769230769
0.38372093023255816
0.26506024096385544
0.37719298245614036
0.4189189189189189
0.5
0.5
0.5
0.86
0.36666666666666664
0.43333333333333335
0.6777777777777778
0.6111111111111112
0.4666666666666667
0.4230769230769231
0.5
0.6379310344827587
0.7878787878787878
0.72
0.8939393939393939
0.6285714285714286
0.6111111111111112
0.2777777777777778
0.23076923076923078
0.5294117647058824
0.72
0.38028169014084506
0.5263157894736842
0.1
0.47674418604651164
0.8103448275862069
0.6282051282051282
0.5510204081632653
0.4180327868852459
0.11538461538461539
0.7941176470588235
0.26666666666666666
0.5
1.0
0.5465116279069767
0.6363636363636364
0.7888888888888889
0.8648648648648649
0.5
0.6304347826086957
0.4897959183673469
0.4888888888888889
0.38372093023255816
0.6304347826086957
0.3333333333333333
0.4074074074074074
0.4915254237288136
0.24
0.47959183673469385
0.3484848484848485
0.47560975609756095
0.5
1.0
0.54
0.8157894736842105
0.8
0.66
0.5606060606060606
0.8571428571428571
0.6351351351351351
0.3902439024390244
0.5660377358490566
0.6290322580645161
0.35714285714285715
0.5757575757575758
0.6285714285714286
0.4666666666666667
0.6666666666666666
0.7096774193548387
0.34146341463414637
0.7941176470588235
0.6666666666666666
0.7941176470588235
0.8148148148148148
0.5645161290322581
0.5869565217391305
0.52
0.4057971014492754
0.6052631578947368
0.42857142857142855
0.5303030303030303
0.5256410256410257
0.3333333333333333
0.3333333333333333
0.0
0.7142857142857143
0.5
0.6
0.3333333333333333
0.5517241379310345
0.6929824561403509
0.4222222222222222
0.6159420289855072
0.22727272727272727
0.3333333333333333
0.0
1.0
0.4111111111111111
0.6222222222222222
0.6111111111111112
0.5263157894736842
0.6111111111111112
0.7037037037037037
0.7
0.3684210526315789
0.6025641025641025
0.6333333333333333
0.7619047619047619
0.6601941747572816
0.4032258064516129
0.5540540540540541
0.8157894736842105
0.6206896551724138
0.8870967741935484
1.0
0.7586206896551724
0.3888888888888889
1.0
0.4090909090909091
0.3793103448275862
1.0
0.4666666666666667
0.5434782608695652
0.8333333333333334
0.3548387096774194
0.43103448275862066
0.5666666666666667
0.696969696969697
0.3684210526315789
0.3684210526315789
0.5925925925925926
0.5454545454545454
0.19230769230769232
0.5714285714285714
0.6351351351351351
0.40476190476190477
0.34210526315789475
0.22413793103448276
0.3
0.19047619047619047
0.3695652173913043
0.6621621621621622
0.7058823529411765
0.7063492063492064
0.43023255813953487
0.37735849056603776
0.696078431372549
0.5098039215686274
0.6511627906976745
0.803030303030303
0.4909090909090909
0.6558441558441559
0.7333333333333333
0.7142857142857143
0.4336283185840708
0.7553191489361702
0.6162790697674418
0.6666666666666666
0.6046511627906976
0.3246753246753247
0.3769230769230769
0.2872340425531915
0.461038961038961
0.7058823529411765
0.2289156626506024
0.5952380952380952
0.3877551020408163
0.2222222222222222
0.6481481481481481
0.5151515151515151
0.21428571428571427
0.78
0.36666666666666664
1.0
0.5
0.6363636363636364
0.36666666666666664
0.5555555555555556
0.8888888888888888
0.45714285714285713
0.2
0.0
0.6440677966101694
0.6818181818181818
0.6190476190476191
0.7029702970297029
0.6836734693877551
0.1
0.4176470588235294
0.5365853658536586
0.635593220338983
0.7586206896551724
0.5
0.8157894736842105
0.3780487804878049
0.5510204081632653
0.5370370370370371
0.6379310344827587
0.21428571428571427
1.0
0.16666666666666666
0.46153846153846156
0.23076923076923078
0.5061728395061729
0.16666666666666666
0.8
0.4444444444444444
0.62
0.6212121212121212
0.581081081081081
0.13043478260869565
0.62
0.4473684210526316
0.6333333333333333
0.3235294117647059
0.6551724137931034
0.6111111111111112
0.7666666666666667
0.8793103448275862
0.7380952380952381
0.6666666666666666
0.5483870967741935
0.2948717948717949
0.7702702702702703
0.74
0.5952380952380952
0.5555555555555556
0.4
0.7586206896551724
0.6111111111111112
0.5
0.8939393939393939
0.39655172413793105
0.7258064516129032
0.509090909090909
0.43333333333333335
0.25925925925925924
0.4444444444444444
0.7843137254901961
0.7666666666666667
0.6122448979591837
0.8157894736842105
0.4608695652173913
0.39655172413793105
0.37142857142857144
1.0
0.6857142857142857
0.8333333333333334
0.3333333333333333
0.2727272727272727
0.5740740740740741
0.3888888888888889
0.5217391304347826
0.524390243902439
0.44594594594594594
0.6956521739130435
0.6060606060606061
0.46551724137931033
0.7666666666666667
0.52
0.38235294117647056
0.5365853658536586
0.6097560975609756
0.6851851851851852
0.52
0.32558139534883723
0.5882352941176471
1.0
0.348
0.7
0.4343065693430657
0.21428571428571427
0.16666666666666666
0.6111111111111112
0.44285714285714284
0.6428571428571429
0.5333333333333333
0.7021276595744681
0.7692307692307693
0.22727272727272727
0.2222222222222222
0.6923076923076923
0.5769230769230769
0.3333333333333333
0.12462006079027356
0.45384615384615384
0.5317460317460317
0.4824561403508772
0.4885057471264368
0.3695652173913043
0.6122448979591837
1.0
0.6851851851851852
0.6379310344827587
0.2894736842105263
0.42857142857142855
0.23529411764705882
0.6818181818181818
0.3181818181818182
0.6111111111111112
0.8292682926829268
1.0
0.5862068965517241
0.86
0.5363636363636364
0.5862068965517241
0.16666666666666666
0.6818181818181818
0.6129032258064516
0.6666666666666666
0.46
0.627906976744186
0.23333333333333334
0.46511627906976744
0.6222222222222222
0.7040816326530612
0.6111111111111112
0.8108108108108109
0.7307692307692307
0.47058823529411764
0.4523809523809524
0.1
0.5714285714285714
0.45384615384615384
0.3333333333333333
0.6282051282051282
0.7424242424242424
0.4032258064516129
0.5
0.3333333333333333
0.6228070175438597
0.2222222222222222
0.7142857142857143
0.0
0.14285714285714285
0.20967741935483872
0.5428571428571428
0.5
0.46938775510204084
0.6612903225806451
0.6666666666666666
0.44285714285714284
0.3620689655172414
0.5545454545454546
0.7692307692307693
0.8666666666666667
0.42424242424242425
0.576271186440678
0.5106382978723404
0.5238095238095238
0.8
0.6756756756756757
0.7941176470588235
0.5526315789473685
0.42857142857142855
0.6666666666666666
0.5952380952380952
0.5465116279069767
0.5423728813559322
0.6260162601626016
0.5882352941176471
0.16666666666666666
0.0
0.8648648648648649
0.38095238095238093
0.46938775510204084
0.7941176470588235
0.5869565217391305
0.2631578947368421
0.6818181818181818
0.19230769230769232
0.7666666666666667
0.38461538461538464
0.8157894736842105
0.7307692307692307
0.46153846153846156
0.8333333333333334
0.13636363636363635
0.6296296296296297
0.2857142857142857
0.5294117647058824
0.10810810810810811
0.4090909090909091
0.66
0.42857142857142855
0.7058823529411765
0.7619047619047619
0.5
0.26666666666666666
0.9
0.54
0.35185185185185186
0.7941176470588235
0.5
0.2777777777777778
0.46153846153846156
0.6818181818181818
0.6666666666666666
0.38
0.2857142857142857
0.66
0.6
0.7435897435897436
0.6506849315068494
0.6666666666666666
0.3620689655172414
0.509090909090909
0.9148936170212766
0.673469387755102
0.3620689655172414
0.0
0.8870967741935484
0.14285714285714285
0.7371134020618557
0.8333333333333334
0.5344827586206896
0.07142857142857142
0.5864197530864198
0.8508771929824561
0.0
0.660377358490566
0.8387096774193549
0.5
0.7142857142857143
0.7307692307692307
0.6
0.29411764705882354
0.7093023255813954
0.7586206896551724
0.5333333333333333
0.6296296296296297
0.21428571428571427
1.0
0.5740740740740741
0.3333333333333333
0.2777777777777778
0.35185185185185186
0.5882352941176471
0.16666666666666666
0.0
0.21428571428571427
1.0
0.1891891891891892
0.8061224489795918
0.7714285714285715
0.6891891891891891
0.7704918032786885
0.5194805194805194
0.7307692307692307
0.6612903225806451
0.21052631578947367
0.20588235294117646
0.16666666666666666
0.5
0.7365591397849462
0.5714285714285714
0.8292682926829268
0.5919540229885057
0.572463768115942
0.6
0.3333333333333333
0.0
0.1
0.1
0.7142857142857143
0.7068965517241379
0.5849056603773585
0.45161290322580644
0.3103448275862069
0.686046511627907
0.58
0.6379310344827587
0.5540540540540541
0.7560975609756098
0.6666666666666666
0.6142857142857143
0.5
0.3333333333333333
0.39622641509433965
0.7394366197183099
0.5638297872340425
0.10526315789473684
0.72
0.7619047619047619
0.5
0.8484848484848485
0.6451612903225806
0.5789473684210527
0.4117647058823529
0.24468085106382978
0.5571428571428572
0.4142857142857143
0.5615384615384615
0.7926829268292683
0.5185185185185185
0.8157894736842105
0.2857142857142857
1.0
0.543859649122807
0.5645161290322581
0.5
0.5575221238938053
1.0
0.7133333333333334
0.3333333333333333
0.574468085106383
0.6111111111111112
0.6111111111111112
0.2
0.4090909090909091
0.8333333333333334
0.6454545454545455
0.39655172413793105
0.46226415094339623
0.47058823529411764
0.5189873417721519
0.5879120879120879
0.8333333333333334
0.16666666666666666
0.5
0.1
0.8148148148148148
0.5
0.5407407407407407
0.2692307692307692
0.6486486486486487
0.7307692307692307
0.34615384615384615
0.0
0.0
0.0
0.8333333333333334
0.5714285714285714
0.8793103448275862
0.6111111111111112
0.5857142857142857
0.2647058823529412
0.7941176470588235
0.4393939393939394
0.2826086956521739
0.66
0.6081081081081081
0.627906976744186
0.5230769230769231
0.16666666666666666
0.3333333333333333
0.6851851851851852
0.8157894736842105
0.7021276595744681
0.7297297297297297
0.5857142857142857
0.6129032258064516
0.8571428571428571
1.0
0.6206896551724138
0.5142857142857142
0.5952380952380952
0.7307692307692307
0.6212121212121212
0.7619047619047619
0.8434343434343434
0.6153846153846154
0.37755102040816324
0.6811594202898551
0.6716417910447762
0.686046511627907
0.5918367346938775
0.62
1.0
0.7647058823529411
0.5306122448979592
0.6158940397350994
0.47297297297297297
0.5370370370370371
0.7424242424242424
0.6204819277108434
0.5294117647058824
0.5540540540540541
0.7941176470588235
0.8157894736842105
0.5
0.631578947368421
1.0
0.9285714285714286
0.7037037037037037
1.0
0.6666666666666666
0.8765432098765432
0.7073170731707317
0.5333333333333333
0.5923076923076923
0.5
0.6274509803921569
0.7307692307692307
0.5151515151515151
0.8513513513513513
0.26666666666666666
0.6666666666666666
0.6666666666666666
0.5384615384615384
0.5284552845528455
0.7244897959183674
0.8
0.7441860465116279
0.5447761194029851
0.35294117647058826
0.6153846153846154
0.5384615384615384
0.6081081081081081
0.5285714285714286
0.6842105263157895
0.6
0.5909090909090909
0.6836734693877551
0.5714285714285714
0.8
0.6060606060606061
0.6333333333333333
0.8793103448275862
0.3484848484848485
0.4
0.38372093023255816
0.40540540540540543
0.3793103448275862
0.45652173913043476
0.4523809523809524
0.47619047619047616
0.7
1.0
0.5263157894736842
0.391304347826087
0.6666666666666666
0.45652173913043476
0.48484848484848486
0.29411764705882354
0.5106382978723404
0.5405405405405406
0.5714285714285714
0.5714285714285714
0.25925925925925924
0.37037037037037035
0.35294117647058826
0.2692307692307692
0.3793103448275862
0.5714285714285714
0.7
0.7424242424242424
0.6276595744680851
0.38311688311688313
0.4339622641509434
0.5754716981132075
0.4857142857142857
0.5723270440251572
0.7549019607843137
0.5084745762711864
0.0
0.6475409836065574
0.54
0.47435897435897434
0.5106382978723404
0.7659574468085106
0.639344262295082
0.3979591836734694
0.8103448275862069
0.5757575757575758
0.4
0.3855421686746988
0.5918367346938775
0.4
0.7529411764705882
0.803030303030303
0.3888888888888889
0.4425287356321839
0.3870967741935484
0.6509433962264151
0.48823529411764705
0.6333333333333333
0.3902439024390244
0.47560975609756095
0.626984126984127
0.6702127659574468
0.6
0.6976744186046512
0.8191489361702128
0.599009900990099
0.6829268292682927
0.84
0.5660377358490566
0.2692307692307692
0.8703703703703703
0.7195121951219512
0.6164383561643836
0.40425531914893614
0.0
0.5757575757575758
0.6829268292682927
0.8484848484848485
0.6325301204819277
0.740506329113924
0.3780487804878049
0.6016949152542372
1.0
0.5235294117647059
0.9285714285714286
0.5256410256410257
0.5490196078431373
0.6481481481481481
0.5692307692307692
0.6744186046511628
0.7580645161290323
0.7285714285714285
0.46551724137931033
0.6
0.0
0.7068965517241379
0.43333333333333335
0.7384615384615385
0.7142857142857143
0.7
0.6702127659574468
0.5
0.3333333333333333
0.5522388059701493
0.6142857142857143
0.9222222222222223
0.2222222222222222
0.2222222222222222
0.5217391304347826
0.5
1.0
0.4
0.5882352941176471
0.5882352941176471
0.631578947368421
0.8333333333333334
0.631578947368421
0.5909090909090909
0.14285714285714285
0.6162790697674418
0.7894736842105263
0.36666666666666664
0.14285714285714285
0.5857142857142857
0.5526315789473685
0.5769230769230769
0.8428571428571429
0.5945945945945946
0.2222222222222222
0.47619047619047616
0.8793103448275862
0.5
0.24468085106382978
0.4230769230769231
0.8478260869565217
0.5128205128205128
0.72
0.4
0.6523809523809524
0.32
0.868421052631579
0.6643835616438356
0.7435897435897436
0.40476190476190477
0.52
0.6470588235294118
0.6111111111111112
0.6538461538461539
0.6666666666666666
0.24193548387096775
0.5847457627118644
0.6351351351351351
0.5
0.8870967741935484
0.6744186046511628
0.6212121212121212
0.48484848484848486
0.4444444444444444
0.9146341463414634
0.8870967741935484
0.5555555555555556
0.6585365853658537
0.8275862068965517
0.6304347826086957
0.6379310344827587
0.5135135135135135
0.29411764705882354
0.782608695652174
0.44
0.4074074074074074
0.7127659574468085
0.7692307692307693
0.5405405405405406
0.6
0.5862068965517241
0.7674418604651163
0.6216216216216216
0.573170731707317
0.6372549019607843
0.7333333333333333
0.6486486486486487
0.7
0.5238095238095238
0.45652173913043476
0.6060606060606061
0.6481481481481481
0.7068965517241379
0.4444444444444444
0.3918918918918919
0.4444444444444444
0.5588235294117647
0.6756756756756757
0.43023255813953487
0.5172413793103449
0.5714285714285714
1.0
0.6216216216216216
0.4473684210526316
0.5465116279069767
0.45454545454545453
0.43902439024390244
0.5
0.3333333333333333
0.2692307692307692
0.6568627450980392
0.7666666666666667
0.7258064516129032
0.524390243902439
0.47058823529411764
0.7307692307692307
0.7105263157894737
0.46296296296296297
0.2948717948717949
0.5851063829787234
0.3181818181818182
0.3490566037735849
0.5
0.43333333333333335
0.4666666666666667
0.6086956521739131
0.21428571428571427
0.6739130434782609
0.8692307692307693
1.0
0.5
0.8108108108108109
1.0
0.7162162162162162
0.8703703703703703
0.6595744680851063
0.7857142857142857
0.7307692307692307
0.86
0.5212765957446809
0.5087719298245614
0.8363636363636363
0.7530864197530864
0.7894736842105263
0.0
0.7
0.611764705882353
0.7040816326530612
0.5980392156862745
0.44776119402985076
1.0
0.5769230769230769
0.38571428571428573
0.42592592592592593
0.6190476190476191
0.6538461538461539
0.6904761904761905
0.7555555555555555
0.7941176470588235
1.0
0.7368421052631579
0.8095238095238095
0.54
0.6842105263157895
0.5581395348837209
0.5909090909090909
0.7647058823529411
1.0
0.58
0.6285714285714286
0.6779661016949152
0.7469135802469136
0.6404494382022472
0.5172413793103449
0.8846153846153846
0.6538461538461539
0.7021276595744681
0.3787878787878788
0.5294117647058824
0.7068965517241379
0.26
0.5222222222222223
0.8
0.45652173913043476
0.5675675675675675
0.39655172413793105
0.5714285714285714
0.5142857142857142
0.6304347826086957
0.6702127659574468
0.22972972972972974
0.78
0.8157894736842105
0.6515151515151515
0.16666666666666666
0.21428571428571427
0.8387096774193549
0.4
0.34782608695652173
0.8484848484848485
0.6129032258064516
0.6636363636363637
0.86
0.8157894736842105
0.8181818181818182
0.16666666666666666
0.3333333333333333
0.41935483870967744
0.7073170731707317
0.7558139534883721
0.5853658536585366
0.6224489795918368
0.48717948717948717
0.5487804878048781
0.4523809523809524
0.3793103448275862
0.7941176470588235
0.5915492957746479
0.6515151515151515
0.41379310344827586
0.7674418604651163
0.41304347826086957
0.7021276595744681
0.5483870967741935
0.7285714285714285
0.5634920634920635
0.6891891891891891
0.8888888888888888
0.5476190476190477
0.7424242424242424
0.6304347826086957
0.8571428571428571
0.7222222222222222
0.6111111111111112
0.7542372881355932
0.7452830188679245
0.7575757575757576
0.581081081081081
0.45714285714285713
0.7435897435897436
0.5
0.6382978723404256
0.86
0.44871794871794873
0.3918918918918919
0.6666666666666666
0.3076923076923077
0.5975609756097561
0.58
0.6095890410958904
0.6714285714285714
0.5370370370370371
0.2894736842105263
0.8085106382978723
0.7777777777777778
0.6612903225806451
0.6379310344827587
0.8636363636363636
1.0
0.6111111111111112
0.7027027027027027
0.7941176470588235
0.7090909090909091
0.5471698113207547
0.8333333333333334
0.581081081081081
0.7887323943661971
0.15789473684210525
0.21428571428571427
0.8333333333333334
0.5444444444444444
0.40816326530612246
0.7962962962962963
0.7619047619047619
0.5882352941176471
0.56
0.3235294117647059
0.6111111111111112
0.66
0.4864864864864865
0.6153846153846154
0.3333333333333333
0.5714285714285714
0.5
0.6521739130434783
0.7666666666666667
0.4782608695652174
0.7142857142857143
0.19230769230769232
0.7272727272727273
0.3484848484848485
0.5
0.58
0.7307692307692307
0.29411764705882354
0.0
0.7666666666666667
0.21428571428571427
0.32608695652173914
0.7894736842105263
0.36666666666666664
1.0
0.30952380952380953
0.4864864864864865
0.45652173913043476
0.3888888888888889
0.4117647058823529
0.7307692307692307
0.6111111111111112
0.5555555555555556
0.72
0.5666666666666667
0.36
0.6505376344086021
0.6065573770491803
0.5
0.36
0.5483870967741935
0.7666666666666667
0.2
0.8157894736842105
0.2549019607843137
0.3695652173913043
0.291044776119403
0.46551724137931033
0.6774193548387096
0.6666666666666666
0.8103448275862069
0.6
0.52
0.3275862068965517
0.62
0.46153846153846156
0.4782608695652174
0.5606060606060606
0.8333333333333334
0.48412698412698413
0.6818181818181818
1.0
0.7558139534883721
0.6935483870967742
0.5526315789473685
0.6956521739130435
0.3870967741935484
0.6145038167938931
0.5851063829787234
0.9206349206349206
0.6343283582089553
0.7333333333333333
0.6363636363636364
0.5483870967741935
0.7941176470588235
0.7222222222222222
0.22727272727272727
0.5571428571428572
0.7307692307692307
0.7058823529411765
0.8148148148148148
0.7622950819672131
0.7407407407407407
0.6627906976744186
0.6764705882352942
0.66
0.44339622641509435
0.7058823529411765
0.5952380952380952
0.7894736842105263
0.6666666666666666
0.84
0.6818181818181818
0.5952380952380952
0.5217391304347826
0.18181818181818182
0.4594594594594595
0.391304347826087
0.5172413793103449
0.3333333333333333
0.6
0.5212765957446809
0.7666666666666667
1.0
0.7777777777777778
0.38235294117647056
0.5882352941176471
0.6304347826086957
1.0
1.0
0.4
1.0
0.52
0.8157894736842105
0.8260869565217391
0.3
0.9310344827586207
0.8095238095238095
0.7560975609756098
0.4117647058823529
0.5818181818181818
0.6065573770491803
0.7340425531914894
0.7307692307692307
0.5
0.38461538461538464
0.5783132530120482
0.5254237288135594
0.8478260869565217
0.6333333333333333
1.0
0.5232558139534884
0.86
0.3333333333333333
0.0
0.0
0.7307692307692307
0.5
0.5294117647058824
0.35714285714285715
0.29411764705882354
0.8103448275862069
0.6829268292682927
0.43333333333333335
0.5967741935483871
0.6756756756756757
0.2857142857142857
0.4
0.5
0.0
0.5714285714285714
0.66
0.4925925925925926
0.6779141104294478
0.5085470085470085
1.0
0.5434782608695652
0.5238095238095238
0.5
0.5952380952380952
0.8157894736842105
0.4444444444444444
0.5185185185185185
0.7818181818181819
0.4
0.6230769230769231
0.6956521739130435
0.42452830188679247
1.0
0.5238095238095238
0.7790697674418605
0.5689655172413793
0.8333333333333334
0.3333333333333333
0.7923076923076923
0.6454545454545455
0.38095238095238093
1.0
0.6046511627906976
0.6428571428571429
0.6956521739130435
0.72
0.7307692307692307
1.0
0.5
0.48148148148148145
0.23529411764705882
0.7586206896551724
0.5857142857142857
0.7978723404255319
0.5540540540540541
0.4666666666666667
0.7
0.21428571428571427
0.6764705882352942
0.4473684210526316
0.4032258064516129
0.5769230769230769
0.6363636363636364
0.15384615384615385
0.7741935483870968
0.6818181818181818
0.48717948717948717
0.5
0.45348837209302323
0.5652173913043478
0.7619047619047619
0.6351351351351351
0.7941176470588235
0.4052631578947368
0.2692307692307692
1.0
0.6
0.3888888888888889
0.6792452830188679
0.3888888888888889
0.5
0.6666666666666666
0.6538461538461539
0.6363636363636364
0.3235294117647059
0.5882352941176471
0.4074074074074074
0.2962962962962963
0.5
0.6190476190476191
0.5
0.6111111111111112
0.7244897959183674
0.5882352941176471
0.3888888888888889
0.6086956521739131
0.3333333333333333
0.07142857142857142
0.5
0.7142857142857143
0.5933333333333334
0.6318681318681318
0.7818181818181819
0.4457831325301205
0.7333333333333333
0.3333333333333333
1.0
0.7857142857142857
0.8709677419354839
0.7424242424242424
0.8979591836734694
0.66
0.5517241379310345
0.5333333333333333
0.6511627906976745
0.4142857142857143
0.2
0.5714285714285714
0.6909090909090909
0.5
0.545045045045045
0.6741573033707865
0.8333333333333334
0.8979591836734694
0.6521739130434783
0.7368421052631579
0.6511627906976745
0.8478260869565217
0.7037037037037037
0.7258064516129032
0.8484848484848485
0.6666666666666666
0.8275862068965517
0.6818181818181818
0.26
0.7666666666666667
0.7777777777777778
0.8571428571428571
0.7608695652173914
0.3870967741935484
0.3709677419354839
0.35714285714285715
0.391304347826087
0.43478260869565216
0.3181818181818182
0.3181818181818182
0.4818181818181818
0.45161290322580644
0.3448275862068966
0.4268292682926829
0.528169014084507
0.4803921568627451
0.6721311475409836
0.717948717948718
0.7121212121212122
0.42592592592592593
0.6454545454545455
0.5084745762711864
0.6170212765957447
0.8783783783783784
0.6224489795918368
0.4666666666666667
0.54
0.40425531914893614
0.7162162162162162
0.5135135135135135
0.4634146341463415
0.5263157894736842
0.4666666666666667
0.5555555555555556
0.5490196078431373
0.5116279069767442
0.3076923076923077
0.6956521739130435
0.7307692307692307
0.6935483870967742
0.5232558139534884
0.47468354430379744
0.1111111111111111
0.5853658536585366
0.5789473684210527
0.7380952380952381
0.2857142857142857
0.3673469387755102
0.27586206896551724
0.7666666666666667
0.7571428571428571
0.44285714285714284
0.782608695652174
0.3684210526315789
1.0
0.8157894736842105
0.9146341463414634
0.4594594594594595
0.43478260869565216
0.5
0.8
0.6311475409836066
0.34782608695652173
0.5882352941176471
0.5769230769230769
0.5967741935483871
0.8823529411764706
0.8703703703703703
0.6428571428571429
0.6081081081081081
0.5945945945945946
0.66
0.5846153846153846
0.8478260869565217
0.6333333333333333
0.2894736842105263
0.6363636363636364
0.7619047619047619
0.6454545454545455
0.8703703703703703
0.6142857142857143
0.631578947368421
0.7058823529411765
0.38961038961038963
0.09090909090909091
0.7962962962962963
0.5076923076923077
0.6764705882352942
0.5952380952380952
0.8157894736842105
0.7666666666666667
0.626984126984127
0.86
0.5869565217391305
0.6511627906976745
0.5
0.6951219512195121
0.7432432432432432
0.7068965517241379
0.6818181818181818
0.6851851851851852
0.3684210526315789
0.46
0.42857142857142855
0.5757575757575758
0.4782608695652174
0.46153846153846156
0.6818181818181818
0.6081081081081081
0.4418604651162791
0.7222222222222222
0.6027397260273972
0.41935483870967744
0.6111111111111112
0.30434782608695654
0.6511627906976745
0.5135135135135135
0.8703703703703703
0.3780487804878049
0.5476190476190477
0.3235294117647059
0.5454545454545454
0.4111111111111111
0.5294117647058824
0.86
0.4857142857142857
0.6
0.6741573033707865
0.5862068965517241
0.9461538461538461
0.8282828282828283
0.5895522388059702
0.6984126984126984
0.7209302325581395
0.6746031746031746
0.8114754098360656
0.509090909090909
0.38961038961038963
0.6285714285714286
0.3620689655172414
0.5222222222222223
0.5822784810126582
0.5816326530612245
0.5222222222222223
0.4696969696969697
0.4473684210526316
0.5818181818181818
0.603448275862069
0.6956521739130435
0.5862068965517241
0.4787234042553192
0.6909090909090909
0.5526315789473685
0.4
0.7105263157894737
0.13636363636363635
1.0
1.0
0.5280898876404494
0.4406779661016949
0.47368421052631576
0.689873417721519
0.7
0.7258064516129032
0.42105263157894735
0.43103448275862066
0.4787234042553192
0.5333333333333333
0.8333333333333334
0.581081081081081
0.7037037037037037
0.2676056338028169
0.7906976744186046
0.7068965517241379
0.5363636363636364
0.7258064516129032
0.6216216216216216
0.00847457627118644
0.5181818181818182
0.5757575757575758
0.8
0.5851063829787234
0.45652173913043476
0.5
0.8275862068965517
0.3333333333333333
0.5975609756097561
0.6142857142857143
0.45918367346938777
0.6967213114754098
0.8478260869565217
0.5
0.3
0.2903225806451613
0.48148148148148145
0.38
0.5841584158415841
0.652542372881356
0.6865671641791045
0.82
0.6515151515151515
0.52
0.5370370370370371
0.6086956521739131
0.7142857142857143
0.34210526315789475
0.23529411764705882
0.7571428571428571
0.2647058823529412
0.3673469387755102
0.26666666666666666
0.8023255813953488
0.6896551724137931
0.6989247311827957
0.7941176470588235
0.7142857142857143
0.6379310344827587
0.5588235294117647
0.5287356321839081
0.8333333333333334
0.41025641025641024
0.6428571428571429
0.45121951219512196
0.5348837209302325
0.58
1.0
1.0
0.5736842105263158
0.5067114093959731
0.23875432525951557
0.5254777070063694
0.6923076923076923
0.5898876404494382
0.54
0.5087719298245614
0.8780487804878049
0.6444444444444445
0.4672131147540984
0.6153846153846154
0.5714285714285714
0.66
0.42857142857142855
0.5161290322580645
0.6147540983606558
0.4268292682926829
0.6707317073170732
0.6170212765957447
0.7333333333333333
0.35106382978723405
0.620253164556962
0.16666666666666666
0.696969696969697
0.7068965517241379
0.7340425531914894
0.6428571428571429
0.7941176470588235
0.7021276595744681
0.8191489361702128
0.5555555555555556
0.5
0.8113207547169812
0.826530612244898
0.42857142857142855
0.5542857142857143
0.7641509433962265
0.9186046511627907
0.6111111111111112
0.4666666666666667
0.38461538461538464
0.7307692307692307
0.3235294117647059
0.6764705882352942
0.5
0.5
0.43103448275862066
0.26
0.68
0.7666666666666667
0.691358024691358
0.5
0.5641025641025641
0.5533333333333333
0.5952380952380952
0.6470588235294118
0.6229508196721312
0.7941176470588235
0.6764705882352942
0.782051282051282
0.686046511627907
0.47368421052631576
0.6186440677966102
0.6129032258064516
0.7176470588235294
0.74
0.7536231884057971
0.16666666666666666
0.5901639344262295
0.36619718309859156
0.4675324675324675
1.0
0.2
0.0
0.0
0.8095238095238095
0.5285714285714286
0.7894736842105263
0.5909090909090909
0.6021505376344086
0.7253521126760564
0.7666666666666667
0.6818181818181818
1.0
0.7941176470588235
0.7941176470588235
0.8333333333333334
0.7741935483870968
0.8333333333333334
0.851063829787234
0.6764705882352942
0.45714285714285713
0.7325581395348837
0.42857142857142855
0.7571428571428571
0.6351351351351351
0.3333333333333333
0.5789473684210527
0.6379310344827587
0.8157894736842105
0.6363636363636364
0.7413793103448276
0.5348837209302325
0.42857142857142855
0.7666666666666667
0.6410256410256411
0.6
0.6153846153846154
0.574468085106383
0.5853658536585366
0.8709677419354839
0.46226415094339623
0.47368421052631576
0.6304347826086957
0.5980392156862745
0.4444444444444444
0.43333333333333335
0.6428571428571429
0.5
0.2857142857142857
0.4714285714285714
0.3
0.7941176470588235
0.8939393939393939
0.6363636363636364
0.41228070175438597
0.58
0.5581395348837209
0.7424242424242424
0.8947368421052632
0.6153846153846154
0.7272727272727273
0.8870967741935484
0.86
0.7307692307692307
0.16666666666666666
0.42857142857142855
0.7941176470588235
0.6818181818181818
0.5111111111111111
0.753731343283582
0.5588235294117647
0.9461538461538461
0.7111111111111111
0.6555555555555556
0.6666666666666666
0.8508771929824561
1.0
0.6724137931034483
0.5
0.4574468085106383
0.35454545454545455
0.6219512195121951
0.38461538461538464
1.0
0.6190476190476191
0.3333333333333333
0.4230769230769231
0.782608695652174
0.7363636363636363
0.5714285714285714
0.8260869565217391
0.3888888888888889
0.7719298245614035
0.4230769230769231
0.16666666666666666
0.6111111111111112
0.86
0.7647058823529411
0.5862068965517241
0.6545454545454545
0.4782608695652174
0.6511627906976745
0.5806451612903226
0.6395348837209303
0.43333333333333335
0.686046511627907
0.8333333333333334
0.42857142857142855
0.0
0.8157894736842105
0.5526315789473685
0.7619047619047619
0.872093023255814
0.5925925925925926
0.5172413793103449
0.21428571428571427
0.5434782608695652
0.5333333333333333
0.6818181818181818
0.5
0.7666666666666667
0.7792207792207793
0.6
0.8157894736842105
0.23529411764705882
0.5121951219512195
0.7142857142857143
0.7285714285714285
0.6914893617021277
0.8717948717948718
0.4827586206896552
0.6571428571428571
0.8852459016393442
0.7771084337349398
0.8870967741935484
1.0
0.8793103448275862
0.7307692307692307
0.16666666666666666
0.0
0.8333333333333334
0.48484848484848486
0.5256410256410257
0.6111111111111112
0.8767123287671232
0.6176470588235294
0.6
0.5671641791044776
0.5769230769230769
0.6666666666666666
0.7195121951219512
0.491869918699187
0.16666666666666666
0.6521739130434783
0.7567567567567568
0.6
1.0
0.42857142857142855
0.5853658536585366
0.1752136752136752
0.45652173913043476
0.6111111111111112
0.35074626865671643
0.564935064935065
0.5615384615384615
0.6888888888888889
0.5
0.5641025641025641
0.7317073170731707
0.3333333333333333
0.5054945054945055
0.5526315789473685
0.5454545454545454
0.400990099009901
0.41304347826086957
0.3918918918918919
0.5
1.0
0.5645161290322581
0.7096774193548387
0.8478260869565217
0.5941176470588235
0.5566037735849056
0.8703703703703703
0.7105263157894737
0.8
0.5142857142857142
0.14705882352941177
0.6304347826086957
0.3695652173913043
1.0
0.6587301587301587
0.635593220338983
0.8902439024390244
0.8870967741935484
0.5882352941176471
0.8620689655172413
0.8387096774193549
0.8703703703703703
0.5849056603773585
0.7837837837837838
1.0
0.78
0.7307692307692307
0.7926829268292683
0.6716417910447762
0.7428571428571429
0.7142857142857143
0.6891891891891891
0.6265822784810127
0.5769230769230769
0.740506329113924
0.46551724137931033
0.7054794520547946
0.8292682926829268
0.803030303030303
0.7266666666666667
0.7739130434782608
0.6666666666666666
0.26666666666666666
0.3333333333333333
0.1111111111111111
0.6470588235294118
0.05555555555555555
0.8793103448275862
0.8837209302325582
0.42857142857142855
0.8333333333333334
0.2
1.0
0.8333333333333334
0.6707317073170732
1.0
1.0
0.7307692307692307
0.803921568627451
0.7142857142857143
0.8333333333333334
0.6296296296296297
0.86
0.6142857142857143
0.7878787878787878
0.782608695652174
0.8837209302325582
0.8023255813953488
0.9102564102564102
0.6923076923076923
0.696078431372549
0.7962962962962963
0.8333333333333334
0.86
0.7567567567567568
0.6666666666666666
0.5
0.6666666666666666
0.7771084337349398
0.7872340425531915
1.0
0.7
1.0
0.5161290322580645
0.4189189189189189
0.8484848484848485
0.8157894736842105
0.8478260869565217
0.7894736842105263
0.7307692307692307
0.5517241379310345
0.5581395348837209
0.6415094339622641
0.6811594202898551
0.6438356164383562
0.32857142857142857
0.72
0.42857142857142855
0.5
0.7666666666666667
0.5789473684210527
0.5526315789473685
0.5384615384615384
0.9102564102564102
0.6379310344827587
0.7407407407407407
0.8387096774193549
0.5319148936170213
0.46153846153846156
0.6636363636363637
0.6694915254237288
0.7068965517241379
0.5952380952380952
0.5444444444444444
0.581081081081081
0.3076923076923077
0.8461538461538461
0.9
0.8333333333333334
1.0
0.7872340425531915
0.7807017543859649
0.6923076923076923
0.5882352941176471
0.782051282051282
0.5943396226415094
1.0
0.5
0.7435897435897436
0.8387096774193549
0.8111111111111111
0.8275862068965517
0.7702702702702703
0.9186046511627907
0.7941176470588235
0.66
0.18181818181818182
0.8157894736842105
0.8692307692307693
0.6764705882352942
0.6724137931034483
0.8387096774193549
0.9
0.7622950819672131
0.6086956521739131
0.39622641509433965
0.7682926829268293
0.5481481481481482
0.8023255813953488
0.6909090909090909
0.4824561403508772
0.7352941176470589
0.4793103448275862
0.5409836065573771
0.3979591836734694
0.07142857142857142
0.6111111111111112
0.21052631578947367
0.6956521739130435
0.40350877192982454
0.7698412698412699
0.6754385964912281
0.5882352941176471
0.7807017543859649
0.7615384615384615
0.8111111111111111
0.5753424657534246
0.42105263157894735
0.16666666666666666
0.3333333333333333
0.5689655172413793
0.3333333333333333
0.39655172413793105
0.6923076923076923
0.8333333333333334
0.6666666666666666
0.631578947368421
0.7898550724637681
0.3333333333333333
0.6721311475409836
0.7105263157894737
0.782608695652174
1.0
0.5588235294117647
0.6756756756756757
1.0
0.7777777777777778
0.6774193548387096
0.782608695652174
0.7608695652173914
0.7247191011235955
0.47058823529411764
0.5405405405405406
0.6951219512195121
0.8333333333333334
0.5370370370370371
0.5
0.6372549019607843
0.5135135135135135
0.5444444444444444
0.7
0.603448275862069
0.48360655737704916
0.5337078651685393
0.5816326530612245
1.0
0.8870967741935484
0.5652173913043478
0.6320754716981132
0.8979591836734694
0.7352941176470589
0.8648648648648649
0.7333333333333333
0.7674418604651163
0.8717948717948718
0.38095238095238093
0.8508771929824561
0.8043478260869565
0.7941176470588235
0.7972972972972973
0.5333333333333333
0.6111111111111112
1.0
0.5
0.7
0.6851851851851852
0.7068965517241379
1.0
0.6538461538461539
0.42857142857142855
0.5740740740740741
0.6274509803921569
0.5483870967741935
0.6818181818181818
0.3684210526315789
0.6666666666666666
0.7333333333333333
0.7926829268292683
0.6063829787234043
0.38461538461538464
0.7619047619047619
0.7333333333333333
0.2222222222222222
0.5677966101694916
0.14285714285714285
0.5476190476190477
0.7571428571428571
0.8936170212765957
0.6463414634146342
0.9146341463414634
0.4787234042553192
0.9146341463414634
0.8734177215189873
0.68
0.7307692307692307
0.6
0.0
0.6
0.8870967741935484
0.8591549295774648
0.6866666666666666
0.839622641509434
0.8484848484848485
0.3333333333333333
0.8939393939393939
0.6495726495726496
0.7459016393442623
0.773972602739726
0.6984126984126984
0.7285714285714285
0.8614457831325302
0.7666666666666667
0.9222222222222223
0.8559322033898306
0.8111111111111111
0.3333333333333333
0.5862068965517241
0.8157894736842105
0.7033898305084746
0.6825396825396826
0.5930232558139535
0.647887323943662
0.8428571428571429
0.5985915492957746
0.7244897959183674
0.6794871794871795
0.8478260869565217
0.8108108108108109
0.7258064516129032
0.68
0.7111111111111111
0.8571428571428571
0.7666666666666667
0.8387096774193549
0.7444444444444445
0.8275862068965517
0.5849056603773585
0.7162162162162162
0.696078431372549
0.7735849056603774
0.7285714285714285
0.54
0.7
0.6451612903225806
0.7790697674418605
0.7702702702702703
0.66
0.7428571428571429
0.7857142857142857
0.8538461538461538
0.5517241379310345
0.4153846153846154
0.6585365853658537
0.7571428571428571
0.7052631578947368
0.782051282051282
0.5573770491803278
0.5425531914893617
0.6923076923076923
0.5
0.6428571428571429
0.7070707070707071
0.5862068965517241
0.8148148148148148
0.4473684210526316
0.46153846153846156
0.5909090909090909
0.86
0.5853658536585366
0.6351351351351351
0.8478260869565217
0.72
0.36
0.5869565217391305
0.6216216216216216
0.3783783783783784
0.7702702702702703
0.4838709677419355
0.5449438202247191
0.6349206349206349
0.66
0.22105263157894736
0.7560975609756098
0.5338983050847458
0.7586206896551724
0.5
0.559322033898305
0.6470588235294118
0.6666666666666666
0.6851851851851852
0.6923076923076923
0.8275862068965517
0.47368421052631576
0.7941176470588235
0.5526315789473685
0.7878787878787878
0.6530612244897959
0.7112676056338029
0.6463414634146342
0.6111111111111112
0.6923076923076923
0.3333333333333333
0.1
0.038461538461538464
0.7307692307692307
0.3
0.8852459016393442
0.8870967741935484
0.7123287671232876
1.0
0.746268656716418
0.8157894736842105
0.7543859649122807
0.0
0.0
0.7258064516129032
0.9054054054054054
0.5945945945945946
0.9339622641509434
0.7127659574468085
0.7424242424242424
0.627906976744186
0.8255813953488372
0.9363636363636364
0.5686274509803921
0.8333333333333334
0.6206896551724138
0.5862068965517241
0.6794871794871795
0.7028985507246377
0.7536231884057971
0.8333333333333334
0.5849056603773585
0.6956521739130435
0.8131313131313131
0.5851063829787234
0.7962962962962963
0.5
0.9285714285714286
0.8448275862068966
0.7424242424242424
0.6636363636363637
0.6829268292682927
0.8802816901408451
0.7783505154639175
0.3181818181818182
0.8870967741935484
0.8478260869565217
0.6304347826086957
0.8478260869565217
0.39473684210526316
0.6515151515151515
0.7407407407407407
0.8870967741935484
0.4594594594594595
0.8
0.631578947368421
0.6190476190476191
0.6363636363636364
0.6756756756756757
0.8275862068965517
0.6507936507936508
0.8333333333333334
0.7407407407407407
0.7
0.8802816901408451
0.4672131147540984
0.3333333333333333
0.43661971830985913
0.7959183673469388
0.6304347826086957
0.6885245901639344
0.7380952380952381
0.8780487804878049
0.6341463414634146
0.6267605633802817
1.0
0.647887323943662
0.7098765432098766
0.41304347826086957
0.86
0.3
1.0
0.7741935483870968
0.7804878048780488
0.4
0.3813559322033898
0.8275862068965517
0.8098591549295775
0.7407407407407407
0.8037974683544303
0.07142857142857142
0.8461538461538461
0.5512820512820513
0.8333333333333334
0.5697674418604651
0.2894736842105263
0.72
0.6509433962264151
0.5789473684210527
0.6081081081081081
0.7666666666666667
0.16666666666666666
0.5
0.8589743589743589
0.5609756097560976
0.41025641025641024
0.42857142857142855
0.6891891891891891
0.2391304347826087
0.6923076923076923
0.5757575757575758
0.6666666666666666
0.5476190476190477
0.5526315789473685
0.7435897435897436
0.5128205128205128
0.6515151515151515
0.7075471698113207
0.6410256410256411
0.3333333333333333
0.8703703703703703
0.6666666666666666
0.7333333333333333
0.6545454545454545
0.5909090909090909
0.5638297872340425
0.86
0.35714285714285715
0.5824175824175825
0.8513513513513513
1.0
0.8333333333333334
0.8169014084507042
0.8387096774193549
0.7142857142857143
1.0
0.6956521739130435
0.7571428571428571
0.7380952380952381
0.5454545454545454
0.8333333333333334
0.7096774193548387
0.7666666666666667
0.34782608695652173
0.8333333333333334
0.5161290322580645
0.8448275862068966
0.7674418604651163
0.2692307692307692
0.581081081081081
0.6075949367088608
0.6320754716981132
0.6756756756756757
0.8333333333333334
0.4411764705882353
0.7142857142857143
0.9146341463414634
0.8589743589743589
0.7631578947368421
0.7307692307692307
0.8023255813953488
0.3870967741935484
1.0
0.7280701754385965
0.68
0.7747252747252747
0.7435897435897436
0.6176470588235294
0.7
0.7692307692307693
0.860655737704918
0.5882352941176471
0.6428571428571429
0.8703703703703703
0.5344827586206896
0.6470588235294118
0.6333333333333333
0.5652173913043478
0.45161290322580644
0.7647058823529411
0.37037037037037035
0.8734177215189873
0.927536231884058
0.782608695652174
0.5555555555555556
0.5421686746987951
0.8591549295774648
0.7142857142857143
0.7888888888888889
0.5
0.43023255813953487
0.5342465753424658
0.6756756756756757
0.8870967741935484
0.5777777777777777
0.7972972972972973
0.7702702702702703
0.788135593220339
0.7307692307692307
0.3333333333333333
0.3333333333333333
1.0
0.5
0.5384615384615384
0.8333333333333334
0.8698630136986302
0.9056603773584906
0.841726618705036
0.7014925373134329
0.6304347826086957
0.86
0.5370370370370371
0.35185185185185186
0.7068965517241379
0.5963855421686747
0.6351351351351351
0.9186046511627907
0.7959183673469388
0.6923076923076923
0.5
0.5365853658536586
0.6186440677966102
0.6956521739130435
0.5344827586206896
0.639344262295082
0.7631578947368421
0.5
0.6142857142857143
0.8837209302325582
0.5714285714285714
0.6111111111111112
0.7941176470588235
0.30434782608695654
0.16666666666666666
0.5
0.7068965517241379
0.6666666666666666
0.5319148936170213
0.5740740740740741
1.0
0.8333333333333334
0.5
0.32
0.3
0.5454545454545454
0.5
0.2777777777777778
0.5490196078431373
0.5
0.6666666666666666
0.6190476190476191
0.5869565217391305
0.527027027027027
0.48717948717948717
0.5
0.4
0.5909090909090909
0.5476190476190477
0.7181818181818181
0.6086956521739131
0.5555555555555556
0.782051282051282
0.6296296296296297
0.5510204081632653
0.4666666666666667
0.49056603773584906
0.782608695652174
0.5957446808510638
0.5774647887323944
0.34615384615384615
0.7560975609756098
0.6122448979591837
0.7241379310344828
0.64
0.8333333333333334
0.4382716049382716
0.58
0.6862745098039216
0.524390243902439
0.6627906976744186
0.7529411764705882
0.7758620689655172
1.0
0.4838709677419355
0.43023255813953487
0.84
0.5384615384615384
0.8648648648648649
0.7457627118644068
0.72
0.8478260869565217
0.7454545454545455
0.532258064516129
0.6046511627906976
0.6046511627906976
0.6222222222222222
0.780952380952381
0.6123595505617978
0.7
0.8333333333333334
0.5588235294117647
0.6
0.3620689655172414
0.41379310344827586
0.5888888888888889
0.5384615384615384
0.4696969696969697
0.6153846153846154
0.4473684210526316
0.45901639344262296
0.5641025641025641
0.7105263157894737
0.5869565217391305
0.4
0.6185567010309279
0.7796610169491526
0.5263157894736842
0.6351351351351351
0.23333333333333334
0.8111111111111111
0.6190476190476191
0.45081967213114754
0.5677966101694916
0.5652173913043478
0.5487804878048781
0.7403100775193798
0.6774193548387096
0.3898305084745763
0.7432432432432432
0.6636363636363637
0.6304347826086957
0.7203389830508474
0.41935483870967744
1.0
0.7307692307692307
0.7666666666666667
0.13636363636363635
0.5909090909090909
0.4074074074074074
0.8181818181818182
0.6739130434782609
0.7848101265822784
0.6639344262295082
0.9102564102564102
0.9102564102564102
0.672514619883041
0.6186440677966102
0.9444444444444444
0.6538461538461539
0.6129032258064516
0.692
0.6746987951807228
0.8478260869565217
0.631578947368421
0.9186046511627907
0.7941176470588235
0.6754385964912281
0.8979591836734694
0.782051282051282
0.3474576271186441
0.8354430379746836
0.8692307692307693
0.8870967741935484
0.6609195402298851
0.7162162162162162
0.925531914893617
0.696078431372549
0.48148148148148145
0.28888888888888886
0.7647058823529411
0.5
0.7058823529411765
0.41025641025641024
0.9310344827586207
0.5975609756097561
0.4666666666666667
0.4696969696969697
0.8793103448275862
0.8478260869565217
0.6818181818181818
0.19230769230769232
0.7941176470588235
0.6410256410256411
0.5283018867924528
0.4074074074074074
0.631578947368421
0.8
0.7702702702702703
0.6851851851851852
0.6929824561403509
0.5701754385964912
0.7254901960784313
0.5869565217391305
0.8703703703703703
0.6272727272727273
0.5465116279069767
0.6
0.6415094339622641
0.527027027027027
0.7666666666666667
0.7318840579710145
0.7363636363636363
0.9186046511627907
0.6097560975609756
0.6647058823529411
0.6363636363636364
0.6428571428571429
0.3888888888888889
0.6063829787234043
0.7786885245901639
0.9183673469387755
0.38461538461538464
0.4574468085106383
0.6779661016949152
0.2391304347826087
0.5818181818181818
0.16
0.4857142857142857
0.7402597402597403
0.6036036036036037
0.8373493975903614
0.711864406779661
0.16666666666666666
0.16666666666666666
0.16666666666666666
0.6111111111111112
0.16666666666666666
0.9363636363636364
0.8979591836734694
0.42857142857142855
0.6363636363636364
0.64
0.6
0.7101449275362319
0.8061224489795918
0.7558139534883721
0.6086956521739131
0.5825242718446602
0.43333333333333335
0.5
0.0
0.42592592592592593
0.8478260869565217
0.7741935483870968
0.696969696969697
0.5
0.2857142857142857
0.36486486486486486
0.7941176470588235
0.8333333333333334
0.7941176470588235
0.6060606060606061
0.839622641509434
0.8157894736842105
0.3888888888888889
0.8
0.7941176470588235
0.7941176470588235
0.8023255813953488
1.0
0.5476190476190477
0.6818181818181818
0.5789473684210527
0.6818181818181818
0.5816326530612245
0.8333333333333334
0.6684210526315789
0.47435897435897434
0.7681159420289855
0.8095238095238095
0.5510204081632653
0.5666666666666667
0.30327868852459017
0.6829268292682927
0.7777777777777778
0.6153846153846154
0.6304347826086957
0.5555555555555556
0.7111111111111111
0.8111111111111111
0.7358490566037735
0.8650793650793651
0.7454545454545455
0.86
0.7945205479452054
0.8968253968253969
0.7258064516129032
0.7567567567567568
0.6813186813186813
0.7181818181818181
0.7987012987012987
1.0
0.4489795918367347
0.4803921568627451
0.5294117647058824
1.0
0.8901098901098901
0.7575757575757576
0.5
0.8157894736842105
0.5306122448979592
0.6274509803921569
0.6623376623376623
0.5
0.5283018867924528
0.6981132075471698
0.5849056603773585
0.7195121951219512
0.3953488372093023
0.3
0.7142857142857143
0.7096774193548387
0.576271186440678
0.8275862068965517
0.7209302325581395
0.4473684210526316
0.8478260869565217
0.5
0.6025641025641025
0.32857142857142857
0.782608695652174
0.43478260869565216
0.3684210526315789
0.782608695652174
0.5116279069767442
0.8275862068965517
0.5714285714285714
0.5185185185185185
0.7941176470588235
0.7424242424242424
0.8181818181818182
0.7162162162162162
0.82
0.6904761904761905
0.8113207547169812
0.37037037037037035
0.7941176470588235
0.8793103448275862
0.66
0.8650793650793651
0.4222222222222222
0.6086956521739131
0.5882352941176471
0.3333333333333333
0.0
1.0
0.9146341463414634
0.8148148148148148
1.0
0.86
0.7368421052631579
0.6111111111111112
1.0
0.8484848484848485
0.7560975609756098
0.7540983606557377
0.3333333333333333
0.7258064516129032
0.5
0.2857142857142857
0.8275862068965517
0.5370370370370371
0.72
0.8666666666666667
0.6379310344827587
0.4
0.9
0.6410256410256411
0.7941176470588235
0.6666666666666666
0.8157894736842105
0.8191489361702128
0.7878787878787878
0.5454545454545454
1.0
0.8484848484848485
0.7666666666666667
0.7716049382716049
0.7068965517241379
0.8939393939393939
0.6162790697674418
0.5114942528735632
0.5757575757575758
0.72
0.3333333333333333
0.8444444444444444
0.6129032258064516
0.5526315789473685
0.6825396825396826
0.6363636363636364
0.8278688524590164
0.6585365853658537
0.7804878048780488
0.6452991452991453
0.6788079470198676
0.7297297297297297
1.0
1.0
0.8850574712643678
0.7191780821917808
0.9567901234567902
0.7284768211920529
0.7009345794392523
0.7456140350877193
0.9145299145299145
0.711864406779661
1.0
0.6724137931034483
0.7058823529411765
0.7692307692307693
0.7666666666666667
0.7525252525252525
0.5
0.6666666666666666
0.8939393939393939
0.7307692307692307
0.38
0.5487804878048781
0.7571428571428571
0.6949152542372882
0.676056338028169
0.5952380952380952
0.7926829268292683
0.5652173913043478
0.6056910569105691
0.782608695652174
0.6511627906976745
0.5526315789473685
0.6153846153846154
0.6894736842105263
0.42857142857142855
0.8278688524590164
0.9024390243902439
0.940677966101695
0.860655737704918
0.8098591549295775
0.8738317757009346
0.8157894736842105
0.8300970873786407
0.9367088607594937
0.7588235294117647
0.7666666666666667
0.9146341463414634
0.6181818181818182
0.9295774647887324
0.7352941176470589
0.7545454545454545
0.9146341463414634
0.7959183673469388
0.46153846153846156
0.6349206349206349
0.6555555555555556
0.7307692307692307
0.5303030303030303
0.8717948717948718
0.8032786885245902
0.9056603773584906
0.7555555555555555
0.6666666666666666
1.0
0.9186046511627907
0.6290322580645161
0.8717948717948718
0.6129032258064516
0.8698630136986302
0.5909090909090909
0.45714285714285713
0.8703703703703703
0.6229508196721312
0.8734177215189873
0.5434782608695652
0.7285714285714285
0.7246376811594203
0.7674418604651163
0.8939393939393939
0.46153846153846156
0.6333333333333333
0.6867469879518072
0.6290322580645161
0.6702127659574468
0.8372093023255814
0.6086956521739131
1.0
0.9426229508196722
0.740506329113924
1.0
0.6415094339622641
0.49056603773584906
0.8870967741935484
0.9146341463414634
0.4230769230769231
0.8478260869565217
0.6212121212121212
0.6417910447761194
0.6851851851851852
0.7777777777777778
0.7906976744186046
1.0
0.5344827586206896
0.5
0.7068965517241379
0.6222222222222222
0.660377358490566
0.7741935483870968
0.7280701754385965
0.8793103448275862
0.8275862068965517
0.5
0.7560975609756098
0.8389830508474576
1.0
0.5128205128205128
0.5806451612903226
1.0
0.9487179487179487
0.5
0.8518518518518519
0.7272727272727273
0.8939393939393939
0.5185185185185185
0.8157894736842105
0.7647058823529411
0.5697674418604651
0.7941176470588235
0.8793103448275862
0.8870967741935484
0.8484848484848485
0.7452830188679245
0.8508771929824561
0.8607594936708861
0.6111111111111112
0.8
0.5111111111111111
0.7545454545454545
0.86
0.7333333333333333
0.7346938775510204
0.5895522388059702
0.7368421052631579
0.8428571428571429
0.5161290322580645
0.8985507246376812
0.42857142857142855
0.8703703703703703
0.8484848484848485
0.5918367346938775
0.7571428571428571
0.5370370370370371
0.4818181818181818
0.6090909090909091
0.4888888888888889
0.8157894736842105
0.5135135135135135
0.7534246575342466
0.9186046511627907
0.8870967741935484
0.839622641509434
0.9
0.6764705882352942
0.7372881355932204
0.7926829268292683
0.860655737704918
0.9056603773584906
0.6666666666666666
0.8169014084507042
0.7586206896551724
0.573394495412844
0.8076923076923077
1.0
0.7571428571428571
0.6739130434782609
0.6162790697674418
0.8679245283018868
0.7560975609756098
0.7272727272727273
0.8508771929824561
0.925531914893617
0.6
0.36
0.7571428571428571
0.8181818181818182
0.6885245901639344
0.7592592592592593
0.7297297297297297
0.686046511627907
0.6206896551724138
0.7727272727272727
0.44594594594594594
0.5579710144927537
0.7894736842105263
0.6065573770491803
0.6549295774647887
0.7
0.5510204081632653
0.7424242424242424
0.6463414634146342
0.487012987012987
0.6025641025641025
0.6233766233766234
0.6712328767123288
0.6216216216216216
0.6428571428571429
0.7
0.9056603773584906
0.8095238095238095
0.7090909090909091
0.5294117647058824
0.5879120879120879
0.74
0.8703703703703703
1.0
0.8307692307692308
1.0
0.5967741935483871
0.6111111111111112
0.639344262295082
0.6917808219178082
0.8478260869565217
0.8571428571428571
0.6551724137931034
0.6055045871559633
0.6666666666666666
0.6627906976744186
0.8444444444444444
1.0
0.8372093023255814
0.7898550724637681
0.8095238095238095
0.39655172413793105
1.0
0.9019607843137255
0.7941176470588235
0.8076923076923077
0.4473684210526316
0.9222222222222223
0.7777777777777778
0.5609756097560976
0.7040816326530612
0.6044776119402985
0.7333333333333333
0.8333333333333334
0.5612244897959183
0.5581395348837209
0.6818181818181818
0.5545454545454546
0.8108108108108109
0.5879396984924623
0.6565656565656566
0.5606060606060606
0.6989247311827957
0.6896551724137931
0.86
0.810126582278481
1.0
1.0
0.6304347826086957
0.7536231884057971
0.516
0.45121951219512196
0.8703703703703703
0.8137254901960784
0.8387096774193549
0.8272727272727273
0.7640449438202247
0.9285714285714286
0.82
0.7457627118644068
0.911504424778761
0.8548387096774194
0.6724137931034483
0.7698412698412699
0.42857142857142855
0.4
1.0
1.0
0.5317460317460317
0.7432432432432432
0.8571428571428571
0.8163265306122449
0.678082191780822
0.8717948717948718
0.6194029850746269
0.6592920353982301
0.7307692307692307
0.8484848484848485
0.86
0.7674418604651163
0.8648648648648649
0.8902439024390244
0.7631578947368421
0.9122807017543859
0.8493150684931506
0.7863247863247863
0.9504950495049505
0.7424242424242424
0.7222222222222222
0.8246753246753247
0.855072463768116
0.7417582417582418
1.0
0.8529411764705882
0.5
0.2894736842105263
0.3945578231292517
0.5769230769230769
0.8717948717948718
0.5
0.574468085106383
0.8495934959349594
0.66
0.6666666666666666
0.8426966292134831
0.6233766233766234
0.6956521739130435
0.4
0.6526315789473685
0.608843537414966
0.8793103448275862
0.7121212121212122
0.8222222222222222
0.7863247863247863
0.8148148148148148
0.678082191780822
0.7075471698113207
0.8095238095238095
0.8225806451612904
0.2857142857142857
0.8484848484848485
0.9146341463414634
0.6989247311827957
0.7790697674418605
0.6721311475409836
0.9425287356321839
0.7666666666666667
0.7540983606557377
0.8207547169811321
0.8133333333333334
0.6341463414634146
0.8648648648648649
0.8333333333333334
0.8478260869565217
0.7619047619047619
0.6818181818181818
0.8852459016393442
0.9313725490196079
0.5882352941176471
0.6808510638297872
0.7647058823529411
0.8220338983050848
1.0
0.7804878048780488
0.7666666666666667
0.8157894736842105
0.6060606060606061
0.9
0.8939393939393939
0.34615384615384615
0.5
0.5769230769230769
0.7195121951219512
0.5909090909090909
0.6052631578947368
0.7
1.0
0.7547169811320755
0.9102564102564102
0.8103448275862069
0.8793103448275862
0.5943396226415094
0.4418604651162791
0.6818181818181818
0.8793103448275862
0.6940298507462687
0.6206896551724138
0.7318840579710145
0.782051282051282
0.9
0.7025316455696202
1.0
0.6627906976744186
0.9146341463414634
0.6304347826086957
0.572463768115942
0.7435897435897436
0.9186046511627907
0.5373134328358209
0.7586206896551724
1.0
0.6842105263157895
0.5384615384615384
0.635593220338983
0.6582278481012658
0.7018348623853211
0.7560975609756098
0.8111111111111111
0.5967741935483871
0.72
0.7910447761194029
0.8734177215189873
0.7959183673469388
0.6772151898734177
0.7307692307692307
0.6363636363636364
0.6707317073170732
0.6842105263157895
0.5158730158730159
0.6764705882352942
0.36666666666666664
0.5466666666666666
0.46923076923076923
0.5256410256410257
0.8367346938775511
0.6428571428571429
0.8655913978494624
0.5769230769230769
0.14285714285714285
0.6708860759493671
0.6666666666666666
0.8526315789473684
0.9222222222222223
0.8142857142857143
0.5547945205479452
0.5142857142857142
0.7380952380952381
0.42
0.696078431372549
0.5849056603773585
0.7218045112781954
0.3333333333333333
0.7
0.7941176470588235
0.6976744186046512
0.4666666666666667
0.8478260869565217
0.5098039215686274
0.8181818181818182
0.673469387755102
0.5
1.0
0.7384615384615385
0.6226415094339622
0.5882352941176471
0.6702127659574468
0.6014492753623188
0.7926829268292683
0.7452830188679245
0.7222222222222222
0.7448979591836735
0.8703703703703703
0.6052631578947368
1.0
0.7424242424242424
0.8050847457627118
0.8387096774193549
0.46153846153846156
1.0
0.5862068965517241
0.7941176470588235
0.46
0.9102564102564102
0.8717948717948718
0.5964912280701754
0.5487804878048781
0.644927536231884
0.6454545454545455
0.8188405797101449
0.873015873015873
0.7272727272727273
0.6494845360824743
0.8461538461538461
0.7567567567567568
0.7238805970149254
0.7959183673469388
0.6851851851851852
0.7608695652173914
0.6666666666666666
0.6307692307692307
0.6835443037974683
0.8275862068965517
0.8111111111111111
0.7674418604651163
0.7878787878787878
0.8783783783783784
0.6363636363636364
0.7435897435897436
1.0
0.9425287356321839
0.6060606060606061
0.7359550561797753
0.6744186046511628
1.0
0.8108108108108109
0.7682926829268293
0.6428571428571429
0.5434782608695652
0.5348837209302325
0.7898550724637681
0.8148148148148148
0.9222222222222223
0.41836734693877553
0.5384615384615384
0.6
0.559322033898305
0.6923076923076923
0.7692307692307693
0.8837209302325582
0.5777777777777777
1.0
0.7142857142857143
0.6774193548387096
0.543859649122807
0.9
0.8387096774193549
0.7894736842105263
0.6186440677966102
0.6296296296296297
0.5655737704918032
0.8191489361702128
0.711864406779661
0.8461538461538461
0.7444444444444445
0.7894736842105263
0.6851851851851852
0.8333333333333334
0.5
0.7746478873239436
0.8670886075949367
0.7711864406779662
0.7222222222222222
0.6883116883116883
0.8021978021978022
0.5849056603773585
0.5901639344262295
0.5
0.5512820512820513
0.5
0.7608695652173914
0.7586206896551724
0.6304347826086957
0.6938775510204082
0.7962962962962963
0.8648648648648649
0.7407407407407407
0.8478260869565217
0.8478260869565217
0.7307692307692307
0.6052631578947368
1.0
0.86
0.8571428571428571
0.58
0.8947368421052632
0.4666666666666667
0.7926829268292683
0.8870967741935484
0.5444444444444444
0.78
0.7702702702702703
0.7666666666666667
0.7972972972972973
0.6632653061224489
0.8780487804878049
0.7258064516129032
0.8484848484848485
0.5853658536585366
0.9054054054054054
1.0
0.5434782608695652
0.6744186046511628
0.6721311475409836
0.6792452830188679
0.7318840579710145
0.5853658536585366
0.5151515151515151
0.7017543859649122
0.8648648648648649
0.925531914893617
0.5606060606060606
0.35294117647058826
0.6268656716417911
0.54
0.6363636363636364
0.6212121212121212
0.7666666666666667
0.7368421052631579
0.8679245283018868
0.8829787234042553
0.826530612244898
0.7543859649122807
0.7547169811320755
0.6623376623376623
0.8059701492537313
0.86
0.8
0.7169811320754716
0.6272727272727273
0.6037735849056604
0.776595744680851
0.7528735632183908
0.6216216216216216
0.6909090909090909
0.5957446808510638
0.8870967741935484
0.7711864406779662
0.7560975609756098
0.6454545454545455
0.8559322033898306
0.6451612903225806
0.5964912280701754
0.7941176470588235
0.7151898734177216
0.6296296296296297
0.6666666666666666
0.8793103448275862
0.8333333333333334
0.5476190476190477
0.5
0.6440677966101694
0.7407407407407407
0.6666666666666666
0.8135593220338984
0.6728395061728395
0.803921568627451
0.7470588235294118
1.0
0.6721311475409836
0.6421052631578947
0.6901408450704225
0.8137254901960784
0.6578947368421053
0.6938775510204082
0.8802816901408451
0.7560975609756098
0.8225806451612904
0.9102564102564102
0.6984126984126984
0.8481012658227848
0.8979591836734694
0.8870967741935484
0.7959183673469388
0.8870967741935484
0.6363636363636364
0.8513513513513513
0.8484848484848485
0.680327868852459
0.815068493150685
0.9230769230769231
0.7692307692307693
0.6951219512195121
0.6451612903225806
0.8870967741935484
1.0
0.6538461538461539
0.3484848484848485
1.0
0.7222222222222222
0.5617283950617284
1.0
0.925531914893617
0.5370370370370371
0.72
0.8703703703703703
0.6138613861386139
0.6818181818181818
0.6216216216216216
0.7358490566037735
0.7105263157894737
0.7872340425531915
0.8157894736842105
0.6818181818181818
1.0
0.8939393939393939
0.8793103448275862
0.3888888888888889
0.8870967741935484
0.86
1.0
0.6304347826086957
0.7428571428571429
0.5888888888888889
0.5985915492957746
0.5757575757575758
0.7682926829268293
0.6910112359550562
0.6181818181818182
0.6792452830188679
0.5689655172413793
0.5106382978723404
0.7666666666666667
0.7560975609756098
0.782608695652174
0.573170731707317
0.36363636363636365
0.5967741935483871
0.7702702702702703
0.8484848484848485
0.4473684210526316
0.6792452830188679
0.4714285714285714
0.45652173913043476
0.5
0.6486486486486487
0.5454545454545454
0.7169811320754716
1.0
1.0
0.7258064516129032
0.6571428571428571
0.3387096774193548
0.8947368421052632
0.7105263157894737
1.0
0.7037037037037037
0.8484848484848485
1.0
0.9649122807017544
0.8835616438356164
0.8939393939393939
0.5526315789473685
0.5444444444444444
0.5434782608695652
0.696969696969697
0.5909090909090909
0.7941176470588235
1.0
0.21428571428571427
0.5487804878048781
0.72
0.5967741935483871
0.7446808510638298
0.5128205128205128
0.7244897959183674
0.5821917808219178
0.6395348837209303
0.7551020408163265
0.7258064516129032
0.8191489361702128
1.0
0.7073170731707317
0.9
0.66
0.7307692307692307
0.7551020408163265
0.7735849056603774
0.7941176470588235
0.8282828282828283
0.8305084745762712
0.8780487804878049
0.8333333333333334
1.0
0.6164383561643836
0.9122807017543859
0.6530612244897959
0.803921568627451
0.6222222222222222
0.7068965517241379
0.36363636363636365
0.6290322580645161
1.0
0.6379310344827587
0.86
0.5862068965517241
0.5769230769230769
0.8157894736842105
0.5740740740740741
0.6428571428571429
0.6521739130434783
0.8157894736842105
0.5106382978723404
0.524390243902439
0.6794871794871795
0.7666666666666667
0.48148148148148145
0.6
0.3939393939393939
0.5526315789473685
0.5882352941176471
0.8372093023255814
0.7307692307692307
0.8448275862068966
0.86
0.7241379310344828
0.6595744680851063
0.5
0.8478260869565217
0.8451327433628318
0.66
0.7358490566037735
0.6976744186046512
0.6343283582089553
0.6408450704225352
0.5053763440860215
0.47368421052631576
0.6888888888888889
0.36363636363636365
0.5555555555555556
0.30303030303030304
0.7075471698113207
0.7075471698113207
0.6595744680851063
0.5888888888888889
0.6142857142857143
0.7878787878787878
0.86
0.6690140845070423
0.6748768472906403
0.7397260273972602
0.7835820895522388
0.6604938271604939
0.6846153846153846
0.8412698412698413
0.8417721518987342
0.8023255813953488
0.9313725490196079
0.38
0.4142857142857143
0.2
0.44871794871794873
0.2777777777777778
1.0
0.6304347826086957
0.56
0.6666666666666666
0.5967741935483871
0.6052631578947368
0.5
0.47297297297297297
0.6666666666666666
0.6222222222222222
0.6851851851851852
0.8701298701298701
0.9186046511627907
0.5350877192982456
0.7558139534883721
0.782051282051282
0.6304347826086957
0.5888888888888889
0.6808510638297872
0.58
0.3076923076923077
0.813953488372093
0.8888888888888888
0.8148148148148148
0.6724137931034483
0.7246376811594203
0.6153846153846154
1.0
0.6111111111111112
1.0
0.5675675675675675
0.8333333333333334
0.6857142857142857
0.686046511627907
0.8191489361702128
0.7857142857142857
0.8404255319148937
0.46511627906976744
0.7692307692307693
0.2222222222222222
0.4148936170212766
0.86
0.7452830188679245
0.6792452830188679
0.6818181818181818
0.6935483870967742
0.7105263157894737
0.6739130434782609
0.7950819672131147
0.6595744680851063
0.4473684210526316
0.8360655737704918
0.6
0.6896551724137931
0.7571428571428571
0.7394366197183099
0.7456140350877193
0.43548387096774194
0.34782608695652173
0.8823529411764706
0.6864406779661016
0.7558139534883721
0.8947368421052632
0.6101694915254238
0.925531914893617
0.7571428571428571
0.7121212121212122
0.6
0.42424242424242425
0.7558139534883721
0.6304347826086957
0.3709677419354839
0.5508474576271186
0.8444444444444444
0.9222222222222223
0.5454545454545454
0.8484848484848485
0.7407407407407407
0.7941176470588235
0.7105263157894737
0.32608695652173914
0.6060606060606061
0.7307692307692307
0.8823529411764706
0.6142857142857143
0.9
0.8703703703703703
0.5
0.7959183673469388
0.6829268292682927
0.8780487804878049
1.0
0.6666666666666666
1.0
0.8157894736842105
0.34210526315789475
0.8703703703703703
0.4626865671641791
0.5256410256410257
1.0
0.7325581395348837
0.7021276595744681
0.4666666666666667
0.6304347826086957
0.6341463414634146
0.776595744680851
0.9054054054054054
1.0
0.7407407407407407
0.6219512195121951
0.7346938775510204
0.56
0.44285714285714284
0.7702702702702703
0.4634146341463415
0.9054054054054054
0.7244897959183674
1.0
0.6621621621621622
0.7941176470588235
0.8478260869565217
0.86
0.7941176470588235
0.6282051282051282
0.45901639344262296
1.0
0.8793103448275862
0.7888888888888889
0.7027027027027027
1.0
0.7301587301587301
0.7424242424242424
0.6666666666666666
0.5517241379310345
0.7301587301587301
0.8478260869565217
0.6575342465753424
0.7941176470588235
0.7857142857142857
0.7432432432432432
0.42857142857142855
0.42
0.7333333333333333
0.6864406779661016
0.8478260869565217
1.0
0.7830188679245284
0.8648648648648649
0.6756756756756757
0.5507246376811594
Min Sentence GLEU Score: 0.0
Max Sentence GLEU Score: 1.0
Average Sentence GLEU Score: 0.6167402500643844
Corpus Sentence GLEU Score: 0.5507246376811594
