0.4126984126984127
0.5175438596491229
0.37209302325581395
0.423728813559322
0.17647058823529413
0.2826086956521739
0.2972972972972973
0.30851063829787234
0.12195121951219512
0.4339622641509434
0.45454545454545453
0.3076923076923077
0.34285714285714286
0.4857142857142857
0.3783783783783784
0.2777777777777778
0.22727272727272727
0.3684210526315789
0.24390243902439024
0.1794871794871795
0.5
0.45454545454545453
0.28
0.27906976744186046
0.7
0.2
0.19047619047619047
0.0
0.6521739130434783
0.13934426229508196
0.2857142857142857
0.23636363636363636
0.0
0.44594594594594594
0.24193548387096775
0.21052631578947367
0.2698412698412698
0.22727272727272727
0.25757575757575757
0.5
0.1111111111111111
0.16666666666666666
0.12903225806451613
0.15384615384615385
0.1724137931034483
0.3076923076923077
0.07142857142857142
0.24444444444444444
0.2878787878787879
0.13793103448275862
0.5128205128205128
0.5106382978723404
0.5454545454545454
0.432
0.21604938271604937
0.23448275862068965
0.3358208955223881
0.42592592592592593
0.2894736842105263
0.16666666666666666
0.06756756756756757
0.14516129032258066
0.2
0.16822429906542055
0.23333333333333334
0.5196078431372549
0.38571428571428573
0.15217391304347827
0.19767441860465115
0.12244897959183673
0.11538461538461539
0.22727272727272727
0.23873873873873874
0.4574468085106383
0.2962962962962963
0.043478260869565216
0.19230769230769232
0.23333333333333334
0.16666666666666666
0.6111111111111112
0.5675675675675675
0.1724137931034483
0.34210526315789475
0.42
0.23809523809523808
0.3620689655172414
0.5540540540540541
0.11538461538461539
0.3888888888888889
0.09523809523809523
0.3148148148148148
0.21311475409836064
0.09090909090909091
0.28
0.2619047619047619
0.2037037037037037
0.6
0.2222222222222222
0.34615384615384615
0.26
0.2636363636363636
0.2727272727272727
0.52
0.2631578947368421
0.3218390804597701
0.66
0.26666666666666666
0.27595628415300544
0.18
0.39473684210526316
0.16129032258064516
0.4222222222222222
0.22
0.16666666666666666
0.19696969696969696
0.6
0.3076923076923077
0.19298245614035087
0.45714285714285713
0.34
0.32456140350877194
0.3137254901960784
0.2972972972972973
0.18660287081339713
0.47183098591549294
0.0
0.3769230769230769
0.14330218068535824
0.28
0.3333333333333333
0.43884892086330934
0.3097560975609756
0.26666666666666666
0.2777777777777778
0.5161290322580645
0.16666666666666666
0.4
0.7352941176470589
0.211864406779661
0.21739130434782608
0.24285714285714285
0.43506493506493504
0.4024390243902439
0.4189189189189189
0.5
0.8157894736842105
0.6111111111111112
0.391304347826087
0.34210526315789475
0.2608695652173913
0.391304347826087
0.5
1.0
0.5
0.23333333333333334
0.2222222222222222
0.2692307692307692
0.4782608695652174
0.34782608695652173
0.3181818181818182
0.6818181818181818
0.1891891891891892
0.22072072072072071
0.1676300578034682
0.23053892215568864
0.28651685393258425
0.43478260869565216
0.28735632183908044
0.5217391304347826
0.13157894736842105
0.18571428571428572
0.16666666666666666
0.20588235294117646
0.7413793103448276
0.08064516129032258
0.36507936507936506
0.4090909090909091
0.32432432432432434
0.2571428571428571
0.19047619047619047
0.21176470588235294
0.29411764705882354
0.6111111111111112
0.6818181818181818
0.13793103448275862
0.5
0.22972972972972974
0.5
0.16666666666666666
0.10526315789473684
0.23529411764705882
0.15384615384615385
0.6666666666666666
0.5512820512820513
0.7142857142857143
0.32432432432432434
0.1
0.1
0.4
0.16666666666666666
0.21428571428571427
0.37777777777777777
0.0
0.47761194029850745
0.3181818181818182
0.47560975609756095
0.16129032258064516
0.25757575757575757
0.3614457831325301
0.34615384615384615
0.5
0.3333333333333333
0.3064516129032258
0.1774193548387097
0.21428571428571427
0.12962962962962962
0.2631578947368421
0.13636363636363635
0.3235294117647059
0.09090909090909091
0.15384615384615385
0.2411764705882353
0.19811320754716982
0.47058823529411764
0.6764705882352942
0.5789473684210527
0.3488372093023256
0.40816326530612246
0.1891891891891892
0.29310344827586204
0.40476190476190477
0.16666666666666666
0.07407407407407407
0.1774193548387097
0.25510204081632654
0.4
0.46153846153846156
0.22
0.6621621621621622
0.4069767441860465
0.3076923076923077
0.14
0.35074626865671643
0.43103448275862066
0.34831460674157305
0.43103448275862066
0.13157894736842105
0.7666666666666667
0.14705882352941177
0.22727272727272727
0.4
0.43023255813953487
0.19047619047619047
0.696969696969697
0.1724137931034483
0.5
0.07142857142857142
0.2826086956521739
0.7058823529411765
0.45348837209302323
0.6086956521739131
0.49056603773584906
0.20967741935483872
0.15384615384615385
0.0
0.2631578947368421
0.2
0.2619047619047619
0.32432432432432434
0.35185185185185186
0.1111111111111111
0.07142857142857142
0.3620689655172414
0.4186046511627907
0.2
0.5862068965517241
0.34782608695652173
0.3333333333333333
0.2
0.0
0.08823529411764706
0.1792452830188679
0.3287671232876712
0.09090909090909091
0.33076923076923076
0.5675675675675675
0.5
0.19101123595505617
0.15517241379310345
0.28431372549019607
0.23809523809523808
0.45454545454545453
0.3135593220338983
0.0
0.10869565217391304
0.40540540540540543
0.25806451612903225
0.11538461538461539
0.5294117647058824
0.2978723404255319
0.4927536231884058
0.5746268656716418
0.4649122807017544
0.41818181818181815
0.28
0.19047619047619047
0.9130434782608695
0.52
0.44594594594594594
0.21951219512195122
0.23684210526315788
0.21428571428571427
0.4827586206896552
0.18
0.05263157894736842
0.09090909090909091
0.16666666666666666
0.2413793103448276
0.07894736842105263
0.2222222222222222
0.8157894736842105
0.35185185185185186
0.21428571428571427
0.18181818181818182
0.05555555555555555
0.6818181818181818
0.1
0.6111111111111112
0.32456140350877194
0.3333333333333333
0.22727272727272727
0.33858267716535434
0.29069767441860467
0.2826086956521739
0.2413793103448276
1.0
0.5274725274725275
0.7666666666666667
0.6666666666666666
0.34210526315789475
0.2972972972972973
0.22784810126582278
0.2692307692307692
0.2571428571428571
0.3620689655172414
0.37012987012987014
0.7647058823529411
0.4830508474576271
0.32926829268292684
0.0967741935483871
0.34615384615384615
0.33783783783783783
0.3380281690140845
0.5784313725490197
0.2857142857142857
0.3888888888888889
0.4444444444444444
0.39215686274509803
0.1774193548387097
0.1891891891891892
0.7352941176470589
0.15492957746478872
0.23563218390804597
0.06666666666666667
0.35106382978723405
0.2631578947368421
0.5
0.15384615384615385
0.28761061946902655
0.15789473684210525
0.3770491803278688
0.7307692307692307
0.2323943661971831
0.2835820895522388
0.22413793103448276
0.2532467532467532
0.3431372549019608
0.32075471698113206
0.2358490566037736
0.14516129032258066
0.2755102040816326
0.13513513513513514
0.24193548387096775
0.27049180327868855
0.3153846153846154
0.12745098039215685
0.2
0.2777777777777778
0.5588235294117647
0.18627450980392157
0.40476190476190477
0.41379310344827586
0.6612903225806451
0.37037037037037035
0.5540540540540541
0.2743362831858407
0.16666666666666666
0.42592592592592593
0.3333333333333333
0.42857142857142855
0.16666666666666666
0.24774774774774774
0.20103092783505155
0.3347826086956522
0.2111111111111111
0.38823529411764707
0.2966101694915254
0.19047619047619047
0.17391304347826086
0.5882352941176471
0.22972972972972974
0.13333333333333333
0.28888888888888886
0.13953488372093023
0.24242424242424243
0.22
0.29310344827586204
0.26666666666666666
0.29411764705882354
0.5
0.30327868852459017
0.2413793103448276
0.19047619047619047
0.18518518518518517
0.45652173913043476
0.1276595744680851
0.2894736842105263
0.26666666666666666
0.16666666666666666
0.0
0.5588235294117647
0.11494252873563218
0.2971014492753623
0.5428571428571428
0.18181818181818182
0.0
0.0
0.33962264150943394
0.30952380952380953
0.3
0.28205128205128205
0.45714285714285713
0.7666666666666667
0.2
0.43333333333333335
0.19230769230769232
0.05555555555555555
0.24
0.4838709677419355
0.36666666666666664
0.6153846153846154
0.4117647058823529
0.0
0.4587628865979381
0.2727272727272727
0.07894736842105263
0.13333333333333333
0.2702702702702703
0.13793103448275862
0.3103448275862069
0.47297297297297297
0.09259259259259259
0.15384615384615385
0.13793103448275862
0.23684210526315788
0.24489795918367346
0.09688581314878893
0.2777777777777778
0.15384615384615385
0.1111111111111111
0.14285714285714285
0.2727272727272727
0.1989247311827957
0.5555555555555556
0.2608695652173913
0.17094017094017094
0.41935483870967744
0.11538461538461539
0.17391304347826086
0.22580645161290322
0.3
0.46296296296296297
0.14705882352941177
0.48412698412698413
0.21428571428571427
0.21818181818181817
0.48936170212765956
0.11764705882352941
0.6666666666666666
0.5
0.6666666666666666
0.24390243902439024
0.36153846153846153
0.42592592592592593
0.6538461538461539
0.5
0.16666666666666666
0.4594594594594595
0.1864406779661017
0.24193548387096775
0.29310344827586204
0.3333333333333333
0.36666666666666664
0.6739130434782609
0.6451612903225806
0.1111111111111111
0.12195121951219512
0.2887323943661972
0.3644067796610169
0.1864406779661017
0.3225806451612903
0.19883040935672514
0.24545454545454545
0.30612244897959184
0.22727272727272727
0.3333333333333333
0.5952380952380952
0.2608695652173913
0.0
0.0
0.1
0.5882352941176471
0.21052631578947367
0.17142857142857143
0.1
0.14285714285714285
0.21428571428571427
0.22727272727272727
0.5909090909090909
0.45652173913043476
0.2631578947368421
0.16279069767441862
0.5882352941176471
0.0
0.16666666666666666
0.07894736842105263
0.2631578947368421
0.08620689655172414
0.18181818181818182
0.2608695652173913
0.3048780487804878
0.33783783783783783
0.21212121212121213
0.1206896551724138
0.2564102564102564
0.2
0.24
0.4142857142857143
0.19230769230769232
0.21052631578947367
0.20588235294117646
0.36046511627906974
0.45098039215686275
0.0
0.45121951219512196
0.43636363636363634
0.35454545454545455
0.3974358974358974
0.48936170212765956
0.5
0.7307692307692307
0.16666666666666666
0.0
0.37777777777777777
0.16
0.16216216216216217
0.1935483870967742
0.46
0.1956521739130435
0.2422360248447205
0.5
1.0
0.2222222222222222
0.5
0.14285714285714285
0.16666666666666666
0.6666666666666666
0.23333333333333334
0.4
0.22727272727272727
0.1891891891891892
0.19230769230769232
0.4
0.4
0.3918918918918919
0.35135135135135137
0.42857142857142855
0.19047619047619047
0.09090909090909091
0.36
0.696969696969697
0.8823529411764706
0.2826086956521739
0.20588235294117646
0.40476190476190477
0.24
0.20270270270270271
0.21052631578947367
0.14285714285714285
0.23684210526315788
0.24390243902439024
0.5319148936170213
0.18421052631578946
0.11904761904761904
0.5
0.29591836734693877
0.19047619047619047
0.3050847457627119
0.3939393939393939
0.3484848484848485
0.24324324324324326
0.2631578947368421
0.10084033613445378
0.4745762711864407
0.3333333333333333
0.3275862068965517
0.20430107526881722
0.2012987012987013
0.3968253968253968
0.6
0.5
0.0
0.3333333333333333
0.16666666666666666
0.05555555555555555
0.1111111111111111
0.4
0.5
0.4
0.4
1.0
0.3888888888888889
0.2777777777777778
0.14705882352941177
0.3
0.1
0.1111111111111111
0.16666666666666666
0.16666666666666666
0.16666666666666666
0.18181818181818182
0.4
0.13414634146341464
0.22340425531914893
0.13414634146341464
0.30851063829787234
0.2608695652173913
0.2571428571428571
0.2878787878787879
0.30434782608695654
0.15853658536585366
0.2222222222222222
0.42857142857142855
0.14285714285714285
0.07079646017699115
0.4
0.11016949152542373
0.12857142857142856
0.72
0.38095238095238093
0.09090909090909091
0.18571428571428572
0.3148148148148148
0.4358974358974359
0.38571428571428573
0.12
0.7307692307692307
0.16666666666666666
0.2
0.14285714285714285
0.34285714285714286
0.8157894736842105
0.2647058823529412
0.34
0.3888888888888889
0.3157894736842105
0.36153846153846153
0.46511627906976744
0.3
0.42771084337349397
0.12686567164179105
0.24666666666666667
0.3918918918918919
0.23015873015873015
0.10526315789473684
0.2857142857142857
0.291044776119403
0.427536231884058
0.19090909090909092
0.23076923076923078
0.28991596638655465
0.13333333333333333
0.3111111111111111
0.17777777777777778
0.22950819672131148
0.3412698412698413
0.4
0.2
0.6111111111111112
0.19230769230769232
0.5217391304347826
0.17647058823529413
0.2542372881355932
0.4444444444444444
0.44
0.2857142857142857
0.37755102040816324
0.1956521739130435
0.2391304347826087
0.1956521739130435
0.09259259259259259
0.11538461538461539
0.36046511627906974
0.30120481927710846
0.11403508771929824
0.14864864864864866
0.16666666666666666
0.18
0.5
0.64
0.13333333333333333
0.10638297872340426
0.5888888888888889
0.6111111111111112
0.2
0.19230769230769232
0.14285714285714285
0.3448275862068966
0.5606060606060606
0.34
0.5757575757575758
0.2571428571428571
0.2222222222222222
0.3888888888888889
0.5
0.24509803921568626
0.52
0.2746478873239437
0.18421052631578946
0.0
0.24390243902439024
0.41379310344827586
0.44871794871794873
0.4387755102040816
0.29508196721311475
0.11538461538461539
0.3235294117647059
0.7666666666666667
0.23529411764705882
0.058823529411764705
0.38372093023255816
0.35714285714285715
0.6444444444444445
0.527027027027027
0.35714285714285715
0.21739130434782608
0.5306122448979592
0.3111111111111111
0.19767441860465115
0.5
0.21428571428571427
0.35185185185185186
0.3050847457627119
0.08
0.17346938775510204
0.5
0.3333333333333333
0.45161290322580644
0.46551724137931033
0.36
0.5526315789473685
0.8
0.32
0.6515151515151515
0.7837837837837838
0.6756756756756757
0.25609756097560976
0.5849056603773585
0.27419354838709675
0.23809523809523808
0.3939393939393939
0.17142857142857143
0.5333333333333333
0.2857142857142857
0.6451612903225806
0.24444444444444444
0.5294117647058824
0.6666666666666666
0.17647058823529413
0.5740740740740741
0.25806451612903225
0.5
0.18
0.3188405797101449
0.10526315789473684
0.2857142857142857
0.3787878787878788
0.358974358974359
0.3333333333333333
0.0
0.16666666666666666
0.7142857142857143
0.5
0.1
0.0
0.1206896551724138
0.39473684210526316
0.4
0.5652173913043478
0.22727272727272727
0.16666666666666666
0.3333333333333333
0.5
0.11627906976744186
0.43333333333333335
0.25925925925925924
0.21052631578947367
0.6111111111111112
0.42592592592592593
0.16666666666666666
0.34210526315789475
0.44871794871794873
0.23333333333333334
0.8333333333333334
0.4142857142857143
0.11290322580645161
0.11538461538461539
0.3684210526315789
0.6206896551724138
0.5151515151515151
0.3
0.27586206896551724
0.1111111111111111
0.5555555555555556
0.19696969696969696
0.46551724137931033
0.30952380952380953
0.16666666666666666
0.1
0.5952380952380952
0.45161290322580644
0.15517241379310345
0.26666666666666666
0.2727272727272727
0.15789473684210525
0.47368421052631576
0.5
0.06060606060606061
0.19230769230769232
0.5714285714285714
0.36486486486486486
0.13043478260869565
0.2631578947368421
0.22413793103448276
0.5333333333333333
0.21428571428571427
0.21739130434782608
0.6621621621621622
0.7058823529411765
0.2619047619047619
0.18604651162790697
0.3
0.5196078431372549
0.06470588235294118
0.5232558139534884
0.5909090909090909
0.4818181818181818
0.5194805194805194
0.6222222222222222
0.6571428571428571
0.15048543689320387
0.5425531914893617
0.43023255813953487
0.40476190476190477
0.37209302325581395
0.15584415584415584
0.2
0.1
0.3116883116883117
0.11764705882352941
0.1746987951807229
0.5
0.1326530612244898
0.1111111111111111
0.07407407407407407
0.3484848484848485
0.11904761904761904
0.38
0.1
0.16666666666666666
0.16666666666666666
0.25757575757575757
0.2872340425531915
0.2777777777777778
0.3333333333333333
0.33783783783783783
0.1
0.0
0.559322033898305
0.3181818181818182
0.39473684210526316
0.28217821782178215
0.3877551020408163
0.3
0.18823529411764706
0.4634146341463415
0.4576271186440678
0.46296296296296297
0.5
0.7105263157894737
0.29069767441860467
0.40816326530612246
0.3333333333333333
0.1724137931034483
0.5
0.42857142857142855
0.16666666666666666
0.46153846153846156
0.23076923076923078
0.3333333333333333
0.5
0.5
0.6111111111111112
0.46
0.22727272727272727
0.4189189189189189
0.20909090909090908
0.22
0.2631578947368421
0.26666666666666666
0.08823529411764706
0.1724137931034483
0.2777777777777778
0.29411764705882354
0.22580645161290322
0.35714285714285715
0.5476190476190477
0.7096774193548387
0.20512820512820512
0.5675675675675675
0.74
0.38095238095238093
0.16666666666666666
0.2
0.3275862068965517
0.6111111111111112
0.2727272727272727
0.6363636363636364
0.10344827586206896
0.18181818181818182
0.22727272727272727
0.2
0.25925925925925924
0.25862068965517243
0.39215686274509803
0.16666666666666666
0.17346938775510204
0.4473684210526316
0.2
0.3793103448275862
0.4
0.26666666666666666
0.22857142857142856
0.6190476190476191
0.3333333333333333
0.21212121212121213
0.37037037037037035
0.1111111111111111
0.5217391304347826
0.43902439024390244
0.1891891891891892
0.43478260869565216
0.25757575757575757
0.43103448275862066
0.4
0.18
0.3235294117647059
0.25609756097560976
0.2926829268292683
0.2222222222222222
0.18
0.18181818181818182
0.6764705882352942
0.48
0.316
0.4857142857142857
0.1918238993710692
0.20408163265306123
0.0
0.05555555555555555
0.21428571428571427
0.5714285714285714
0.5333333333333333
0.4148936170212766
0.48717948717948717
0.22727272727272727
0.2222222222222222
0.38461538461538464
0.5769230769230769
0.25806451612903225
0.12158054711246201
0.5615384615384615
0.25396825396825395
0.2807017543859649
0.3563218390804598
0.13043478260869565
0.45918367346938777
0.7666666666666667
0.7407407407407407
0.22413793103448276
0.2894736842105263
0.11904761904761904
0.23529411764705882
0.15384615384615385
0.3181818181818182
0.4074074074074074
0.3902439024390244
1.0
0.1724137931034483
0.22
0.2543859649122807
0.39655172413793105
0.5
0.24242424242424243
0.25806451612903225
0.38095238095238093
0.28
0.47674418604651164
0.18888888888888888
0.29069767441860467
0.23333333333333334
0.3163265306122449
0.3181818181818182
0.36486486486486486
0.3076923076923077
0.38235294117647056
0.11904761904761904
0.16666666666666666
0.5
0.5153846153846153
0.19047619047619047
0.4230769230769231
0.4393939393939394
0.24193548387096775
0.3684210526315789
0.37037037037037035
0.5087719298245614
0.1111111111111111
0.07142857142857142
0.0
0.1111111111111111
0.16129032258064516
0.7285714285714285
0.25675675675675674
0.46938775510204084
0.43548387096774194
0.48717948717948717
0.22857142857142856
0.3275862068965517
0.41818181818181815
0.3076923076923077
0.43333333333333335
0.10606060606060606
0.19491525423728814
0.425531914893617
0.3412698412698413
0.21428571428571427
0.43243243243243246
0.5882352941176471
0.18421052631578946
0.0
0.4024390243902439
0.38095238095238093
0.36046511627906974
0.2966101694915254
0.3902439024390244
0.2647058823529412
0.16666666666666666
0.0
0.5405405405405406
0.35714285714285715
0.4387755102040816
0.4117647058823529
0.2391304347826087
0.2631578947368421
0.3181818181818182
0.11538461538461539
0.4666666666666667
0.3076923076923077
0.8157894736842105
0.7307692307692307
0.13333333333333333
0.15217391304347827
0.3181818181818182
0.2962962962962963
0.14285714285714285
0.5
0.12162162162162163
0.3181818181818182
0.48
0.2857142857142857
0.5882352941176471
0.5952380952380952
0.5
0.26666666666666666
0.7571428571428571
0.54
0.3148148148148148
0.17647058823529413
0.5
0.1111111111111111
0.46153846153846156
0.22727272727272727
0.14285714285714285
0.3
0.5
0.86
0.3
0.3333333333333333
0.4657534246575342
0.34444444444444444
0.3620689655172414
0.4636363636363636
0.2978723404255319
0.23469387755102042
0.15517241379310345
0.0
0.6290322580645161
0.07142857142857142
0.46464646464646464
0.5
0.25862068965517243
0.0
0.18518518518518517
0.21929824561403508
0.0
0.6509433962264151
0.7741935483870968
0.0
0.1
0.2692307692307692
0.18518518518518517
0.13157894736842105
0.11627906976744186
0.7586206896551724
0.26666666666666666
0.37037037037037035
0.21428571428571427
0.45454545454545453
0.2037037037037037
0.26666666666666666
0.2777777777777778
0.35185185185185186
0.47058823529411764
0.0
0.0
0.0
1.0
0.24324324324324326
0.336734693877551
0.2714285714285714
0.7027027027027027
0.3442622950819672
0.36363636363636365
0.3076923076923077
0.3709677419354839
0.21052631578947367
0.23529411764705882
0.0
0.17391304347826086
0.27956989247311825
0.525974025974026
0.3048780487804878
0.39080459770114945
0.427536231884058
0.2
0.0
0.0
0.05555555555555555
0.1
0.1111111111111111
0.5517241379310345
0.16981132075471697
0.3225806451612903
0.29310344827586204
0.2441860465116279
0.5
0.39655172413793105
0.25675675675675674
0.5365853658536586
0.6851851851851852
0.34285714285714286
0.16666666666666666
0.3333333333333333
0.27358490566037735
0.3873239436619718
0.23469387755102042
0.21052631578947367
0.35333333333333333
0.35714285714285715
0.2894736842105263
0.3484848484848485
0.4696969696969697
0.21052631578947367
0.47058823529411764
0.24468085106382978
0.34615384615384615
0.18571428571428572
0.4307692307692308
0.5365853658536586
0.35185185185185186
0.5701754385964912
0.7142857142857143
0.0
0.4824561403508772
0.43548387096774194
0.5
0.33185840707964603
0.0
0.35333333333333333
0.3333333333333333
0.35106382978723405
0.3253968253968254
0.6111111111111112
0.0
0.21212121212121213
0.2857142857142857
0.2542372881355932
0.08620689655172414
0.3018867924528302
0.47058823529411764
0.26582278481012656
0.14356435643564355
0.5952380952380952
0.3333333333333333
0.0
0.1
0.2037037037037037
0.2222222222222222
0.1986754966887417
0.12307692307692308
0.43243243243243246
0.5769230769230769
0.3048780487804878
0.3333333333333333
0.0
0.0
0.4019607843137255
0.3291139240506329
0.41379310344827586
0.3148148148148148
0.32857142857142857
0.20588235294117646
0.23529411764705882
0.36363636363636365
0.08695652173913043
0.5217391304347826
0.6081081081081081
0.6627906976744186
0.3230769230769231
0.0
0.0
0.6111111111111112
0.3157894736842105
0.1702127659574468
0.44594594594594594
0.37142857142857144
0.3548387096774194
0.6142857142857143
0.7307692307692307
0.3620689655172414
0.5428571428571428
0.5952380952380952
0.2692307692307692
0.3484848484848485
0.5869565217391305
0.5505050505050505
0.44871794871794873
0.30612244897959184
0.3695652173913043
0.6044776119402985
0.3023255813953488
0.21428571428571427
0.16
0.4411764705882353
0.5
0.10204081632653061
0.41721854304635764
0.17142857142857143
0.37037037037037035
0.5142857142857142
0.45180722891566266
0.4117647058823529
0.2702702702702703
0.29411764705882354
0.34210526315789475
0.5
0.7105263157894737
1.0
0.4387755102040816
0.46296296296296297
0.05737704918032787
0.6666666666666666
0.49382716049382713
0.21951219512195122
0.1
0.4
0.3490566037735849
0.39215686274509803
0.38461538461538464
0.3181818181818182
0.527027027027027
0.06666666666666667
0.23809523809523808
0.3627450980392157
0.1813186813186813
0.21951219512195122
0.6224489795918368
0.46
0.4777777777777778
0.40298507462686567
0.23529411764705882
0.3333333333333333
0.20512820512820512
0.22972972972972974
0.3783783783783784
0.41228070175438597
0.41304347826086957
0.5
0.3673469387755102
0.6
0.46
0.2714285714285714
0.4
0.7068965517241379
0.12121212121212122
0.4
0.38372093023255816
0.2702702702702703
0.3793103448275862
0.45652173913043476
0.40476190476190477
0.09523809523809523
0.7
0.43333333333333335
0.2894736842105263
0.13043478260869565
0.35185185185185186
0.15217391304347827
0.2727272727272727
0.2647058823529412
0.425531914893617
0.22972972972972974
0.3333333333333333
0.16666666666666666
0.2037037037037037
0.3333333333333333
0.29411764705882354
0.2692307692307692
0.1724137931034483
0.21428571428571427
0.28888888888888886
0.5757575757575758
0.26595744680851063
0.22727272727272727
0.21818181818181817
0.20754716981132076
0.2571428571428571
0.27044025157232704
0.7156862745098039
0.1384180790960452
0.0
0.5245901639344263
0.3
0.28205128205128205
0.23404255319148937
0.3829787234042553
0.5081967213114754
0.35714285714285715
0.3793103448275862
0.42424242424242425
0.22666666666666666
0.24096385542168675
0.20408163265306123
0.16
0.38823529411764707
0.3181818181818182
0.3148148148148148
0.2471264367816092
0.25806451612903225
0.29245283018867924
0.24705882352941178
0.16666666666666666
0.2682926829268293
0.6097560975609756
0.42063492063492064
0.43617021276595747
0.52
0.36046511627906974
0.44680851063829785
0.3811881188118812
0.4024390243902439
0.64
0.5471698113207547
0.07692307692307693
0.2037037037037037
0.2073170731707317
0.3150684931506849
0.23404255319148937
0.0
0.4696969696969697
0.45121951219512196
0.3939393939393939
0.3072289156626506
0.25316455696202533
0.2804878048780488
0.5508474576271186
0.7142857142857143
0.38823529411764707
0.5306122448979592
0.2692307692307692
0.5471698113207547
0.48148148148148145
0.24615384615384617
0.313953488372093
0.6290322580645161
0.7432432432432432
0.3103448275862069
0.1
1.0
0.6379310344827587
0.26666666666666666
0.19230769230769232
0.21428571428571427
0.5
0.5
0.35365853658536583
0.0
0.31343283582089554
0.6571428571428571
0.6555555555555556
0.2222222222222222
0.12962962962962962
0.1956521739130435
0.40476190476190477
0.16666666666666666
0.4
0.4117647058823529
0.17647058823529413
0.34210526315789475
0.30952380952380953
0.2631578947368421
0.3787878787878788
0.07142857142857142
0.5581395348837209
0.3157894736842105
0.13333333333333333
0.21428571428571427
0.5857142857142857
0.34210526315789475
0.15384615384615385
0.38571428571428573
0.14864864864864866
0.2222222222222222
0.47619047619047616
0.5
0.5
0.39361702127659576
0.6923076923076923
0.6304347826086957
0.19230769230769232
0.14
0.2571428571428571
0.08571428571428572
0.16
0.5964912280701754
0.410958904109589
0.5512820512820513
0.2777777777777778
0.1111111111111111
0.14705882352941177
0.6111111111111112
0.5128205128205128
0.4393939393939394
0.20967741935483872
0.23376623376623376
0.25675675675675674
0.42
0.7258064516129032
0.6627906976744186
0.42424242424242425
0.4090909090909091
0.27586206896551724
0.4024390243902439
0.3387096774193548
0.5555555555555556
0.3048780487804878
0.3620689655172414
0.30434782608695654
0.29310344827586204
0.3783783783783784
0.11764705882352941
0.30434782608695654
0.36
0.18518518518518517
0.3404255319148936
0.358974358974359
0.12162162162162163
0.46
0.41379310344827586
0.43023255813953487
0.3918918918918919
0.34146341463414637
0.4056603773584906
0.3111111111111111
0.6486486486486487
0.23333333333333334
0.42857142857142855
0.10869565217391304
0.4090909090909091
0.42592592592592593
0.5689655172413793
0.35185185185185186
0.1891891891891892
0.2
0.3235294117647059
0.44594594594594594
0.313953488372093
0.3275862068965517
0.5526315789473685
0.42857142857142855
0.3783783783783784
0.2631578947368421
0.5813953488372093
0.3939393939393939
0.13414634146341464
0.2857142857142857
0.20634920634920634
0.19230769230769232
0.5588235294117647
0.23333333333333334
0.46774193548387094
0.23170731707317074
0.6470588235294118
0.15384615384615385
0.5964912280701754
0.3888888888888889
0.10256410256410256
0.2857142857142857
0.18181818181818182
0.16981132075471697
0.3103448275862069
0.43333333333333335
0.7666666666666667
0.45652173913043476
0.14285714285714285
0.45652173913043476
0.5846153846153846
1.0
1.0
0.44594594594594594
0.30952380952380953
0.5135135135135135
0.48148148148148145
0.23404255319148937
0.30952380952380953
0.38461538461538464
0.86
0.32978723404255317
0.3157894736842105
0.19090909090909092
0.47530864197530864
0.30701754385964913
0.0
0.26666666666666666
0.3058823529411765
0.4387755102040816
0.29411764705882354
0.1865671641791045
0.6666666666666666
0.291044776119403
0.2571428571428571
0.48148148148148145
0.7380952380952381
0.5
0.5952380952380952
0.30392156862745096
0.7941176470588235
0.16666666666666666
0.2619047619047619
0.6
0.1896551724137931
0.09523809523809523
0.47674418604651164
0.09090909090909091
0.6470588235294118
1.0
0.37037037037037035
0.4
0.652542372881356
0.37037037037037035
0.34831460674157305
0.20689655172413793
0.6666666666666666
0.47435897435897434
0.3404255319148936
0.3787878787878788
0.29411764705882354
0.03398058252427184
0.22
0.4666666666666667
0.4142857142857143
0.12
0.16216216216216217
0.1724137931034483
0.16666666666666666
0.6
0.6304347826086957
0.5612244897959183
0.14864864864864866
0.86
0.14285714285714285
0.45454545454545453
0.2631578947368421
0.07142857142857142
0.5645161290322581
0.15714285714285714
0.30434782608695654
0.7878787878787878
0.24193548387096775
0.2727272727272727
0.82
0.7631578947368421
0.8181818181818182
0.0
0.0
0.3225806451612903
0.6395348837209303
0.38372093023255816
0.21951219512195122
0.3877551020408163
0.24358974358974358
0.2682926829268293
0.14285714285714285
0.5
0.7941176470588235
0.6619718309859155
0.36363636363636365
0.5344827586206896
0.4883720930232558
0.34782608695652173
0.15730337078651685
0.16129032258064516
0.42857142857142855
0.3253968253968254
0.2972972972972973
0.35714285714285715
0.23809523809523808
0.4393939393939394
0.5434782608695652
0.7428571428571429
0.5925925925925926
0.6111111111111112
0.4406779661016949
0.5754716981132075
0.6060606060606061
0.21621621621621623
0.15714285714285714
0.6923076923076923
0.23170731707317074
0.3829787234042553
0.42
0.21794871794871795
0.3108108108108108
0.34615384615384615
0.07692307692307693
0.25609756097560976
0.36
0.22666666666666666
0.3
0.5
0.2894736842105263
0.2978723404255319
0.4888888888888889
0.08064516129032258
0.20689655172413793
0.4696969696969697
0.0
0.2777777777777778
0.5135135135135135
0.7941176470588235
0.44545454545454544
0.2545454545454545
0.30434782608695654
0.43243243243243246
0.43661971830985913
0.13157894736842105
0.14285714285714285
0.38095238095238093
0.14444444444444443
0.19387755102040816
0.3888888888888889
0.35714285714285715
0.23529411764705882
0.18
0.3157894736842105
0.6111111111111112
0.44
0.47297297297297297
0.19230769230769232
0.30303030303030304
0.12857142857142856
0.3870967741935484
0.15217391304347827
0.36666666666666664
0.32608695652173914
0.14285714285714285
0.19230769230769232
0.4696969696969697
0.5303030303030303
0.5
0.44
0.5
0.29411764705882354
0.0
0.7666666666666667
0.2857142857142857
0.32608695652173914
0.2631578947368421
0.4
0.5588235294117647
0.34210526315789475
0.25675675675675674
0.717391304347826
0.3888888888888889
0.4117647058823529
0.7307692307692307
0.3888888888888889
0.7777777777777778
0.5066666666666667
0.4666666666666667
0.26
0.42473118279569894
0.3770491803278688
0.16666666666666666
0.22
0.46774193548387094
0.7666666666666667
0.12162162162162163
0.3157894736842105
0.22549019607843138
0.34782608695652173
0.2537313432835821
0.1896551724137931
0.25806451612903225
0.21428571428571427
0.5
0.28
0.26
0.1206896551724138
0.04
0.46153846153846156
0.32
0.30303030303030304
0.8333333333333334
0.21428571428571427
0.5
0.5
0.5232558139534884
0.43548387096774194
0.23684210526315788
0.2608695652173913
0.5
0.3893129770992366
0.24468085106382978
0.5396825396825397
0.3805970149253731
0.35714285714285715
0.6363636363636364
0.20967741935483872
0.20588235294117646
0.4074074074074074
0.12121212121212122
0.5142857142857142
0.38461538461538464
0.3235294117647059
1.0
0.6147540983606558
0.5555555555555556
0.37209302325581395
0.24509803921568626
0.1
0.49122807017543857
0.7058823529411765
0.35714285714285715
0.5526315789473685
0.36666666666666664
0.32
0.3181818181818182
0.30952380952380953
0.5217391304347826
0.09090909090909091
0.3918918918918919
0.2608695652173913
0.29310344827586204
0.1111111111111111
0.6
0.32978723404255317
0.5
0.2777777777777778
0.05555555555555555
0.058823529411764705
0.14705882352941177
0.4782608695652174
1.0
0.0
0.4
0.4
0.18
0.5789473684210527
0.6739130434782609
0.1
0.9310344827586207
0.2619047619047619
0.5
0.20588235294117646
0.41818181818181815
0.4016393442622951
0.30851063829787234
0.7307692307692307
0.5
0.3076923076923077
0.37349397590361444
0.3983050847457627
0.6304347826086957
0.2
0.5434782608695652
0.32558139534883723
0.32
0.0
0.0
0.16666666666666666
0.7307692307692307
0.21739130434782608
0.5294117647058824
0.21428571428571427
0.17647058823529413
0.3793103448275862
0.24390243902439024
0.45555555555555555
0.42424242424242425
0.2972972972972973
0.19047619047619047
0.4
0.16666666666666666
0.0
0.4387755102040816
0.3
0.2074074074074074
0.34355828220858897
0.3034188034188034
0.38235294117647056
0.10869565217391304
0.23684210526315788
0.2857142857142857
0.5
0.7105263157894737
0.2222222222222222
0.42592592592592593
0.6727272727272727
0.1
0.17692307692307693
0.43478260869565216
0.33962264150943394
0.07142857142857142
0.30952380952380953
0.43333333333333335
0.25862068965517243
0.21428571428571427
0.3333333333333333
0.5230769230769231
0.34545454545454546
0.38095238095238093
1.0
0.3488372093023256
0.23809523809523808
0.3695652173913043
0.52
0.46153846153846156
1.0
0.2948717948717949
0.24074074074074073
0.11764705882352941
0.29310344827586204
0.24285714285714285
0.4574468085106383
0.2702702702702703
0.26666666666666666
0.02
0.21428571428571427
0.2647058823529412
0.42105263157894735
0.4032258064516129
0.11538461538461539
0.09090909090909091
0.6923076923076923
0.3225806451612903
0.5151515151515151
0.2692307692307692
0.3333333333333333
0.22093023255813954
0.2391304347826087
0.3333333333333333
0.13513513513513514
0.23529411764705882
0.1631578947368421
0.11538461538461539
0.16666666666666666
0.44
0.1111111111111111
0.2641509433962264
0.3888888888888889
0.5
1.0
0.32051282051282054
0.10606060606060606
0.1
0.3235294117647059
0.37037037037037035
0.16666666666666666
0.5
0.14285714285714285
0.29411764705882354
0.3888888888888889
0.42857142857142855
0.23529411764705882
0.2777777777777778
0.45652173913043476
1.0
0.07142857142857142
0.3442622950819672
0.38095238095238093
0.16666666666666666
0.3791208791208791
0.4
0.24096385542168675
0.16666666666666666
0.3333333333333333
0.0
0.18571428571428572
0.3387096774193548
0.5454545454545454
0.2653061224489796
0.56
0.33146067415730335
0.3333333333333333
0.1744186046511628
0.34285714285714286
0.1
0.2077922077922078
0.2818181818181818
0.5
0.3918918918918919
0.2696629213483146
0.5294117647058824
0.46938775510204084
0.5652173913043478
0.39473684210526316
0.45348837209302323
0.2037037037037037
0.2222222222222222
0.2903225806451613
0.24242424242424243
0.38095238095238093
0.29310344827586204
0.11538461538461539
0.18
0.7666666666666667
0.3888888888888889
0.44285714285714284
0.47101449275362317
0.11290322580645161
0.25806451612903225
0.3142857142857143
0.2391304347826087
0.21739130434782608
0.09090909090909091
0.09090909090909091
0.18181818181818182
0.14516129032258066
0.27586206896551724
0.25609756097560976
0.3380281690140845
0.19607843137254902
0.38095238095238093
0.5
0.3787878787878788
0.3148148148148148
0.4090909090909091
0.3220338983050847
0.3404255319148936
0.4230769230769231
0.41836734693877553
0.26666666666666666
0.2
0.06862745098039216
0.7702702702702703
0.32432432432432434
0.04878048780487805
0.2619047619047619
0.23333333333333334
0.34444444444444444
0.38235294117647056
0.23255813953488372
0.32051282051282054
0.06521739130434782
0.7307692307692307
0.5
0.43023255813953487
0.25949367088607594
0.05555555555555555
0.36585365853658536
0.32456140350877194
0.6190476190476191
0.14285714285714285
0.2653061224489796
0.2413793103448276
0.2
0.34285714285714286
0.2878787878787879
0.782608695652174
0.34210526315789475
0.5
0.3684210526315789
0.5365853658536586
0.17567567567567569
0.3115942028985507
0.36666666666666664
0.64
0.23770491803278687
0.5652173913043478
0.5882352941176471
0.6818181818181818
0.27419354838709675
0.20588235294117646
0.5185185185185185
0.2714285714285714
0.20270270270270271
0.3108108108108108
0.58
0.23076923076923078
0.6956521739130435
0.7666666666666667
0.07894736842105263
0.5
0.4523809523809524
0.2636363636363636
0.16666666666666666
0.5
0.631578947368421
0.5882352941176471
0.22727272727272727
0.09090909090909091
0.37037037037037035
0.2923076923076923
0.3235294117647059
0.5952380952380952
0.4473684210526316
0.3
0.47619047619047616
0.62
0.391304347826087
0.3023255813953488
0.0
0.45348837209302323
0.3918918918918919
0.3448275862068966
0.6818181818181818
0.5185185185185185
0.3684210526315789
0.2391304347826087
0.38095238095238093
0.3333333333333333
0.391304347826087
0.46153846153846156
0.18181818181818182
0.5
0.20930232558139536
0.3793103448275862
0.4041095890410959
0.3548387096774194
0.6111111111111112
0.15217391304347827
0.32978723404255317
0.40540540540540543
0.8703703703703703
0.24390243902439024
0.40476190476190477
0.23529411764705882
0.30303030303030304
0.35555555555555557
0.11764705882352941
0.66
0.4857142857142857
0.3235294117647059
0.4943820224719101
0.3275862068965517
0.7692307692307693
0.47572815533980584
0.4782608695652174
0.3412698412698413
0.7209302325581395
0.21428571428571427
0.3524590163934426
0.15942028985507245
0.22077922077922077
0.21428571428571427
0.1896551724137931
0.25555555555555554
0.43037974683544306
0.1836734693877551
0.46938775510204084
0.16666666666666666
0.2894736842105263
0.34545454545454546
0.13793103448275862
0.1
0.29310344827586204
0.22340425531914893
0.18181818181818182
0.15789473684210525
0.25555555555555554
0.4473684210526316
0.09090909090909091
0.5454545454545454
0.20588235294117646
0.3539325842696629
0.3389830508474576
0.33505154639175255
0.3670886075949367
0.3614457831325301
0.16129032258064516
0.18421052631578946
0.5
0.3191489361702128
0.8666666666666667
0.47619047619047616
0.25675675675675674
0.3275862068965517
0.44366197183098594
0.20930232558139536
0.3103448275862069
0.22727272727272727
0.1935483870967742
0.33783783783783783
0.013513513513513514
0.4727272727272727
0.19696969696969696
0.3
0.3191489361702128
0.42028985507246375
0.38235294117647056
0.8275862068965517
0.0
0.6097560975609756
0.4857142857142857
0.47959183673469385
0.3253968253968254
0.5652173913043478
0.3023255813953488
0.2857142857142857
0.20967741935483872
0.2962962962962963
0.14
0.41089108910891087
0.3559322033898305
0.3208955223880597
0.28
0.5757575757575758
0.64
0.2037037037037037
0.34782608695652173
0.3142857142857143
0.07894736842105263
0.20588235294117646
0.2571428571428571
0.2647058823529412
0.37755102040816324
0.2222222222222222
0.1744186046511628
0.41379310344827586
0.3763440860215054
0.6764705882352942
0.07142857142857142
0.2413793103448276
0.3235294117647059
0.3390804597701149
0.25396825396825395
0.2564102564102564
0.4
0.4024390243902439
0.27906976744186046
0.12
0.0
0.3
0.3368421052631579
0.15568862275449102
0.07612456747404844
0.2643312101910828
0.36585365853658536
0.30337078651685395
0.18
0.34210526315789475
0.34146341463414637
0.3888888888888889
0.2786885245901639
0.23076923076923078
0.21568627450980393
0.7
0.2857142857142857
0.3548387096774194
0.3770491803278688
0.32926829268292684
0.3902439024390244
0.22340425531914893
0.4666666666666667
0.336734693877551
0.41139240506329117
0.16666666666666666
0.35714285714285715
0.8793103448275862
0.3829787234042553
0.461038961038961
0.38235294117647056
0.7021276595744681
0.26595744680851063
0.32222222222222224
0.32978723404255317
0.32075471698113206
0.7346938775510204
0.2647058823529412
0.32571428571428573
0.36792452830188677
0.5
0.6111111111111112
0.3333333333333333
0.11538461538461539
0.6153846153846154
0.11764705882352941
0.17647058823529413
0.3695652173913043
0.3684210526315789
0.2413793103448276
0.1
0.16
0.4411764705882353
0.4012345679012346
0.3148148148148148
0.28205128205128205
0.22666666666666666
0.23809523809523808
0.39215686274509803
0.3114754098360656
0.23529411764705882
0.5588235294117647
0.7317073170731707
0.2441860465116279
0.23684210526315788
0.09836065573770492
0.3548387096774194
0.5294117647058824
0.2
0.5144927536231884
0.16666666666666666
0.16393442622950818
0.34507042253521125
0.2532467532467532
0.6111111111111112
0.2
0.0
0.16666666666666666
0.11904761904761904
0.4
0.3684210526315789
0.3333333333333333
0.3924731182795699
0.29577464788732394
0.4
0.6818181818181818
1.0
0.5588235294117647
0.6764705882352942
0.5476190476190477
0.3709677419354839
0.5
0.5
0.5882352941176471
0.24285714285714285
0.2441860465116279
0.23809523809523808
0.3
0.2702702702702703
0.1
0.2619047619047619
0.4827586206896552
0.10526315789473684
0.6363636363636364
0.4827586206896552
0.2441860465116279
0.4142857142857143
0.11764705882352941
0.44871794871794873
0.4090909090909091
0.6153846153846154
0.574468085106383
0.2073170731707317
0.3064516129032258
0.37735849056603776
0.21052631578947367
0.21739130434782608
0.17647058823529413
0.12222222222222222
0.23333333333333334
0.5
0.45384615384615384
0.2857142857142857
0.17142857142857143
0.0
0.2647058823529412
0.8939393939393939
0.5757575757575758
0.30701754385964913
0.3
0.3048780487804878
0.6818181818181818
0.42105263157894735
0.46153846153846156
0.6060606060606061
0.8870967741935484
0.4
0.038461538461538464
0.0
0.07142857142857142
0.08823529411764706
0.4
0.43333333333333335
0.417910447761194
0.4411764705882353
0.5923076923076923
0.3
0.4888888888888889
0.5454545454545454
0.5818181818181818
0.2
0.5161290322580645
0.14705882352941177
0.40816326530612246
0.3181818181818182
0.3170731707317073
0.34615384615384615
1.0
0.38095238095238093
0.16666666666666666
0.07692307692307693
0.4782608695652174
0.44545454545454544
0.40476190476190477
0.391304347826087
0.3888888888888889
0.42105263157894735
0.2692307692307692
0.0
0.6111111111111112
0.66
0.5980392156862745
0.3103448275862069
0.4636363636363636
0.10869565217391304
0.3023255813953488
0.4032258064516129
0.4222222222222222
0.6666666666666666
0.43023255813953487
1.0
0.42857142857142855
0.0
0.7105263157894737
0.16666666666666666
0.16666666666666666
0.20930232558139536
0.1111111111111111
0.14516129032258066
0.14285714285714285
0.5434782608695652
0.3
0.6363636363636364
0.07142857142857142
0.2
0.1896551724137931
0.36666666666666664
0.34210526315789475
0.17647058823529413
0.4268292682926829
0.14285714285714285
0.32857142857142857
0.43617021276595747
0.5512820512820513
0.25862068965517243
0.5428571428571428
0.6639344262295082
0.5235294117647059
0.7258064516129032
0.5967741935483871
0.7068965517241379
0.16666666666666666
0.0
0.0
0.21428571428571427
0.21428571428571427
0.4358974358974359
0.3333333333333333
0.3972602739726027
0.14705882352941177
0.4857142857142857
0.26119402985074625
0.24390243902439024
0.21794871794871795
0.6219512195121951
0.22764227642276422
0.06666666666666667
0.5289855072463768
0.43243243243243246
0.48
0.34210526315789475
0.21428571428571427
0.2
0.313953488372093
0.17391304347826086
0.12962962962962962
0.2608695652173913
0.24675324675324675
0.2
0.4222222222222222
0.5
0.2948717948717949
0.04878048780487805
0.16666666666666666
0.36813186813186816
0.2631578947368421
0.2727272727272727
0.14728682170542637
0.3695652173913043
0.0945945945945946
0.16666666666666666
0.14285714285714285
0.14516129032258066
0.20967741935483872
0.45652173913043476
0.4294117647058823
0.41509433962264153
0.3148148148148148
0.5789473684210527
0.2857142857142857
0.24324324324324326
0.06666666666666667
0.1956521739130435
0.34782608695652173
0.48484848484848486
0.47619047619047616
0.1694915254237288
0.2926829268292683
0.3387096774193548
0.4215686274509804
0.4482758620689655
0.5645161290322581
0.5555555555555556
0.2830188679245283
0.36486486486486486
0.6086956521739131
0.72
0.5384615384615384
0.2682926829268293
0.3358208955223881
0.3523809523809524
0.3412698412698413
0.3108108108108108
0.2911392405063291
0.24358974358974358
0.33766233766233766
0.27586206896551724
0.2945205479452055
0.3902439024390244
0.24242424242424243
0.4533333333333333
0.4260869565217391
0.16666666666666666
0.16666666666666666
0.3333333333333333
0.038461538461538464
0.5294117647058824
0.05555555555555555
0.3103448275862069
0.38372093023255816
0.2619047619047619
0.47619047619047616
0.13333333333333333
0.9130434782608695
0.40476190476190477
0.7195121951219512
0.8461538461538461
0.5370370370370371
0.46153846153846156
0.4411764705882353
0.35714285714285715
0.42857142857142855
0.7037037037037037
0.26
0.3
0.2727272727272727
0.17391304347826086
0.46511627906976744
0.3023255813953488
0.48717948717948717
0.4076923076923077
0.24509803921568626
0.5925925925925926
0.5714285714285714
0.5
0.35135135135135137
0.15384615384615385
0.39361702127659576
0.15217391304347827
0.3192771084337349
0.2765957446808511
0.32
0.34
0.6190476190476191
0.1935483870967742
0.24324324324324326
0.16279069767441862
0.3684210526315789
0.6521739130434783
0.49122807017543857
0.46153846153846156
0.27586206896551724
0.2441860465116279
0.21818181818181817
0.427536231884058
0.410958904109589
0.24285714285714285
0.32
0.42857142857142855
0.32
0.17346938775510204
0.18421052631578946
0.2619047619047619
0.07692307692307693
0.6282051282051282
0.13793103448275862
0.4444444444444444
0.6612903225806451
0.35106382978723405
0.46153846153846156
0.17272727272727273
0.2457627118644068
0.5862068965517241
0.16666666666666666
0.16666666666666666
0.2702702702702703
0.3076923076923077
0.07692307692307693
0.6571428571428571
0.6470588235294118
0.19387755102040816
0.3723404255319149
0.42105263157894735
0.4268292682926829
0.3235294117647059
0.38461538461538464
0.42452830188679247
0.4117647058823529
0.3076923076923077
0.2948717948717949
0.3225806451612903
0.5
0.7068965517241379
0.32432432432432434
0.5348837209302325
0.21052631578947367
0.06
0.5
0.5526315789473685
0.35384615384615387
0.4117647058823529
0.2413793103448276
0.46774193548387094
0.3
0.45901639344262296
0.17391304347826086
0.4067796610169492
0.7195121951219512
0.22962962962962963
0.6162790697674418
0.2818181818181818
0.2807017543859649
0.29411764705882354
0.23372781065088757
0.20491803278688525
0.2857142857142857
0.1
0.2222222222222222
0.2894736842105263
0.32608695652173914
0.3333333333333333
0.5952380952380952
0.32727272727272727
0.23529411764705882
0.5614035087719298
0.3384615384615385
0.13333333333333333
0.2054794520547945
0.23684210526315788
0.16666666666666666
0.0
0.3448275862068966
0.3333333333333333
0.27419354838709675
0.5256410256410257
0.5217391304347826
0.4
0.7368421052631579
0.463768115942029
0.38461538461538464
0.3360655737704918
0.2894736842105263
0.17391304347826086
0.3333333333333333
0.2647058823529412
0.5135135135135135
0.2
0.6111111111111112
0.41397849462365593
0.34782608695652173
0.3695652173913043
0.5337078651685393
0.11764705882352941
0.25675675675675674
0.5487804878048781
0.6818181818181818
0.5925925925925926
0.56
0.5784313725490197
0.20270270270270271
0.2777777777777778
0.32978723404255317
0.5645161290322581
0.3114754098360656
0.5393258426966292
0.40816326530612246
0.6923076923076923
0.7258064516129032
0.37681159420289856
0.39622641509433965
0.6122448979591837
0.7352941176470589
0.5135135135135135
0.3111111111111111
0.7674418604651163
0.24358974358974358
0.3333333333333333
0.6440677966101694
0.5797101449275363
0.4117647058823529
0.41025641025641024
0.4
0.2777777777777778
0.21428571428571427
0.39473684210526316
0.5666666666666667
0.2222222222222222
0.3620689655172414
0.36666666666666664
0.41025641025641024
0.5
0.5740740740740741
0.19607843137254902
0.7096774193548387
0.5
0.2894736842105263
0.3333333333333333
0.2
0.2682926829268293
0.574468085106383
0.15384615384615385
0.2619047619047619
0.36666666666666664
0.21428571428571427
0.2796610169491525
0.5
0.09523809523809523
0.2
0.2553191489361702
0.14634146341463414
0.4634146341463415
0.574468085106383
0.5487804878048781
0.37341772151898733
0.18
1.0
0.3
0.0
0.1
0.20967741935483872
0.3873239436619718
0.26
0.20754716981132076
0.5303030303030303
0.3333333333333333
0.5909090909090909
0.47435897435897434
0.3333333333333333
0.4931506849315068
0.3888888888888889
0.34285714285714286
0.7530120481927711
0.6555555555555556
0.4888888888888889
0.652542372881356
0.5
0.16666666666666666
0.1724137931034483
0.5
0.4152542372881356
0.47619047619047616
0.5
0.38028169014084506
0.21428571428571427
0.352112676056338
0.7346938775510204
0.38461538461538464
0.8478260869565217
0.3918918918918919
0.2903225806451613
0.2
0.14444444444444443
0.5571428571428572
0.5333333333333333
0.22580645161290322
0.17777777777777778
0.46551724137931033
0.33962264150943394
0.7432432432432432
0.5882352941176471
0.46226415094339623
0.45714285714285713
0.58
0.8111111111111111
0.04838709677419355
0.3953488372093023
0.5540540540540541
0.2
0.5857142857142857
0.3469387755102041
0.5076923076923077
0.41379310344827586
0.23076923076923078
0.23170731707317074
0.32857142857142857
0.3105263157894737
0.358974358974359
0.3333333333333333
0.44680851063829785
0.46153846153846156
0.38235294117647056
0.22448979591836735
0.30916030534351147
0.15517241379310345
0.3333333333333333
0.5526315789473685
0.07692307692307693
0.5909090909090909
0.6
0.524390243902439
0.527027027027027
0.6956521739130435
0.58
0.32
0.41304347826086957
0.5
0.22972972972972974
0.581081081081081
0.1774193548387097
0.21348314606741572
0.14285714285714285
0.28
0.10350877192982456
0.4069767441860465
0.3305084745762712
0.29310344827586204
0.16666666666666666
0.6694915254237288
0.47058823529411764
0.17391304347826086
0.48148148148148145
0.32051282051282054
0.6206896551724138
0.23684210526315788
0.47058823529411764
0.34210526315789475
0.3333333333333333
0.5
0.352112676056338
0.5121951219512195
0.6111111111111112
0.038461538461538464
0.3333333333333333
0.1
0.0
0.2692307692307692
0.6
0.5
0.532258064516129
0.3493150684931507
0.42857142857142855
0.5
0.2857142857142857
0.5701754385964912
0.0
0.0
0.5483870967741935
0.36486486486486486
0.5405405405405406
0.6415094339622641
0.5212765957446809
0.3181818181818182
0.686046511627907
0.8255813953488372
0.38596491228070173
0.23529411764705882
0.8333333333333334
0.46551724137931033
0.27586206896551724
0.5
0.47101449275362317
0.4855072463768116
0.40476190476190477
0.2641509433962264
0.45652173913043476
0.5656565656565656
0.4787234042553192
0.4691358024691358
0.31746031746031744
0.3877551020408163
0.29310344827586204
0.6060606060606061
0.4090909090909091
0.3700787401574803
0.6830985915492958
0.634020618556701
0.3181818181818182
0.6129032258064516
0.6521739130434783
0.2826086956521739
0.5434782608695652
0.23684210526315788
0.2878787878787879
0.4074074074074074
0.41935483870967744
0.4864864864864865
0.66
0.3157894736842105
0.30952380952380953
0.6578947368421053
0.2702702702702703
0.6551724137931034
0.2923076923076923
0.5714285714285714
0.2037037037037037
0.4666666666666667
0.45774647887323944
0.22950819672131148
0.3333333333333333
0.323943661971831
0.3163265306122449
0.43478260869565216
0.3360655737704918
0.5714285714285714
0.6341463414634146
0.34146341463414637
0.4507042253521127
0.5238095238095238
0.4647887323943662
0.37037037037037035
0.3695652173913043
0.5925925925925926
0.0
1.0
0.5483870967741935
0.47560975609756095
0.23333333333333334
0.4915254237288136
0.5517241379310345
0.44366197183098594
0.7407407407407407
0.5063291139240507
0.07142857142857142
0.11538461538461539
0.19230769230769232
0.5238095238095238
0.32558139534883723
0.2894736842105263
0.28
0.6132075471698113
0.3157894736842105
0.6216216216216216
0.2
0.0
0.16666666666666666
0.6794871794871795
0.6511627906976745
0.4230769230769231
0.2857142857142857
0.21621621621621623
0.13043478260869565
0.4230769230769231
0.25757575757575757
0.5769230769230769
0.5476190476190477
1.0
0.2692307692307692
0.21794871794871795
0.45454545454545453
0.4649122807017544
0.38461538461538464
0.3333333333333333
0.5
0.24074074074074073
0.1
0.4818181818181818
0.19696969696969696
0.3191489361702128
0.52
0.19047619047619047
0.47802197802197804
0.581081081081081
0.5757575757575758
0.42063492063492064
0.528169014084507
0.4696969696969697
0.7142857142857143
0.23809523809523808
0.4782608695652174
0.3
0.40476190476190477
0.2727272727272727
0.5952380952380952
0.3709677419354839
0.26666666666666666
0.21739130434782608
0.8333333333333334
0.20967741935483872
0.3484848484848485
0.627906976744186
0.23076923076923078
0.6351351351351351
0.5379746835443038
0.16981132075471697
0.21621621621621623
0.5
0.29411764705882354
0.47619047619047616
0.3902439024390244
0.3974358974358974
0.3728813559322034
0.3076923076923077
0.2558139534883721
0.22580645161290322
0.5
0.4298245614035088
0.12
0.3651685393258427
0.1951219512195122
0.07377049180327869
0.4461538461538462
0.4846153846153846
0.5819672131147541
0.29411764705882354
0.2857142857142857
0.6666666666666666
0.5344827586206896
0.5392156862745098
0.35555555555555557
0.08695652173913043
0.2903225806451613
1.0
0.14814814814814814
0.37341772151898733
0.37681159420289856
0.5217391304347826
0.18253968253968253
0.4457831325301205
0.44366197183098594
0.07142857142857142
0.5
0.5370370370370371
0.4418604651162791
0.3904109589041096
0.6756756756756757
0.7580645161290323
0.3111111111111111
0.43243243243243246
0.4189189189189189
0.7372881355932204
0.11538461538461539
0.0
0.0
0.0
0.20588235294117646
0.3076923076923077
0.5714285714285714
0.3287671232876712
0.4339622641509434
0.34172661870503596
0.23134328358208955
0.391304347826087
0.68
0.4074074074074074
0.16666666666666666
0.41379310344827586
0.3855421686746988
0.3918918918918919
0.4418604651162791
0.40816326530612246
0.34615384615384615
0.16129032258064516
0.3902439024390244
0.3644067796610169
0.4782608695652174
0.27586206896551724
0.39344262295081966
0.3684210526315789
0.14285714285714285
0.3
0.5465116279069767
0.3333333333333333
1.0
0.11764705882352941
0.10869565217391304
0.3333333333333333
0.5
0.39655172413793105
0.23809523809523808
0.2765957446808511
0.2222222222222222
1.0
0.2619047619047619
0.14814814814814814
0.2
0.43333333333333335
0.5454545454545454
0.21428571428571427
0.2777777777777778
0.3235294117647059
0.2641509433962264
0.39473684210526316
0.14285714285714285
0.45652173913043476
0.3918918918918919
0.05128205128205128
0.22
0.11538461538461539
0.15151515151515152
0.2619047619047619
0.30701754385964913
0.21014492753623187
0.35185185185185186
0.23076923076923078
0.30864197530864196
0.3673469387755102
0.43333333333333335
0.29245283018867924
0.2826086956521739
0.39361702127659576
0.2605633802816901
0.23076923076923078
0.8780487804878049
0.3163265306122449
0.3620689655172414
0.14
0.5714285714285714
0.2891566265060241
0.38
0.3137254901960784
0.4146341463414634
0.5813953488372093
0.3192771084337349
0.5344827586206896
0.3103448275862069
0.0967741935483871
0.36046511627906974
0.36
0.2564102564102564
0.40540540540540543
0.576271186440678
0.24
0.6304347826086957
0.45454545454545453
0.30303030303030304
0.27906976744186046
0.4418604651162791
0.32222222222222224
0.4
0.19101123595505617
0.5571428571428572
0.23809523809523808
0.19387755102040816
0.24285714285714285
0.27586206896551724
0.25862068965517243
0.32222222222222224
0.2727272727272727
0.07575757575757576
0.23076923076923078
0.15789473684210525
0.2459016393442623
0.2692307692307692
0.3333333333333333
0.5869565217391305
0.28888888888888886
0.2903225806451613
0.6271186440677966
0.07894736842105263
0.2702702702702703
0.16666666666666666
0.28888888888888886
0.3523809523809524
0.21311475409836064
0.3983050847457627
0.45652173913043476
0.524390243902439
0.43410852713178294
0.43548387096774194
0.2966101694915254
0.24324324324324326
0.20909090909090908
0.14
0.4491525423728814
0.16129032258064516
0.5
0.5769230769230769
0.43333333333333335
0.3181818181818182
0.13636363636363635
0.48148148148148145
0.8181818181818182
0.463768115942029
0.10256410256410256
0.5573770491803278
0.32926829268292684
0.46153846153846156
0.4152046783625731
0.3813559322033898
0.8095238095238095
0.2948717948717949
0.25806451612903225
0.488
0.28313253012048195
0.34782608695652173
0.23684210526315788
0.5581395348837209
0.08823529411764706
0.42105263157894735
0.37254901960784315
0.34615384615384615
0.3389830508474576
0.5506329113924051
0.5923076923076923
0.3484848484848485
0.39655172413793105
0.33783783783783783
0.5638297872340425
0.21568627450980393
0.3793103448275862
0.17777777777777778
0.37254901960784315
0.5
0.20588235294117646
0.23076923076923078
0.43103448275862066
0.6097560975609756
0.4666666666666667
0.2727272727272727
0.6379310344827587
0.4782608695652174
0.3181818181818182
0.2692307692307692
0.29411764705882354
0.46153846153846156
0.20754716981132076
0.25925925925925924
0.34782608695652173
0.5
0.43243243243243246
0.48148148148148145
0.30701754385964913
0.5
0.47058823529411764
0.4782608695652174
0.6481481481481481
0.4090909090909091
0.26744186046511625
0.15555555555555556
0.37735849056603776
0.4189189189189189
0.5555555555555556
0.38405797101449274
0.5087719298245614
0.45348837209302323
0.2682926829268293
0.3793103448275862
0.18181818181818182
0.30952380952380953
0.3888888888888889
0.425531914893617
0.28688524590163933
0.12244897959183673
0.38461538461538464
0.40425531914893614
0.3898305084745763
0.15217391304347827
0.36363636363636365
0.24
0.2571428571428571
0.3181818181818182
0.2972972972972973
0.3192771084337349
0.652542372881356
0.16666666666666666
0.0
0.0
0.014285714285714285
0.0
0.8727272727272727
0.7653061224489796
1.0
0.2857142857142857
0.24
0.23076923076923078
0.34057971014492755
0.5612244897959183
0.23255813953488372
0.18115942028985507
0.2961165048543689
0.14705882352941177
0.0
0.0
0.2222222222222222
0.41304347826086957
0.16129032258064516
0.4090909090909091
0.08823529411764706
0.07142857142857142
0.3783783783783784
0.7941176470588235
0.14
0.35294117647058826
0.3142857142857143
0.7830188679245284
0.23684210526315788
0.3888888888888889
0.2222222222222222
0.6764705882352942
0.2647058823529412
0.686046511627907
0.22
0.09523809523809523
0.6818181818181818
0.47368421052631576
0.6818181818181818
0.37755102040816324
0.3333333333333333
0.22875816993464052
0.3974358974358974
0.463768115942029
0.2698412698412698
0.37755102040816324
0.06930693069306931
0.2459016393442623
0.4634146341463415
0.4666666666666667
0.2846153846153846
0.41304347826086957
0.6851851851851852
0.2777777777777778
0.37777777777777777
0.5943396226415094
0.5396825396825397
0.2818181818181818
0.32
0.6266666666666667
0.5476190476190477
0.41935483870967744
0.5
0.42857142857142855
0.5272727272727272
0.4367816091954023
1.0
0.3163265306122449
0.3333333333333333
0.47058823529411764
0.6935483870967742
0.4010989010989011
0.24242424242424243
0.3188405797101449
0.7894736842105263
0.2857142857142857
0.5588235294117647
0.2662337662337662
0.1956521739130435
0.2830188679245283
0.4716981132075472
0.20754716981132076
0.2926829268292683
0.26666666666666666
0.3
0.7142857142857143
0.20967741935483872
0.3220338983050847
0.5
0.32558139534883723
0.2894736842105263
0.6739130434782609
0.14285714285714285
0.3333333333333333
0.2571428571428571
0.4782608695652174
0.43478260869565216
0.15789473684210525
0.717391304347826
0.45348837209302323
0.1896551724137931
0.5142857142857142
0.3888888888888889
0.4411764705882353
0.4864864864864865
0.22727272727272727
0.2702702702702703
0.16
0.15217391304347827
0.2641509433962264
0.3333333333333333
0.29411764705882354
0.27586206896551724
0.42
0.35714285714285715
0.3333333333333333
0.3695652173913043
0.18867924528301888
0.0
0.0
0.3333333333333333
0.24390243902439024
0.2037037037037037
0.3333333333333333
0.66
0.42105263157894735
0.7407407407407407
0.2
0.4
0.573170731707317
0.6147540983606558
0.3333333333333333
0.11290322580645161
0.32926829268292684
0.42857142857142855
0.1724137931034483
0.46296296296296297
0.44
0.6333333333333333
0.4827586206896552
0.3333333333333333
0.2
0.6153846153846154
0.29411764705882354
0.07407407407407407
0.2894736842105263
0.35106382978723405
0.5714285714285714
0.3787878787878788
0.5405405405405406
0.3333333333333333
0.6
0.043209876543209874
0.3448275862068966
0.7424242424242424
0.46511627906976744
0.3160919540229885
0.3484848484848485
0.48
0.2
0.6555555555555556
0.1774193548387097
0.21052631578947367
0.5476190476190477
0.3333333333333333
0.5245901639344263
0.052845528455284556
0.24390243902439024
0.20512820512820512
0.09602649006622517
0.4864864864864865
0.34210526315789475
0.358974358974359
0.3045977011494253
0.3835616438356164
0.4506172839506173
0.3211920529801324
0.2850467289719626
0.47368421052631576
0.3547008547008547
0.4661016949152542
0.4
0.10344827586206896
0.5882352941176471
0.15384615384615385
0.7666666666666667
0.29292929292929293
0.2922077922077922
0.42
0.36363636363636365
0.15384615384615385
0.28
0.32926829268292684
0.6
0.5847457627118644
0.3767123287671233
0.20634920634920634
0.4878048780487805
0.4782608695652174
0.4186991869918699
0.2391304347826087
0.22093023255813954
0.2894736842105263
0.23076923076923078
0.21052631578947367
0.2
0.5901639344262295
0.3048780487804878
0.4576271186440678
0.7459016393442623
0.4507042253521127
0.5514018691588785
0.4473684210526316
0.5242718446601942
0.5379746835443038
0.3225806451612903
0.7666666666666667
0.6341463414634146
0.23684210526315788
0.4154929577464789
0.6274509803921569
0.37272727272727274
0.34146341463414637
0.6122448979591837
0.5641025641025641
0.38095238095238093
0.23333333333333334
0.4358974358974359
0.45454545454545453
0.5975609756097561
0.6065573770491803
0.5566037735849056
0.2111111111111111
0.2037037037037037
0.22727272727272727
0.9186046511627907
0.5483870967741935
0.48717948717948717
0.5
0.5068493150684932
0.4696969696969697
0.5714285714285714
0.42592592592592593
0.21311475409836064
0.6392405063291139
0.5217391304347826
0.42857142857142855
0.4057971014492754
0.47674418604651164
0.4696969696969697
0.46153846153846156
0.3
0.6626506024096386
0.46774193548387094
0.13829787234042554
0.5465116279069767
0.45652173913043476
0.5588235294117647
0.639344262295082
0.6582278481012658
0.52
0.41509433962264153
0.5
0.45161290322580644
0.7926829268292683
0.4230769230769231
0.3695652173913043
0.6212121212121212
0.6567164179104478
0.3333333333333333
0.5222222222222223
0.46511627906976744
0.5161290322580645
0.3275862068965517
0.24468085106382978
0.3225806451612903
0.5222222222222223
0.2358490566037736
0.45161290322580644
0.49122807017543857
0.5862068965517241
0.46551724137931033
0.4838709677419355
0.6046511627906976
0.3728813559322034
0.20588235294117646
0.46153846153846156
0.24193548387096775
0.696969696969697
0.7162162162162162
0.2857142857142857
0.5370370370370371
0.2878787878787879
0.4714285714285714
0.25925925925925924
0.3157894736842105
0.29411764705882354
0.4186046511627907
0.6764705882352942
0.6896551724137931
0.5645161290322581
0.5757575757575758
0.7735849056603774
0.6140350877192983
0.4240506329113924
0.5555555555555556
0.8
0.3488372093023256
0.5909090909090909
0.42
0.36666666666666664
0.46938775510204084
0.291044776119403
0.631578947368421
0.5714285714285714
0.2903225806451613
0.7101449275362319
0.07142857142857142
0.4444444444444444
0.3484848484848485
0.5204081632653061
0.4189189189189189
0.37037037037037035
0.4818181818181818
0.6181818181818182
0.43333333333333335
0.5526315789473685
0.35135135135135137
0.3835616438356164
0.5813953488372093
0.7258064516129032
0.6509433962264151
0.35714285714285715
0.28431372549019607
0.4830508474576271
0.5365853658536586
0.2328767123287671
0.6037735849056604
0.47368421052631576
0.5422535211267606
0.8275862068965517
0.08095238095238096
0.5384615384615384
0.48148148148148145
0.514018691588785
0.21739130434782608
0.4069767441860465
0.4528301886792453
0.4024390243902439
0.6818181818181818
0.42105263157894735
0.574468085106383
0.13333333333333333
0.36
0.38571428571428573
0.38181818181818183
0.3360655737704918
0.47530864197530864
0.36486486486486486
0.3953488372093023
0.2413793103448276
0.3116883116883117
0.24324324324324326
0.3333333333333333
0.40350877192982454
0.22950819672131148
0.4084507042253521
0.42857142857142855
0.6020408163265306
0.3939393939393939
0.17073170731707318
0.35714285714285715
0.4358974358974359
0.3116883116883117
0.4246575342465753
0.13513513513513514
0.4142857142857143
0.46923076923076923
0.3490566037735849
0.6190476190476191
0.34545454545454546
0.35294117647058826
0.5384615384615384
0.41333333333333333
0.6296296296296297
1.0
0.8384615384615385
0.32432432432432434
0.5967741935483871
0.6111111111111112
0.5163934426229508
0.3972602739726027
0.6086956521739131
0.18571428571428572
0.3103448275862069
0.3486238532110092
0.36507936507936506
0.38372093023255816
0.2
0.2631578947368421
0.5348837209302325
0.2391304347826087
0.35714285714285715
0.4482758620689655
0.4032258064516129
0.39215686274509803
0.47058823529411764
0.34615384615384615
0.18421052631578946
0.3888888888888889
0.5555555555555556
0.2926829268292683
0.42857142857142855
0.3805970149253731
0.4777777777777778
0.47619047619047616
0.15306122448979592
0.11627906976744186
0.13636363636363635
0.2909090909090909
0.32432432432432434
0.2638190954773869
0.42424242424242425
0.36363636363636365
0.2912621359223301
0.5
0.46
0.379746835443038
0.5882352941176471
0.5851063829787234
0.2391304347826087
0.44366197183098594
0.25213675213675213
0.1951219512195122
0.6111111111111112
0.24509803921568626
0.6129032258064516
0.43636363636363634
0.39325842696629215
0.5510204081632653
0.36
0.3305084745762712
0.4469026548672566
0.4838709677419355
0.39655172413793105
0.3492063492063492
0.23809523809523808
0.38
0.6186440677966102
0.6666666666666666
0.2857142857142857
0.3108108108108108
0.45714285714285713
0.6530612244897959
0.2465753424657534
0.5256410256410257
0.3358208955223881
0.32592592592592595
0.7051282051282052
0.7121212121212122
0.78
0.38372093023255816
0.4189189189189189
0.3048780487804878
0.30327868852459017
0.47368421052631576
0.48
0.4188034188034188
0.5396039603960396
0.7258064516129032
0.6
0.4090909090909091
0.35507246376811596
0.3225806451612903
0.3076923076923077
0.4647058823529412
0.16666666666666666
0.2631578947368421
0.2619047619047619
0.3131868131868132
0.48717948717948717
0.29411764705882354
0.3723404255319149
0.3333333333333333
0.32666666666666666
0.14634146341463414
0.43820224719101125
0.42207792207792205
0.08695652173913043
0.32
0.4842105263157895
0.3299319727891156
0.3548387096774194
0.2727272727272727
0.3
0.3333333333333333
0.3148148148148148
0.5342465753424658
0.509090909090909
0.8095238095238095
0.5
0.19047619047619047
0.4393939393939394
0.32926829268292684
0.3172043010752688
0.27906976744186046
0.47540983606557374
0.6091954022988506
0.23333333333333334
0.4098360655737705
0.6037735849056604
0.47333333333333333
0.32926829268292684
0.44594594594594594
0.21428571428571427
0.43478260869565216
0.19047619047619047
0.18181818181818182
0.5
0.3627450980392157
0.38235294117647056
0.6595744680851063
0.43137254901960786
0.4152542372881356
0.5444444444444444
0.43902439024390244
0.4666666666666667
0.5263157894736842
0.21212121212121213
0.6142857142857143
0.42424242424242425
0.5384615384615384
0.16666666666666666
0.3076923076923077
0.13414634146341464
0.21212121212121213
0.40350877192982454
0.34285714285714286
0.46153846153846156
0.42452830188679247
0.3076923076923077
0.29310344827586204
0.43103448275862066
0.27358490566037735
0.13953488372093023
0.18181818181818182
0.3275862068965517
0.26865671641791045
0.1724137931034483
0.2536231884057971
0.48717948717948717
0.33783783783783783
0.5126582278481012
0.5333333333333333
0.4230769230769231
0.6707317073170732
0.21739130434782608
0.3188405797101449
0.2692307692307692
0.8255813953488372
0.4626865671641791
0.5172413793103449
1.0
0.3728813559322034
0.3717948717948718
0.3305084745762712
0.37341772151898733
0.40825688073394495
0.5487804878048781
0.5444444444444444
0.3225806451612903
0.46
0.5579710144927537
0.5506329113924051
0.7142857142857143
0.26582278481012656
0.16666666666666666
0.038461538461538464
0.2926829268292683
0.5614035087719298
0.3888888888888889
0.47058823529411764
0.12222222222222222
0.5866666666666667
0.3230769230769231
0.28205128205128205
0.4387755102040816
0.24489795918367346
0.6021505376344086
0.4230769230769231
0.07142857142857142
0.569620253164557
0.13793103448275862
0.6082474226804123
0.45555555555555555
0.2
0.3356164383561644
0.4
0.7380952380952381
0.42
0.5980392156862745
0.16981132075471697
0.10305343511450382
0.3333333333333333
1.0
0.3333333333333333
0.35555555555555557
0.7333333333333333
0.2608695652173913
0.24509803921568626
0.509090909090909
0.4489795918367347
0.29411764705882354
0.16666666666666666
0.47692307692307695
0.2830188679245283
0.29411764705882354
0.43617021276595747
0.2887323943661972
0.36585365853658536
0.37735849056603776
0.20707070707070707
0.3163265306122449
0.5
0.39473684210526316
0.7619047619047619
0.7424242424242424
0.4491525423728814
0.3870967741935484
0.2948717948717949
0.20967741935483872
0.43103448275862066
0.28431372549019607
0.3148148148148148
0.3717948717948718
0.3974358974358974
0.21052631578947367
0.47560975609756095
0.43478260869565216
0.2636363636363636
0.4927536231884058
0.49206349206349204
0.42727272727272725
0.3711340206185567
0.5671641791044776
0.6216216216216216
0.3582089552238806
0.5204081632653061
0.6851851851851852
0.2391304347826087
0.37142857142857144
0.3
0.4430379746835443
0.6551724137931034
0.4
0.38372093023255816
0.37142857142857144
0.47435897435897434
0.5303030303030303
0.32051282051282054
0.4523809523809524
0.3563218390804598
0.30303030303030304
0.3595505617977528
0.5581395348837209
0.1
0.6216216216216216
0.6585365853658537
0.3
0.21739130434782608
0.43023255813953487
0.3333333333333333
0.22413793103448276
0.4444444444444444
0.3137254901960784
0.2692307692307692
0.2777777777777778
0.3813559322033898
0.3769230769230769
0.5076923076923077
0.3888888888888889
0.5
0.3023255813953488
0.6571428571428571
0.41935483870967744
0.2982456140350877
0.32857142857142857
0.7741935483870968
0.4824561403508772
0.39344262295081966
0.3333333333333333
0.4098360655737705
0.20212765957446807
0.3114754098360656
0.2846153846153846
0.4574468085106383
0.7894736842105263
0.35185185185185186
0.38596491228070173
0.34782608695652173
0.47183098591549294
0.37341772151898733
0.5
0.3333333333333333
0.487012987012987
0.7582417582417582
0.19090909090909092
0.2711864406779661
0.22
0.5
0.32
0.06521739130434782
0.3448275862068966
0.43478260869565216
0.45918367346938777
0.5370370370370371
0.4230769230769231
0.46296296296296297
0.391304347826087
0.41304347826086957
0.7307692307692307
0.21052631578947367
0.5714285714285714
0.32
0.3
0.22
0.631578947368421
0.23333333333333334
0.6463414634146342
0.6290322580645161
0.3888888888888889
0.2037037037037037
0.3108108108108108
0.23255813953488372
0.3048780487804878
0.29591836734693877
0.5121951219512195
0.43548387096774194
0.3787878787878788
0.5365853658536586
0.6756756756756757
0.4069767441860465
0.5434782608695652
0.5232558139534884
0.48360655737704916
0.27358490566037735
0.3188405797101449
0.1951219512195122
0.3333333333333333
0.2807017543859649
0.5945945945945946
0.5851063829787234
0.5606060606060606
0.23529411764705882
0.22388059701492538
0.38
0.6363636363636364
0.19696969696969696
0.4666666666666667
0.2719298245614035
0.42452830188679247
0.6914893617021277
0.32653061224489793
0.37719298245614036
0.46226415094339623
0.4155844155844156
0.3582089552238806
0.44
0.43333333333333335
0.7264150943396226
0.32727272727272727
0.32075471698113206
0.5531914893617021
0.2413793103448276
0.6216216216216216
0.4727272727272727
0.40425531914893614
0.25806451612903225
0.4152542372881356
0.6923076923076923
0.35454545454545455
0.288135593220339
0.3387096774193548
0.2631578947368421
0.7941176470588235
0.5126582278481012
0.5740740740740741
0.11904761904761904
0.3103448275862069
0.8333333333333334
0.4365079365079365
0.19047619047619047
0.5819672131147541
0.3333333333333333
0.6274509803921569
0.3305084745762712
0.19753086419753085
0.29411764705882354
0.3058823529411765
0.41935483870967744
0.3114754098360656
0.37894736842105264
0.2605633802816901
0.3235294117647059
0.30952380952380953
0.3979591836734694
0.5985915492957746
0.1951219512195122
0.5
0.7435897435897436
0.3333333333333333
0.35443037974683544
0.47959183673469385
0.4032258064516129
0.3673469387755102
0.27419354838709675
0.5303030303030303
0.40540540540540543
0.5
0.4426229508196721
0.547945205479452
0.7076923076923077
0.4010989010989011
0.36046511627906974
0.41935483870967744
0.4838709677419355
0.5
0.2692307692307692
0.22727272727272727
0.11764705882352941
0.25925925925925924
0.36419753086419754
0.3235294117647059
0.46808510638297873
0.12962962962962962
0.2
0.16666666666666666
0.36633663366336633
0.045454545454545456
0.24324324324324326
0.33962264150943394
0.3157894736842105
0.5531914893617021
0.35714285714285715
0.22727272727272727
0.4024390243902439
0.5757575757575758
0.5344827586206896
0.6111111111111112
0.5483870967741935
0.2
0.38461538461538464
0.45652173913043476
0.6428571428571429
0.4222222222222222
0.3698630136986301
0.3787878787878788
0.4634146341463415
0.42696629213483145
0.5181818181818182
0.2169811320754717
0.15517241379310345
0.22340425531914893
0.3333333333333333
0.4268292682926829
0.4782608695652174
0.3780487804878049
0.5454545454545454
0.3387096774193548
0.8108108108108109
0.4393939393939394
0.18421052631578946
0.20754716981132076
0.3142857142857143
0.17391304347826086
0.17142857142857143
0.5135135135135135
0.3113207547169811
0.14150943396226415
0.42424242424242425
0.08
0.3709677419354839
0.5714285714285714
0.14516129032258066
0.07894736842105263
0.18421052631578946
1.0
0.47530864197530864
0.5285714285714286
0.43103448275862066
0.35964912280701755
0.7602739726027398
0.5454545454545454
0.4473684210526316
0.4444444444444444
0.30434782608695654
0.4090909090909091
0.4696969696969697
0.7941176470588235
0.14285714285714285
0.2857142857142857
0.32926829268292684
0.18
0.4032258064516129
0.648936170212766
0.24358974358974358
0.47959183673469385
0.3082191780821918
0.2441860465116279
0.3163265306122449
0.5483870967741935
0.5851063829787234
0.3387096774193548
0.23170731707317074
0.23333333333333334
0.14
0.2692307692307692
0.336734693877551
0.5377358490566038
0.39215686274509803
0.48484848484848486
0.559322033898305
0.36585365853658536
0.16666666666666666
0.25675675675675674
0.18493150684931506
0.5614035087719298
0.1836734693877551
0.4117647058823529
0.37777777777777777
0.2413793103448276
0.13636363636363635
0.46774193548387094
1.0
0.27586206896551724
0.18
0.43103448275862066
0.2692307692307692
0.5263157894736842
0.48148148148148145
0.18571428571428572
0.45652173913043476
0.7368421052631579
0.30851063829787234
0.19767441860465115
0.46153846153846156
0.23333333333333334
0.2777777777777778
0.43846153846153846
0.12121212121212122
0.2631578947368421
0.5882352941176471
0.38372093023255816
0.5769230769230769
0.7241379310344828
0.44
0.4827586206896552
0.4148936170212766
0.18181818181818182
0.391304347826087
0.3008849557522124
0.62
0.5849056603773585
0.4888888888888889
0.17164179104477612
0.18493150684931506
0.3548387096774194
0.15254237288135594
0.45555555555555555
0.13636363636363635
0.2222222222222222
0.3181818181818182
0.21176470588235294
0.42452830188679247
0.2653061224489796
0.34444444444444444
0.5
0.4696969696969697
0.48
0.5
0.1903765690376569
0.6575342465753424
0.5298507462686567
0.24691358024691357
0.3769230769230769
0.40476190476190477
0.3860759493670886
0.5930232558139535
0.7352941176470589
0.1
0.18571428571428572
0.16
0.32051282051282054
0.3888888888888889
0.42857142857142855
0.34782608695652173
0.18
0.3333333333333333
0.20967741935483872
0.13157894736842105
0.7105263157894737
0.4864864864864865
0.8589743589743589
0.4
0.3148148148148148
0.24025974025974026
0.5232558139534884
0.5789473684210527
0.46511627906976744
0.3333333333333333
0.21739130434782608
0.26666666666666666
0.2978723404255319
0.58
0.8181818181818182
0.27906976744186046
0.49206349206349204
0.3888888888888889
0.5344827586206896
0.4492753623188406
0.38461538461538464
0.36585365853658536
0.48148148148148145
0.14285714285714285
0.21621621621621623
0.5476190476190477
0.22857142857142856
0.43023255813953487
0.2553191489361702
0.47619047619047616
0.21428571428571427
0.5348837209302325
0.24358974358974358
0.1111111111111111
0.39361702127659576
0.38
0.6226415094339622
0.5471698113207547
0.4818181818181818
0.46774193548387094
0.39473684210526316
0.3695652173913043
0.2153846153846154
0.4787234042553192
0.23684210526315788
0.42857142857142855
0.18
0.39655172413793105
0.5142857142857142
0.2887323943661972
0.4824561403508772
0.27419354838709675
0.43478260869565216
0.5882352941176471
0.3220338983050847
0.4069767441860465
0.2619047619047619
0.4491525423728814
0.5851063829787234
0.6571428571428571
0.4696969696969697
0.2
0.18787878787878787
0.27906976744186046
0.17391304347826086
0.3870967741935484
0.39344262295081966
0.2777777777777778
0.4787234042553192
0.22727272727272727
0.25757575757575757
0.6481481481481481
0.17647058823529413
0.2631578947368421
0.2608695652173913
0.25757575757575757
0.48717948717948717
0.4117647058823529
0.5714285714285714
0.22857142857142856
0.5925925925925926
0.22727272727272727
0.45918367346938777
0.3780487804878049
0.5609756097560976
0.6
0.13333333333333333
0.23076923076923078
0.21052631578947367
0.19047619047619047
0.6111111111111112
0.3888888888888889
0.5256410256410257
0.6097560975609756
0.1511627906976744
0.3829787234042553
0.4666666666666667
0.6304347826086957
0.5121951219512195
0.20212765957446807
0.17567567567567569
0.5294117647058824
0.3620689655172414
0.47560975609756095
0.37755102040816324
0.42
0.24285714285714285
0.581081081081081
0.47560975609756095
0.5945945945945946
0.42857142857142855
0.3387096774193548
0.33783783783783783
0.7941176470588235
0.6304347826086957
0.52
0.7941176470588235
0.5
0.36065573770491804
1.0
0.3275862068965517
0.5222222222222223
0.6081081081081081
0.8717948717948718
0.5793650793650794
0.15384615384615385
0.3148148148148148
0.2413793103448276
0.3333333333333333
0.2391304347826087
0.3287671232876712
0.7941176470588235
0.47959183673469385
0.32051282051282054
0.6904761904761905
0.72
0.6222222222222222
0.1694915254237288
0.5144927536231884
0.5555555555555556
0.18867924528301888
0.6216216216216216
0.6216216216216216
0.2753623188405797
Min Sentence GLEU Score: 0.0
Max Sentence GLEU Score: 1.0
Average Sentence GLEU Score: 0.3615773265425547
Corpus Sentence GLEU Score: 0.2753623188405797
