0.4365079365079365
0.5087719298245614
0.4069767441860465
0.7033898305084746
0.29411764705882354
0.6190476190476191
0.32432432432432434
0.4787234042553192
0.3918918918918919
0.660377358490566
0.7181818181818181
0.358974358974359
0.5
0.8571428571428571
0.4189189189189189
0.8703703703703703
0.45614035087719296
0.5526315789473685
0.6707317073170732
0.8717948717948718
0.5
0.6111111111111112
0.54
0.6511627906976745
1.0
0.4666666666666667
0.2857142857142857
0.0
0.8478260869565217
0.32786885245901637
0.2857142857142857
0.3867924528301887
1.0
0.4146341463414634
0.6129032258064516
1.0
0.42063492063492064
0.6818181818181818
0.5909090909090909
0.7432432432432432
0.14814814814814814
0.2777777777777778
0.22580645161290322
0.15384615384615385
1.0
0.46153846153846156
0.2857142857142857
0.6888888888888889
0.5757575757575758
0.2413793103448276
0.2692307692307692
0.723404255319149
0.3181818181818182
0.576
0.4382716049382716
0.42758620689655175
0.6791044776119403
1.0
0.6320754716981132
0.41935483870967744
0.6111111111111112
0.5645161290322581
0.28
0.3523809523809524
0.29411764705882354
0.7941176470588235
0.4142857142857143
0.4782608695652174
0.27906976744186046
0.3673469387755102
0.23076923076923078
0.18181818181818182
0.5135135135135135
0.425531914893617
0.6379310344827587
0.13043478260869565
0.21794871794871795
0.4666666666666667
0.2222222222222222
0.25925925925925924
0.5540540540540541
0.5172413793103449
0.4745762711864407
0.8
0.7619047619047619
1.0
0.5405405405405406
0.3076923076923077
0.4074074074074074
0.4523809523809524
0.8703703703703703
0.6229508196721312
1.0
0.54
0.23809523809523808
0.1111111111111111
0.6
0.2777777777777778
0.6025641025641025
1.0
0.509090909090909
0.6060606060606061
0.72
0.30952380952380953
0.47126436781609193
1.0
0.23333333333333334
0.46994535519125685
0.82
0.35714285714285715
0.7068965517241379
0.4888888888888889
0.36
0.2777777777777778
0.5454545454545454
0.5181818181818182
0.6282051282051282
0.3090909090909091
0.8
0.5933333333333334
0.7368421052631579
0.5098039215686274
0.6714285714285714
0.5264900662251656
0.5915492957746479
0.0
0.6
0.3348909657320872
0.38
0.3333333333333333
0.5863309352517986
0.4702702702702703
0.7666666666666667
0.37777777777777777
0.3548387096774194
0.16666666666666666
0.4
1.0
0.6864406779661016
0.572463768115942
0.2571428571428571
0.7407407407407407
0.6341463414634146
0.581081081081081
0.5
0.34210526315789475
0.6111111111111112
0.6190476190476191
0.6470588235294118
0.2962962962962963
0.391304347826087
0.5
0.5
0.7352941176470589
1.0
0.3333333333333333
0.7307692307692307
0.6739130434782609
0.8478260869565217
0.6818181818181818
0.38461538461538464
0.5
0.3153153153153153
0.5491329479768786
0.44011976047904194
0.47752808988764045
0.717391304347826
0.5459770114942529
0.5434782608695652
0.5263157894736842
0.6
0.4
0.26666666666666666
0.6290322580645161
0.43548387096774194
0.5158730158730159
0.6454545454545455
0.6081081081081081
0.6428571428571429
0.8095238095238095
0.7176470588235294
0.6545454545454545
0.2222222222222222
1.0
0.1774193548387097
0.5
0.3783783783783784
0.5116279069767442
0.2692307692307692
0.5263157894736842
0.5882352941176471
0.15384615384615385
0.8333333333333334
0.6025641025641025
0.2857142857142857
0.36486486486486486
0.3
0.1
0.1
0.5555555555555556
0.19047619047619047
0.5111111111111111
0.16666666666666666
0.5671641791044776
0.8939393939393939
0.6585365853658537
0.603448275862069
0.5606060606060606
0.6686746987951807
0.46153846153846156
0.7560975609756098
0.5185185185185185
0.45161290322580644
0.14516129032258066
0.2857142857142857
0.14814814814814814
0.8157894736842105
0.30303030303030304
0.7941176470588235
0.2727272727272727
0.47674418604651164
0.5705882352941176
0.2830188679245283
0.4473684210526316
1.0
0.7631578947368421
0.4418604651162791
0.6632653061224489
0.4864864864864865
0.5862068965517241
0.6190476190476191
0.3333333333333333
0.5
0.5483870967741935
0.3617021276595745
0.4
0.46153846153846156
0.62
0.6351351351351351
0.37209302325581395
0.34328358208955223
0.3
0.417910447761194
0.41379310344827586
0.4887640449438202
1.0
0.39473684210526316
0.4
0.7941176470588235
0.3181818181818182
1.0
0.5
0.5476190476190477
0.7878787878787878
0.5172413793103449
0.5454545454545454
0.0
0.4782608695652174
1.0
0.5930232558139535
0.6521739130434783
0.5
0.46774193548387094
0.07692307692307693
0.3333333333333333
1.0
0.8
0.6666666666666666
0.7432432432432432
1.0
0.3333333333333333
0.7142857142857143
0.5172413793103449
0.6976744186046512
0.6
0.5
0.7391304347826086
0.7666666666666667
0.7666666666666667
0.0
0.14171122994652408
0.3867924528301887
0.538961038961039
0.4090909090909091
0.5461538461538461
0.8108108108108109
0.5714285714285714
0.6179775280898876
0.4482758620689655
0.7647058823529411
0.8333333333333334
0.21212121212121213
0.5084745762711864
0.6363636363636364
0.21739130434782608
0.5
0.43548387096774194
0.38461538461538464
0.5
0.6078431372549019
0.5579710144927537
0.8208955223880597
0.43859649122807015
0.7181818181818181
0.06
0.5238095238095238
1.0
0.16
0.5571428571428572
0.5135135135135135
0.6538461538461539
0.21428571428571427
0.39655172413793105
0.3103448275862069
0.4
0.22727272727272727
0.0
0.6724137931034483
0.15789473684210525
0.2777777777777778
0.34210526315789475
0.46296296296296297
0.2857142857142857
1.0
0.2857142857142857
0.6818181818181818
0.14285714285714285
1.0
0.6186440677966102
0.3484848484848485
0.34545454545454546
0.484251968503937
0.6046511627906976
0.782608695652174
0.29310344827586204
0.7368421052631579
0.6978021978021978
1.0
0.21428571428571427
0.5526315789473685
0.7142857142857143
0.4620253164556962
0.5769230769230769
0.38461538461538464
0.4444444444444444
0.5909090909090909
0.8333333333333334
0.5847457627118644
0.8780487804878049
0.1935483870967742
0.23333333333333334
0.5384615384615384
0.5211267605633803
0.5980392156862745
0.5
0.7777777777777778
0.5370370370370371
0.3235294117647059
0.7068965517241379
0.4189189189189189
1.0
0.43661971830985913
0.4425287356321839
1.0
0.46808510638297873
0.2631578947368421
0.8157894736842105
0.46153846153846156
0.5530973451327433
0.34210526315789475
0.6475409836065574
0.5769230769230769
0.34057971014492755
0.753731343283582
0.2413793103448276
0.35714285714285715
0.3333333333333333
0.33962264150943394
1.0
0.46774193548387094
0.35294117647058826
0.3783783783783784
0.5
0.6311475409836066
0.5230769230769231
0.39215686274509803
0.4
0.6111111111111112
0.7941176470588235
0.5392156862745098
0.45652173913043476
0.6896551724137931
0.6129032258064516
0.8703703703703703
0.5405405405405406
0.4900990099009901
0.5
0.6111111111111112
0.3888888888888889
0.6142857142857143
0.0
0.5405405405405406
0.38144329896907214
0.44144144144144143
0.35555555555555557
0.3941176470588235
0.4915254237288136
0.6666666666666666
0.4782608695652174
0.7058823529411765
0.4189189189189189
0.23333333333333334
0.6
0.3780487804878049
0.4393939393939394
0.22
0.4827586206896552
0.2
0.5882352941176471
0.5
0.639344262295082
0.3620689655172414
0.14285714285714285
0.2777777777777778
0.7608695652173914
0.3404255319148936
0.7666666666666667
0.7333333333333333
0.0
0.0
0.5526315789473685
0.6392405063291139
0.746268656716418
0.4
0.13333333333333333
0.3333333333333333
1.0
0.509090909090909
0.5317460317460317
0.6170212765957447
0.24390243902439024
0.8939393939393939
0.6333333333333333
0.4
0.3
0.6818181818181818
0.21428571428571427
0.5
0.8387096774193549
0.26666666666666666
0.6153846153846154
0.4117647058823529
0.0
0.8556701030927835
0.13636363636363635
0.18421052631578946
0.6
0.5
0.35185185185185186
0.6551724137931034
0.7432432432432432
0.24074074074074073
0.6923076923076923
0.27586206896551724
0.631578947368421
0.3137254901960784
0.4342560553633218
0.6111111111111112
0.34615384615384615
0.45555555555555555
0.4675324675324675
0.2727272727272727
0.4438202247191011
0.5555555555555556
0.9130434782608695
0.31196581196581197
0.5645161290322581
0.3076923076923077
0.391304347826087
0.24193548387096775
0.28
0.7407407407407407
0.5588235294117647
0.6111111111111112
0.1746031746031746
0.23636363636363636
0.7127659574468085
0.38235294117647056
0.6923076923076923
0.3181818181818182
0.4666666666666667
0.32926829268292684
0.7153846153846154
0.5925925925925926
0.5
0.5652173913043478
0.6111111111111112
0.6216216216216216
0.5350877192982456
0.5806451612903226
0.4827586206896552
1.0
0.9146341463414634
0.427536231884058
1.0
0.2222222222222222
0.6341463414634146
0.5070422535211268
0.9152542372881356
0.4491525423728814
0.22580645161290322
0.16666666666666666
0.3867924528301887
0.4897959183673469
0.5
0.2719298245614035
0.7619047619047619
0.25925925925925924
0.0
0.5
0.0
0.5294117647058824
0.4473684210526316
0.2857142857142857
0.43333333333333335
0.2714285714285714
0.11428571428571428
0.5303030303030303
0.5
0.45652173913043476
0.2631578947368421
0.6395348837209303
0.7941176470588235
0.0
0.3333333333333333
0.47368421052631576
0.5526315789473685
0.3620689655172414
0.3787878787878788
0.48
0.4268292682926829
0.21621621621621623
0.17142857142857143
0.5344827586206896
0.5641025641025641
0.54
0.36
0.5571428571428572
0.6153846153846154
0.42105263157894735
0.5176470588235295
0.5487804878048781
0.4803921568627451
0.16666666666666666
0.8717948717948718
0.6842105263157895
0.4818181818181818
0.5
0.7446808510638298
0.532258064516129
0.7307692307692307
1.0
0.0
0.8444444444444444
0.4
0.5945945945945946
0.4032258064516129
0.72
0.15217391304347827
0.391304347826087
0.3333333333333333
1.0
0.42592592592592593
0.22727272727272727
0.2777777777777778
0.16666666666666666
0.8333333333333334
0.3
0.4
0.6818181818181818
0.4864864864864865
0.7307692307692307
0.4
0.6481481481481481
0.6216216216216216
0.5
0.5952380952380952
0.35714285714285715
0.6818181818181818
0.86
0.5909090909090909
0.4473684210526316
0.2608695652173913
0.7352941176470589
0.2857142857142857
0.5
0.6097560975609756
1.0
0.24285714285714285
0.15789473684210525
0.36585365853658536
0.6276595744680851
0.16666666666666666
0.6428571428571429
0.43478260869565216
0.5408163265306123
0.6190476190476191
0.41228070175438597
0.7575757575757576
0.6515151515151515
0.40540540540540543
0.34210526315789475
0.5210084033613446
0.7719298245614035
0.4215686274509804
0.7413793103448276
0.34408602150537637
0.33116883116883117
0.3333333333333333
1.0
1.0
0.3
1.0
0.16666666666666666
0.1111111111111111
0.1111111111111111
1.0
0.5
0.4
1.0
1.0
0.2222222222222222
0.16666666666666666
0.11538461538461539
0.6
0.2
0.3888888888888889
0.3333333333333333
0.5
0.3333333333333333
0.2727272727272727
0.4
0.5487804878048781
0.7111111111111111
0.2564102564102564
0.6111111111111112
0.391304347826087
1.0
0.2878787878787879
0.3695652173913043
0.36585365853658536
0.2037037037037037
0.42857142857142855
0.6666666666666666
0.5616438356164384
0.4
0.3728813559322034
0.32432432432432434
0.46
0.38095238095238093
0.6111111111111112
0.358974358974359
0.2777777777777778
0.46153846153846156
0.7432432432432432
0.42
0.11538461538461539
0.4827586206896552
0.2
0.2857142857142857
0.6571428571428571
0.5789473684210527
0.11764705882352941
0.52
0.3888888888888889
0.631578947368421
0.5076923076923077
0.5813953488372093
0.46551724137931033
0.4939759036144578
0.48507462686567165
0.5466666666666666
0.5945945945945946
0.5555555555555556
0.21052631578947367
0.2857142857142857
0.6567164179104478
0.6159420289855072
0.4056603773584906
0.2692307692307692
0.6033057851239669
0.36666666666666664
0.32558139534883723
0.3953488372093023
0.36065573770491804
0.4180327868852459
0.4
0.6
0.6111111111111112
0.6818181818181818
0.5714285714285714
1.0
0.4426229508196721
0.4444444444444444
0.5
0.6904761904761905
0.8979591836734694
0.5652173913043478
0.45652173913043476
0.391304347826087
0.25925925925925924
0.6818181818181818
0.313953488372093
0.3855421686746988
0.21929824561403508
0.5135135135135135
0.16666666666666666
0.5869565217391305
0.6818181818181818
0.66
0.06666666666666667
0.5666666666666667
0.8111111111111111
0.6111111111111112
1.0
0.38461538461538464
0.5
0.8793103448275862
0.48484848484848486
0.44
0.5909090909090909
0.5714285714285714
0.6111111111111112
1.0
0.46153846153846156
0.5294117647058824
0.8
0.4225352112676056
0.631578947368421
0.0
0.6829268292682927
1.0
0.7564102564102564
0.46938775510204084
0.4016393442622951
0.11538461538461539
1.0
0.4666666666666667
0.4117647058823529
0.5666666666666667
0.5
0.3333333333333333
0.6382978723404256
0.6756756756756757
0.5510204081632653
0.8
0.41836734693877553
0.6222222222222222
0.1744186046511628
0.43478260869565216
0.7619047619047619
0.5
0.576271186440678
0.21739130434782608
0.41836734693877553
0.1774193548387097
0.43902439024390244
0.5303030303030303
1.0
0.72
0.47368421052631576
0.52
0.56
0.3142857142857143
0.6714285714285714
0.7162162162162162
0.5365853658536586
0.32075471698113206
0.8387096774193549
0.5
0.6290322580645161
0.5
1.0
0.7608695652173914
0.8387096774193549
0.35106382978723405
1.0
0.5952380952380952
0.7352941176470589
0.42592592592592593
0.5161290322580645
0.8260869565217391
0.66
0.34782608695652173
0.42105263157894735
0.07142857142857142
0.5303030303030303
0.24358974358974358
0.0
0.3333333333333333
1.0
0.2857142857142857
0.5
0.0
0.0
0.6724137931034483
0.49122807017543857
0.29069767441860467
0.34057971014492755
0.5
0.3333333333333333
0.3333333333333333
1.0
0.25609756097560976
0.6555555555555556
0.4444444444444444
0.47368421052631576
0.6111111111111112
0.8148148148148148
0.7
0.3684210526315789
0.6794871794871795
0.4
0.7619047619047619
0.6285714285714286
0.3709677419354839
0.527027027027027
0.34210526315789475
0.5689655172413793
0.8870967741935484
0.4
0.5
0.6111111111111112
0.3888888888888889
0.24242424242424243
0.5344827586206896
0.19047619047619047
0.16666666666666666
0.18
0.8333333333333334
0.22580645161290322
0.7586206896551724
0.7333333333333333
0.18181818181818182
0.631578947368421
0.3695652173913043
0.6
0.6428571428571429
0.19230769230769232
0.13043478260869565
0.7027027027027027
0.40476190476190477
0.13157894736842105
0.22413793103448276
0.7666666666666667
0.2619047619047619
0.21428571428571427
0.32456140350877194
1.0
0.46825396825396826
0.37209302325581395
0.27358490566037735
0.696078431372549
0.5471698113207547
0.627906976744186
0.8484848484848485
0.5454545454545454
0.6233766233766234
0.7659574468085106
0.6571428571428571
0.29896907216494845
0.7340425531914894
0.46808510638297873
0.5
0.3488372093023256
0.35714285714285715
0.45384615384615384
0.17777777777777778
0.4090909090909091
0.7058823529411765
0.22289156626506024
0.5952380952380952
0.24489795918367346
0.2222222222222222
0.9259259259259259
0.5454545454545454
0.1956521739130435
0.5740740740740741
0.4777777777777778
0.5
0.16666666666666666
0.4393939393939394
0.5116279069767442
0.5777777777777777
0.574468085106383
0.48484848484848486
0.1
0.0
0.7033898305084746
0.36363636363636365
0.8157894736842105
0.7178217821782178
0.7653061224489796
0.2
0.4176470588235294
0.5256410256410257
0.5338983050847458
0.603448275862069
0.5
0.7368421052631579
0.5405405405405406
0.46938775510204084
0.42592592592592593
0.4482758620689655
0.21428571428571427
0.42857142857142855
0.5
0.13333333333333333
0.23076923076923078
0.5235294117647059
0.5
0.6666666666666666
0.3333333333333333
0.8
0.45454545454545453
0.527027027027027
0.4727272727272727
0.54
0.3684210526315789
0.23333333333333334
0.17647058823529413
0.6551724137931034
0.2777777777777778
0.5333333333333333
0.7586206896551724
0.7857142857142857
0.2619047619047619
0.5806451612903226
0.3717948717948718
0.8108108108108109
0.72
0.5952380952380952
0.3333333333333333
0.4
0.6379310344827587
0.3888888888888889
0.5
0.7424242424242424
0.25862068965517243
0.8870967741935484
0.4636363636363636
0.3
0.37037037037037035
0.3448275862068966
0.06862745098039216
0.5
0.4387755102040816
0.5952380952380952
0.30434782608695654
0.46551724137931033
0.6756756756756757
1.0
0.44285714285714284
0.8333333333333334
0.3333333333333333
0.4393939393939394
0.7037037037037037
0.6818181818181818
0.5217391304347826
0.5487804878048781
0.47297297297297297
0.6811594202898551
0.42424242424242425
0.4444444444444444
0.7666666666666667
0.66
0.5882352941176471
0.24390243902439024
0.6282051282051282
0.8703703703703703
0.5
0.26744186046511625
1.0
0.86
0.372
0.7162162162162162
0.36879432624113473
0.35714285714285715
0.16666666666666666
0.6111111111111112
0.45714285714285713
0.45714285714285713
0.5333333333333333
0.425531914893617
0.5
0.1111111111111111
0.35185185185185186
0.6363636363636364
0.3076923076923077
0.5555555555555556
0.057750759878419454
0.5384615384615384
0.3888888888888889
0.5350877192982456
0.5459770114942529
0.4782608695652174
0.4897959183673469
0.5333333333333333
0.5172413793103449
1.0
0.23684210526315788
0.6666666666666666
0.4117647058823529
0.3181818181818182
0.23076923076923078
0.6111111111111112
0.8780487804878049
1.0
0.3793103448275862
0.6666666666666666
0.16363636363636364
0.5344827586206896
0.5666666666666667
0.6818181818181818
0.6451612903225806
0.631578947368421
0.26
0.5232558139534884
0.5
0.336734693877551
0.8888888888888888
0.37755102040816324
0.6111111111111112
0.6081081081081081
0.23333333333333334
0.7058823529411765
0.5952380952380952
0.1
0.5428571428571428
0.06493506493506493
0.3333333333333333
0.7564102564102564
0.5454545454545454
0.5483870967741935
0.5263157894736842
0.4444444444444444
0.6228070175438597
0.2222222222222222
0.7142857142857143
0.0
1.0
0.20967741935483872
0.7142857142857143
0.5135135135135135
0.4897959183673469
0.27419354838709675
0.5769230769230769
0.45454545454545453
0.39655172413793105
0.5727272727272728
0.7692307692307693
0.8666666666666667
0.45714285714285713
0.3220338983050847
0.48936170212765956
0.5
0.4714285714285714
0.6621621621621622
0.7941176470588235
0.2894736842105263
0.42857142857142855
0.6666666666666666
0.5952380952380952
0.6744186046511628
0.5677966101694916
0.6544715447154471
0.47058823529411764
0.16666666666666666
0.0
0.8648648648648649
1.0
0.32653061224489793
1.0
0.6956521739130435
0.8157894736842105
0.6818181818181818
0.11538461538461539
0.7666666666666667
0.3076923076923077
0.8157894736842105
0.3076923076923077
0.23076923076923078
0.8333333333333334
0.6818181818181818
0.5925925925925926
0.1111111111111111
0.7941176470588235
0.24324324324324326
0.4090909090909091
0.66
0.3333333333333333
0.17647058823529413
0.8333333333333334
0.5
0.26666666666666666
0.6142857142857143
0.38
0.48148148148148145
0.7941176470588235
0.5
0.2222222222222222
0.7307692307692307
0.6818181818181818
0.40476190476190477
0.46
0.2857142857142857
0.86
0.3
0.581081081081081
0.4041095890410959
0.7777777777777778
0.3333333333333333
0.5909090909090909
0.9148936170212766
0.5531914893617021
0.2413793103448276
0.0
0.6129032258064516
0.14285714285714285
0.6134020618556701
0.6190476190476191
0.5172413793103449
0.05555555555555555
0.3888888888888889
0.8245614035087719
0.0
0.5188679245283019
0.6129032258064516
0.5
1.0
0.4
0.56
0.13157894736842105
0.5348837209302325
0.7586206896551724
0.4666666666666667
0.3333333333333333
0.21428571428571427
1.0
0.4444444444444444
0.3333333333333333
0.1
0.3333333333333333
0.5882352941176471
0.0
0.0
0.42857142857142855
0.6818181818181818
0.1891891891891892
0.7857142857142857
0.8571428571428571
0.7432432432432432
0.6639344262295082
0.4675324675324675
0.7307692307692307
0.3870967741935484
0.3157894736842105
0.20588235294117646
0.5
0.5
0.8118279569892473
0.474025974025974
0.7804878048780488
0.5977011494252874
0.8260869565217391
0.6
0.0
0.0
0.16666666666666666
0.07142857142857142
0.07142857142857142
0.7068965517241379
0.5283018867924528
0.24193548387096775
0.25862068965517243
0.6976744186046512
0.46
0.3620689655172414
0.6351351351351351
0.7926829268292683
0.8703703703703703
0.4
0.5
0.3333333333333333
0.2647058823529412
0.8098591549295775
0.5638297872340425
0.4473684210526316
0.56
0.4523809523809524
0.47368421052631576
0.6363636363636364
0.6935483870967742
0.7631578947368421
0.4117647058823529
0.24468085106382978
0.3918918918918919
0.6714285714285714
0.4076923076923077
0.4634146341463415
0.6851851851851852
0.7192982456140351
0.2857142857142857
1.0
0.6754385964912281
0.6818181818181818
0.5
0.5353982300884956
1.0
0.68
0.3333333333333333
0.6808510638297872
0.6111111111111112
0.6111111111111112
0.0
0.22727272727272727
0.8333333333333334
0.6509433962264151
0.4482758620689655
0.6226415094339622
0.3235294117647059
0.5
0.6043956043956044
0.5238095238095238
0.16666666666666666
0.3333333333333333
0.1
0.6851851851851852
0.5740740740740741
0.45925925925925926
0.26153846153846155
0.9054054054054054
0.5769230769230769
0.2948717948717949
0.3333333333333333
0.0
0.0
0.6176470588235294
0.5970149253731343
1.0
0.24074074074074073
0.6857142857142857
0.39473684210526316
0.7941176470588235
0.7424242424242424
0.3695652173913043
0.8478260869565217
0.6891891891891891
0.38372093023255816
0.45384615384615384
0.16666666666666666
0.3333333333333333
0.4482758620689655
0.39473684210526316
0.7872340425531915
0.7702702702702703
0.6571428571428571
0.6774193548387096
0.6
0.38461538461538464
0.5172413793103449
0.5142857142857142
0.8333333333333334
0.7307692307692307
0.5606060606060606
0.4523809523809524
0.6262626262626263
0.44871794871794873
0.4897959183673469
0.6231884057971014
0.48507462686567165
0.4883720930232558
0.3979591836734694
0.78
0.2647058823529412
0.5980392156862745
0.7551020408163265
0.7549668874172185
0.25675675675675674
0.66
0.6818181818181818
0.4578313253012048
0.6764705882352942
0.6351351351351351
0.7941176470588235
0.8157894736842105
0.5
0.23684210526315788
1.0
0.7857142857142857
0.86
1.0
1.0
0.7962962962962963
0.313953488372093
0.23333333333333334
0.6461538461538462
0.660377358490566
0.45098039215686275
0.38461538461538464
0.6515151515151515
0.7027027027027027
0.16666666666666666
0.6666666666666666
0.6862745098039216
0.6868131868131868
0.4959349593495935
0.826530612244898
0.66
0.8111111111111111
0.44776119402985076
0.2647058823529412
0.5256410256410257
0.6951219512195121
0.47297297297297297
0.8
0.7368421052631579
0.9230769230769231
1.0
0.803921568627451
0.6142857142857143
0.44
0.7
0.6333333333333333
0.4482758620689655
0.30303030303030304
0.2
0.43023255813953487
0.3108108108108108
0.3793103448275862
0.5434782608695652
1.0
0.6428571428571429
0.3333333333333333
0.16666666666666666
0.7941176470588235
0.391304347826087
0.6666666666666666
0.27586206896551724
0.5454545454545454
0.4117647058823529
0.48936170212765956
0.5405405405405406
0.3333333333333333
0.5217391304347826
0.46296296296296297
0.16666666666666666
0.21052631578947367
0.2692307692307692
0.5172413793103449
1.0
0.4777777777777778
0.5
0.5212765957446809
0.4025974025974026
0.37254901960784315
0.5094339622641509
0.6142857142857143
0.4591194968553459
0.8679245283018868
0.5027932960893855
0.0
0.5409836065573771
0.5958904109589042
0.4358974358974359
0.6276595744680851
0.4387755102040816
0.5
0.5196078431372549
0.8793103448275862
0.3333333333333333
0.43333333333333335
0.5542168674698795
0.46938775510204084
0.48
0.3411764705882353
0.7121212121212122
0.42592592592592593
0.4425287356321839
0.2903225806451613
0.42452830188679247
0.43529411764705883
0.7077922077922078
0.1951219512195122
0.7317073170731707
0.7063492063492064
0.6595744680851063
0.4
0.7564102564102564
0.8936170212765957
0.4306930693069307
0.45121951219512196
1.0
0.5094339622641509
0.19230769230769232
0.7407407407407407
0.7804878048780488
0.5684931506849316
0.7021276595744681
0.0
0.8787878787878788
0.7560975609756098
0.5454545454545454
0.6764705882352942
0.3924050632911392
0.5365853658536586
0.5847457627118644
1.0
0.5588235294117647
0.7040816326530612
0.2692307692307692
0.37254901960784315
1.0
0.5692307692307692
0.8372093023255814
0.532258064516129
0.7051282051282052
0.603448275862069
0.6
1.0
0.8793103448275862
0.43333333333333335
0.7692307692307693
0.42857142857142855
0.6428571428571429
0.6382978723404256
0.3372093023255814
0.3333333333333333
0.6940298507462687
0.6
0.8888888888888888
0.42857142857142855
0.20967741935483872
0.9130434782608695
0.5714285714285714
0.3333333333333333
0.4
0.20588235294117646
0.14705882352941177
0.5
0.8333333333333334
0.5263157894736842
0.4393939393939394
0.16666666666666666
0.9186046511627907
0.3684210526315789
0.23076923076923078
0.2857142857142857
0.4714285714285714
0.39473684210526316
0.5384615384615384
0.7142857142857143
0.4594594594594595
0.2222222222222222
0.47619047619047616
0.43103448275862066
0.5
0.35106382978723405
0.5384615384615384
0.6304347826086957
0.32051282051282054
0.56
0.5
0.6285714285714286
0.42
0.7719298245614035
0.5533333333333333
1.0
0.7049180327868853
0.5
0.3235294117647059
1.0
0.4230769230769231
0.8333333333333334
0.16666666666666666
0.6186440677966102
0.7702702702702703
0.6304347826086957
0.7272727272727273
0.5581395348837209
0.7424242424242424
0.4032258064516129
0.4074074074074074
0.7926829268292683
0.8870967741935484
0.72
0.8292682926829268
0.6774193548387096
0.13043478260869565
0.29310344827586204
0.36486486486486486
0.8823529411764706
0.5652173913043478
0.5
0.4074074074074074
0.43617021276595747
0.8717948717948718
0.5540540540540541
0.7
0.6896551724137931
0.5212765957446809
0.581081081081081
0.6707317073170732
0.41836734693877553
0.6111111111111112
0.5
1.0
0.5952380952380952
0.2391304347826087
0.4090909090909091
0.42592592592592593
0.6551724137931034
0.37037037037037035
0.9054054054054054
0.36666666666666664
0.5588235294117647
0.8648648648648649
0.27906976744186046
0.41379310344827586
0.8157894736842105
1.0
0.8108108108108109
0.7941176470588235
0.46511627906976744
0.4696969696969697
0.23170731707317074
0.8333333333333334
0.42063492063492064
0.2692307692307692
0.7941176470588235
0.4666666666666667
0.6612903225806451
0.35365853658536583
0.7352941176470589
1.0
0.6842105263157895
0.5483870967741935
0.5256410256410257
0.40816326530612246
0.5151515151515151
0.37735849056603776
0.603448275862069
0.29411764705882354
0.4411764705882353
0.6086956521739131
0.07142857142857142
0.6739130434782609
0.8384615384615385
1.0
0.5
0.7972972972972973
0.5952380952380952
0.8108108108108109
0.7962962962962963
0.7446808510638298
0.7619047619047619
0.11538461538461539
0.64
0.46808510638297873
0.2894736842105263
0.6909090909090909
0.5679012345679012
0.7894736842105263
0.0
0.8333333333333334
0.7647058823529411
0.37755102040816324
0.5
0.4253731343283582
0.8478260869565217
0.5769230769230769
0.3
0.2777777777777778
0.8333333333333334
0.7307692307692307
0.5
0.8111111111111111
0.6764705882352942
1.0
1.0
0.46825396825396826
0.2962962962962963
0.5789473684210527
0.5116279069767442
0.13636363636363635
0.7647058823529411
0.7666666666666667
0.6
0.5714285714285714
0.652542372881356
0.5123456790123457
0.7752808988764045
0.46551724137931033
0.7307692307692307
0.6538461538461539
0.6276595744680851
0.3787878787878788
0.35294117647058826
0.8793103448275862
0.36
0.4888888888888889
0.8571428571428571
0.391304347826087
0.41025641025641024
0.3793103448275862
0.47619047619047616
0.5571428571428572
0.7608695652173914
0.6020408163265306
0.16216216216216217
0.54
0.5263157894736842
0.4696969696969697
0.19047619047619047
0.07142857142857142
0.5483870967741935
0.3
0.34782608695652173
0.8484848484848485
0.4838709677419355
0.5545454545454546
0.72
1.0
0.8181818181818182
0.0
0.3333333333333333
0.3387096774193548
0.45121951219512196
0.6627906976744186
0.4634146341463415
1.0
0.7435897435897436
0.7073170731707317
0.35714285714285715
0.6896551724137931
0.7647058823529411
0.5342465753424658
0.6818181818181818
0.6818181818181818
1.0
0.34782608695652173
0.5531914893617021
0.45454545454545453
0.8108108108108109
0.4523809523809524
0.7297297297297297
0.6428571428571429
0.7380952380952381
0.696969696969697
0.782608695652174
0.7142857142857143
0.7222222222222222
1.0
0.711864406779661
0.7264150943396226
0.6060606060606061
0.3918918918918919
0.37142857142857144
0.6025641025641025
0.47560975609756095
0.8191489361702128
0.84
0.7948717948717948
0.6621621621621622
0.8589743589743589
0.23076923076923078
0.47560975609756095
0.56
0.5211267605633803
0.5571428571428572
0.5967741935483871
0.6428571428571429
0.8829787234042553
0.6333333333333333
0.5483870967741935
0.6379310344827587
0.8333333333333334
1.0
0.3333333333333333
0.6351351351351351
0.6764705882352942
0.7090909090909091
0.4180327868852459
0.8333333333333334
0.20270270270270271
0.704225352112676
0.18421052631578946
1.0
0.7619047619047619
0.4777777777777778
0.30612244897959184
0.6111111111111112
0.8333333333333334
0.7647058823529411
0.48
0.08823529411764706
0.6111111111111112
0.72
0.5135135135135135
0.38461538461538464
0.42424242424242425
0.22857142857142856
0.6129032258064516
0.43478260869565216
0.7
0.30434782608695654
0.5
0.15384615384615385
0.45454545454545453
0.3787878787878788
0.5
0.5
0.3076923076923077
0.11764705882352941
1.0
1.0
0.42857142857142855
0.32608695652173914
0.18421052631578946
0.13333333333333333
0.29411764705882354
0.34210526315789475
0.5
0.30434782608695654
0.6111111111111112
0.23529411764705882
0.7307692307692307
0.6111111111111112
1.0
0.7466666666666667
0.7666666666666667
0.32
0.7580645161290323
0.7622950819672131
0.0
0.14
0.43103448275862066
0.7666666666666667
0.16666666666666666
0.8157894736842105
0.3431372549019608
0.17391304347826086
0.3208955223880597
0.46551724137931033
0.5645161290322581
0.30952380952380953
0.8793103448275862
0.52
0.52
0.2413793103448276
0.42
0.6153846153846154
0.32
0.3484848484848485
1.0
0.42063492063492064
0.6818181818181818
1.0
0.8372093023255814
0.7741935483870968
0.34210526315789475
0.9130434782608695
0.8387096774193549
0.45185185185185184
0.5
0.6904761904761905
0.5072463768115942
0.6333333333333333
0.6818181818181818
0.25806451612903225
0.7941176470588235
0.6481481481481481
0.45454545454545453
0.6142857142857143
0.7307692307692307
0.5294117647058824
0.6666666666666666
0.7377049180327869
0.5555555555555556
0.6794871794871795
0.7647058823529411
1.0
0.29245283018867924
1.0
0.8333333333333334
1.0
0.43333333333333335
0.78
0.6818181818181818
0.2391304347826087
0.32608695652173914
0.3076923076923077
0.4189189189189189
0.5652173913043478
0.39655172413793105
0.1111111111111111
0.6
0.574468085106383
1.0
0.6111111111111112
0.3333333333333333
0.4117647058823529
0.08823529411764706
0.6304347826086957
1.0
0.0
0.4
1.0
0.42
0.8157894736842105
0.6739130434782609
0.3
0.8620689655172413
0.2619047619047619
0.573170731707317
0.4056603773584906
0.8454545454545455
0.5952380952380952
0.8404255319148937
0.7307692307692307
0.3333333333333333
0.7307692307692307
0.6445783132530121
0.5508474576271186
0.6521739130434783
0.4666666666666667
1.0
0.6395348837209303
0.66
0.3333333333333333
0.0
0.16666666666666666
0.7307692307692307
0.43478260869565216
0.17647058823529413
0.23809523809523808
0.11764705882352941
0.4827586206896552
0.6951219512195121
0.5222222222222223
0.6612903225806451
0.8243243243243243
0.2857142857142857
0.4
0.0
0.0
0.5408163265306123
0.8
0.42962962962962964
0.5
0.46153846153846156
1.0
0.34782608695652173
0.35714285714285715
0.5
0.6666666666666666
0.7105263157894737
0.46296296296296297
0.28
0.6545454545454545
0.2
0.5230769230769231
0.6956521739130435
0.5094339622641509
0.14285714285714285
0.42857142857142855
0.7790697674418605
0.6896551724137931
0.8333333333333334
0.3333333333333333
0.7692307692307693
0.5818181818181818
0.4523809523809524
0.7666666666666667
0.7209302325581395
0.3695652173913043
0.8260869565217391
0.52
0.15384615384615385
1.0
0.4358974358974359
0.48148148148148145
1.0
0.6551724137931034
0.35714285714285715
0.5106382978723404
0.36486486486486486
0.4666666666666667
0.06
0.21428571428571427
0.7941176470588235
0.21052631578947367
0.532258064516129
0.46153846153846156
0.4090909090909091
0.4230769230769231
0.6612903225806451
0.6060606060606061
0.24358974358974358
0.5952380952380952
0.3372093023255814
0.5652173913043478
1.0
0.3918918918918919
0.6764705882352942
0.4105263157894737
0.28205128205128205
0.6
0.16
0.2222222222222222
0.5377358490566038
0.6111111111111112
0.5
1.0
0.573170731707317
0.6060606060606061
0.38235294117647056
0.2647058823529412
0.8043478260869565
0.6111111111111112
0.5
0.6190476190476191
0.7941176470588235
0.6111111111111112
0.7941176470588235
0.7941176470588235
0.6111111111111112
0.5434782608695652
1.0
0.07142857142857142
0.38524590163934425
0.5555555555555556
0.5
0.5879120879120879
0.6454545454545455
0.42168674698795183
0.6
0.3333333333333333
0.0
0.5714285714285714
0.8709677419354839
0.6363636363636364
0.7551020408163265
0.72
0.6179775280898876
0.35555555555555557
0.6744186046511628
0.36486486486486486
0.2
0.37662337662337664
0.6636363636363637
0.6923076923076923
0.9099099099099099
0.7134831460674157
0.6274509803921569
0.8979591836734694
0.5
0.5263157894736842
0.5232558139534884
0.43478260869565216
0.5370370370370371
0.3870967741935484
0.7
0.42857142857142855
0.6129032258064516
0.36363636363636365
0.54
0.5666666666666667
0.6888888888888889
0.6216216216216216
0.7246376811594203
0.3142857142857143
0.27419354838709675
0.3142857142857143
0.391304347826087
0.3695652173913043
0.13636363636363635
0.18181818181818182
0.6
0.3387096774193548
0.3620689655172414
0.47560975609756095
0.5492957746478874
0.3137254901960784
0.9180327868852459
0.573170731707317
0.4189189189189189
0.8148148148148148
0.7
0.5169491525423728
0.6382978723404256
0.8648648648648649
0.5566037735849056
0.7666666666666667
0.52
0.3191489361702128
0.6756756756756757
0.5675675675675675
0.37777777777777777
0.5263157894736842
0.5222222222222223
0.5777777777777777
0.3333333333333333
0.38372093023255816
0.3974358974358974
0.6304347826086957
0.5769230769230769
0.5967741935483871
0.4186046511627907
0.5963855421686747
0.2222222222222222
0.6707317073170732
0.4649122807017544
0.16666666666666666
0.14285714285714285
0.40816326530612246
0.5
0.7666666666666667
0.7142857142857143
0.5909090909090909
0.5217391304347826
0.47368421052631576
1.0
0.8157894736842105
0.7804878048780488
0.3783783783783784
0.7101449275362319
0.5
1.0
0.6557377049180327
0.54
0.5294117647058824
0.5769230769230769
0.5
0.6764705882352942
0.7962962962962963
0.6818181818181818
0.3918918918918919
0.5945945945945946
0.86
0.5076923076923077
0.6956521739130435
0.7
0.10869565217391304
0.5757575757575758
1.0
0.7818181818181819
1.0
0.7142857142857143
0.631578947368421
1.0
0.3961038961038961
0.09090909090909091
0.5370370370370371
0.5153846153846153
0.6764705882352942
0.8333333333333334
0.7105263157894737
0.7666666666666667
0.873015873015873
0.72
0.41304347826086957
0.7093023255813954
0.0
0.8023255813953488
0.8378378378378378
0.7241379310344828
0.22727272727272727
0.6379310344827587
0.8157894736842105
0.3
0.40476190476190477
0.48484848484848486
0.6304347826086957
0.11538461538461539
0.3181818181818182
0.24324324324324326
0.6511627906976745
0.25862068965517243
0.547945205479452
0.46774193548387094
0.6111111111111112
0.5217391304347826
0.20930232558139536
0.9054054054054054
0.7962962962962963
0.5487804878048781
0.6231884057971014
0.7941176470588235
0.6212121212121212
0.723404255319149
0.7352941176470589
0.82
0.5606060606060606
0.45294117647058824
0.5280898876404494
1.0
0.9461538461538461
0.8333333333333334
0.39855072463768115
0.7222222222222222
0.7906976744186046
0.7230769230769231
0.7459016393442623
0.4090909090909091
0.538961038961039
0.4857142857142857
0.39655172413793105
0.5444444444444444
0.5
0.5918367346938775
0.4
0.4696969696969697
0.8157894736842105
0.7181818181818181
0.4827586206896552
0.5652173913043478
0.43103448275862066
0.4787234042553192
0.6181818181818182
0.7368421052631579
0.3888888888888889
0.5087719298245614
0.09090909090909091
1.0
0.6153846153846154
0.5674157303370787
0.5545454545454546
0.5526315789473685
0.6265822784810127
0.5432098765432098
0.46774193548387094
0.2631578947368421
0.7068965517241379
0.5851063829787234
0.4
1.0
0.6081081081081081
0.5185185185185185
0.5
0.7888888888888889
0.6206896551724138
0.6754385964912281
0.41935483870967744
0.7567567567567568
0.058823529411764705
0.45454545454545453
0.15151515151515152
0.46
0.6702127659574468
0.7608695652173914
0.5882352941176471
0.8793103448275862
0.3333333333333333
0.6463414634146342
0.6142857142857143
0.5102040816326531
0.8278688524590164
0.391304347826087
0.5348837209302325
0.42857142857142855
0.3548387096774194
0.2962962962962963
0.42
0.42574257425742573
0.576271186440678
0.5149253731343284
0.17391304347826086
0.8484848484848485
0.68
0.6111111111111112
0.30434782608695654
0.5571428571428572
0.5526315789473685
0.13157894736842105
0.7
0.19047619047619047
0.4489795918367347
0.36666666666666664
0.5930232558139535
0.6896551724137931
0.6666666666666666
0.7941176470588235
0.05555555555555555
0.7068965517241379
0.4117647058823529
0.5632183908045977
0.8095238095238095
0.4358974358974359
0.6571428571428571
0.4024390243902439
0.6511627906976745
0.78
1.0
0.6
0.4052631578947368
0.44039735099337746
0.1384083044982699
0.44904458598726116
0.5641025641025641
0.4101123595505618
0.54
0.5614035087719298
0.45121951219512196
0.46938775510204084
0.4918032786885246
0.6153846153846154
0.39215686274509803
0.72
0.3142857142857143
0.41935483870967744
0.39344262295081966
0.7439024390243902
0.5487804878048781
0.5531914893617021
0.6
0.5319148936170213
0.7151898734177216
0.16666666666666666
0.38571428571428573
0.8793103448275862
0.6276595744680851
0.7066666666666667
0.7941176470588235
0.574468085106383
0.6170212765957447
0.4222222222222222
0.5957446808510638
0.7075471698113207
0.7244897959183674
0.6638655462184874
0.5
0.7358490566037735
0.3488372093023256
0.16666666666666666
0.4666666666666667
0.5769230769230769
0.7307692307692307
0.39473684210526316
0.47058823529411764
0.41304347826086957
0.5
0.43103448275862066
0.34
0.42
0.7666666666666667
0.5843373493975904
0.8148148148148148
0.4358974358974359
0.46
0.8333333333333334
0.7058823529411765
0.5163934426229508
0.7941176470588235
0.5294117647058824
0.6153846153846154
0.6627906976744186
0.3684210526315789
0.3474576271186441
0.8793103448275862
0.7
0.58
0.7536231884057971
0.16666666666666666
0.4672131147540984
0.31690140845070425
0.44155844155844154
0.2727272727272727
0.2
0.0
0.16666666666666666
0.6666666666666666
0.7571428571428571
0.7894736842105263
0.5909090909090909
0.45698924731182794
0.5704225352112676
0.43333333333333335
0.6818181818181818
0.0
0.5588235294117647
0.5
0.6739130434782609
0.24193548387096775
0.7380952380952381
0.7959183673469388
0.6764705882352942
0.35714285714285715
0.46511627906976744
0.23809523809523808
0.5571428571428572
0.7567567567567568
0.23333333333333334
0.5789473684210527
0.7068965517241379
0.34210526315789475
0.09090909090909091
0.6206896551724138
0.43023255813953487
0.5142857142857142
0.5333333333333333
0.5
0.3181818181818182
0.4230769230769231
0.5212765957446809
0.6097560975609756
0.8387096774193549
0.7452830188679245
0.47368421052631576
0.391304347826087
0.2647058823529412
0.3191489361702128
0.29411764705882354
0.7857142857142857
0.30666666666666664
0.5
0.2571428571428571
0.1
0.6122448979591837
0.8939393939393939
0.7424242424242424
0.3333333333333333
0.36
0.6585365853658537
0.6818181818181818
0.6578947368421053
1.0
0.8939393939393939
0.8870967741935484
0.86
0.3076923076923077
0.16666666666666666
0.7142857142857143
0.6764705882352942
0.6818181818181818
0.7021276595744681
0.6194029850746269
0.38235294117647056
0.8692307692307693
0.8444444444444444
0.8444444444444444
0.6363636363636364
0.8181818181818182
0.4666666666666667
0.4827586206896552
0.4117647058823529
0.3617021276595745
0.6363636363636364
0.4634146341463415
0.23076923076923078
1.0
0.5476190476190477
0.5476190476190477
0.5769230769230769
1.0
0.5
0.30952380952380953
0.6304347826086957
0.3888888888888889
0.5087719298245614
0.11538461538461539
0.0
0.6111111111111112
0.86
0.7352941176470589
0.5517241379310345
0.6271186440677966
0.4782608695652174
0.7674418604651163
0.46774193548387094
0.7926829268292683
0.7666666666666667
0.6333333333333333
0.8333333333333334
0.42857142857142855
0.0
0.5263157894736842
0.5526315789473685
0.5714285714285714
0.6744186046511628
0.5555555555555556
0.3103448275862069
0.2857142857142857
0.45652173913043476
0.6
0.6818181818181818
0.5
1.0
0.5063291139240507
0.45714285714285713
0.8157894736842105
0.23529411764705882
0.47560975609756095
0.21428571428571427
0.4
0.3829787234042553
0.9102564102564102
0.4827586206896552
0.6857142857142857
0.6885245901639344
0.6941176470588235
0.8870967741935484
0.5483870967741935
0.7068965517241379
0.46153846153846156
0.5
0.0
1.0
0.36363636363636365
0.47435897435897434
0.38372093023255816
0.815068493150685
0.36792452830188677
0.7571428571428571
0.3358208955223881
0.48717948717948717
0.3717948717948718
0.5609756097560976
0.5
0.36666666666666664
0.5289855072463768
0.8513513513513513
0.62
0.7368421052631579
0.5476190476190477
0.5121951219512195
0.7555555555555555
0.2391304347826087
0.5172413793103449
0.3656716417910448
0.4025974025974026
0.4307692307692308
0.5555555555555556
0.5
0.5641025641025641
0.24390243902439024
0.23076923076923078
0.5384615384615384
0.5526315789473685
0.36363636363636365
0.4801980198019802
0.5
0.1891891891891892
0.5
0.2857142857142857
0.5
0.8387096774193549
0.6304347826086957
0.6294117647058823
0.6037735849056604
0.8703703703703703
0.8157894736842105
0.3142857142857143
0.38571428571428573
0.5
0.5
0.8478260869565217
0.6818181818181818
0.391304347826087
0.3305084745762712
0.6951219512195121
0.6129032258064516
0.696078431372549
0.8275862068965517
0.7741935483870968
0.8703703703703703
0.7358490566037735
0.5405405405405406
0.782608695652174
0.66
0.7926829268292683
0.2926829268292683
0.6194029850746269
0.5190476190476191
0.8095238095238095
0.6756756756756757
0.5126582278481012
0.6153846153846154
0.5632911392405063
0.3793103448275862
0.7266666666666667
0.7317073170731707
0.6142857142857143
0.37333333333333335
0.7304347826086957
0.2857142857142857
0.26666666666666666
0.3333333333333333
0.09090909090909091
0.14705882352941177
0.16666666666666666
0.8793103448275862
0.9534883720930233
0.30952380952380953
0.7142857142857143
0.06666666666666667
0.6521739130434783
0.7142857142857143
0.7439024390243902
0.7307692307692307
0.8148148148148148
0.46153846153846156
0.6764705882352942
0.42857142857142855
0.7380952380952381
0.6666666666666666
0.66
0.34285714285714286
0.5757575757575758
0.41304347826086957
0.6333333333333333
0.8837209302325582
0.9102564102564102
0.8
0.803921568627451
0.7407407407407407
0.8333333333333334
0.34
0.7702702702702703
0.7948717948717948
0.4411764705882353
0.4523809523809524
0.7289156626506024
0.8936170212765957
0.58
0.38
0.16666666666666666
0.6774193548387096
0.32432432432432434
0.7272727272727273
0.3684210526315789
0.8478260869565217
0.9385964912280702
0.38461538461538464
0.5344827586206896
0.38372093023255816
0.6415094339622641
0.4782608695652174
0.6095890410958904
0.34285714285714286
0.6
0.42857142857142855
0.5
0.7444444444444445
0.2631578947368421
0.8157894736842105
0.3076923076923077
0.8589743589743589
0.3620689655172414
0.22413793103448276
0.8870967741935484
0.46808510638297873
0.46153846153846156
0.5909090909090909
0.4576271186440678
0.7586206896551724
0.5952380952380952
0.5666666666666667
0.32051282051282054
0.3076923076923077
0.5
0.9
0.7647058823529411
0.7254901960784313
0.6808510638297872
0.7807017543859649
0.5641025641025641
0.5294117647058824
0.782051282051282
0.42452830188679247
0.5588235294117647
0.15384615384615385
0.8333333333333334
0.7258064516129032
0.42857142857142855
0.603448275862069
0.8648648648648649
0.8023255813953488
1.0
0.68
0.2727272727272727
0.18421052631578946
0.6230769230769231
1.0
0.5172413793103449
0.5967741935483871
1.0
0.7622950819672131
0.30434782608695654
0.4056603773584906
0.5444444444444444
0.4703703703703704
0.7209302325581395
0.6636363636363637
0.39473684210526316
0.6836734693877551
0.4586206896551724
0.5491803278688525
0.5102040816326531
0.07142857142857142
0.2777777777777778
0.18421052631578946
0.391304347826087
0.543859649122807
0.6825396825396826
0.4152542372881356
0.5882352941176471
0.8771929824561403
0.5923076923076923
0.44680851063829785
0.5753424657534246
0.42105263157894735
0.0
0.3333333333333333
0.29310344827586204
0.3333333333333333
0.3870967741935484
0.6282051282051282
0.7857142857142857
0.7777777777777778
0.7368421052631579
0.8043478260869565
0.7307692307692307
0.9180327868852459
0.47368421052631576
0.5
0.4523809523809524
0.4411764705882353
0.8648648648648649
1.0
0.3181818181818182
0.6021505376344086
0.6956521739130435
0.2608695652173913
0.7865168539325843
1.0
0.5135135135135135
0.524390243902439
0.7878787878787878
0.7222222222222222
0.4
0.5849056603773585
0.4594594594594595
0.3888888888888889
0.6888888888888889
0.7096774193548387
0.32786885245901637
0.6067415730337079
0.3979591836734694
0.8780487804878049
0.8870967741935484
0.5579710144927537
0.6320754716981132
0.7244897959183674
0.7058823529411765
0.8717948717948718
0.7777777777777778
1.0
1.0
0.8333333333333334
0.9122807017543859
0.8098591549295775
0.7941176470588235
0.7567567567567568
0.5333333333333333
0.5370370370370371
1.0
0.5
0.6666666666666666
0.5344827586206896
0.5344827586206896
1.0
0.3333333333333333
0.07142857142857142
0.44
0.4019607843137255
0.5483870967741935
0.6818181818181818
0.631578947368421
0.5757575757575758
0.5
0.5813953488372093
0.6702127659574468
0.38461538461538464
0.5714285714285714
0.4666666666666667
0.42857142857142855
0.4406779661016949
0.42857142857142855
1.0
0.6
0.6702127659574468
0.4146341463414634
0.5853658536585366
0.5957446808510638
0.7926829268292683
0.569620253164557
0.8333333333333334
0.46153846153846156
0.3
1.0
0.1
0.5806451612903226
0.6164383561643836
0.5466666666666666
0.9056603773584906
0.8939393939393939
0.3333333333333333
0.6363636363636364
0.5683760683760684
0.5238095238095238
0.6301369863013698
0.7698412698412699
0.7142857142857143
0.6867469879518072
0.8
1.0
0.7711864406779662
0.8333333333333334
1.0
0.4482758620689655
0.8157894736842105
0.6885245901639344
0.5
0.5930232558139535
0.7112676056338029
0.4857142857142857
0.4647887323943662
0.7653061224489796
0.8076923076923077
0.8478260869565217
0.8108108108108109
0.6612903225806451
0.66
0.5
0.6571428571428571
0.2
0.6363636363636364
0.6555555555555556
0.8275862068965517
0.6792452830188679
0.6621621621621622
0.7058823529411765
0.9056603773584906
0.8
0.48
0.45555555555555555
0.45161290322580644
0.5697674418604651
0.7702702702702703
0.34
0.6285714285714286
0.826530612244898
0.6538461538461539
0.7068965517241379
0.27692307692307694
0.6463414634146342
0.47297297297297297
0.5789473684210527
0.6538461538461539
0.5245901639344263
0.5638297872340425
0.9487179487179487
0.5
0.673469387755102
0.5505050505050505
0.3275862068965517
0.8148148148148148
0.4473684210526316
0.46153846153846156
0.3888888888888889
0.82
0.5365853658536586
0.5
0.5869565217391305
0.35185185185185186
0.54
0.2826086956521739
0.6216216216216216
0.35135135135135137
0.7702702702702703
0.4032258064516129
0.4438202247191011
0.42857142857142855
0.38
0.09824561403508772
0.6341463414634146
0.2542372881355932
0.15517241379310345
0.16666666666666666
0.6721311475409836
1.0
0.30952380952380953
0.7407407407407407
0.6410256410256411
1.0
0.5526315789473685
0.5
0.5614035087719298
0.7575757575757576
0.6122448979591837
0.6126760563380281
0.7195121951219512
0.5
0.38461538461538464
0.0
0.1
0.0
0.4230769230769231
0.3
0.680327868852459
0.5483870967741935
0.547945205479452
0.5
0.7164179104477612
0.8157894736842105
0.6272727272727273
0.0
0.0
0.7258064516129032
0.6486486486486487
0.5945945945945946
0.839622641509434
0.6276595744680851
0.4090909090909091
0.7674418604651163
0.8255813953488372
0.8818181818181818
0.4215686274509804
0.6666666666666666
0.5344827586206896
0.46551724137931033
0.6463414634146342
0.5466666666666666
0.6304347826086957
0.7380952380952381
0.4090909090909091
0.7380952380952381
0.7577319587628866
0.7978723404255319
0.8554216867469879
0.6984126984126984
0.7551020408163265
0.7413793103448276
0.6285714285714286
0.5454545454545454
0.6162790697674418
0.8098591549295775
0.8608247422680413
0.3181818181818182
0.3870967741935484
0.6086956521739131
0.18
0.5434782608695652
0.5263157894736842
0.5151515151515151
0.5925925925925926
0.7258064516129032
0.7027027027027027
0.66
0.7380952380952381
0.5652173913043478
0.7631578947368421
0.3783783783783784
0.5172413793103449
0.5634920634920635
0.7222222222222222
0.7407407407407407
0.1
0.5211267605633803
0.5409836065573771
1.0
0.5563380281690141
0.826530612244898
0.6956521739130435
0.6639344262295082
0.6190476190476191
0.9146341463414634
0.6951219512195121
0.8098591549295775
0.8333333333333334
0.6901408450704225
0.7283950617283951
0.41304347826086957
0.86
0.3
1.0
0.7096774193548387
0.7560975609756098
0.7333333333333333
0.3983050847457627
0.6724137931034483
0.6901408450704225
0.7407407407407407
0.759493670886076
0.5
0.23333333333333334
0.6666666666666666
0.8333333333333334
0.32558139534883723
0.2894736842105263
0.66
0.6698113207547169
0.7368421052631579
0.6666666666666666
0.23684210526315788
0.0
0.5
0.8589743589743589
0.4634146341463415
0.358974358974359
0.44285714285714284
0.4864864864864865
0.13043478260869565
0.23076923076923078
0.6818181818181818
0.7051282051282052
0.5476190476190477
0.5526315789473685
0.6756756756756757
0.5769230769230769
0.30303030303030304
0.4716981132075472
0.5897435897435898
0.3333333333333333
1.0
0.6111111111111112
0.4411764705882353
0.6
0.8484848484848485
0.5212765957446809
0.86
0.4
0.7252747252747253
1.0
0.8939393939393939
0.7380952380952381
0.6164383561643836
0.8387096774193549
0.42857142857142855
0.6190476190476191
0.8478260869565217
0.7571428571428571
0.7380952380952381
0.8181818181818182
0.7380952380952381
0.5483870967741935
0.5
0.4782608695652174
0.8333333333333334
0.532258064516129
0.6896551724137931
0.7441860465116279
0.38461538461538464
0.581081081081081
0.7658227848101266
0.839622641509434
0.44594594594594594
0.8333333333333334
0.5392156862745098
0.6461538461538462
0.8658536585365854
0.6951219512195121
0.8508771929824561
0.7307692307692307
0.8111111111111111
0.3870967741935484
0.8620689655172413
0.5877192982456141
0.8478260869565217
0.6404494382022472
1.0
0.6862745098039216
0.7769230769230769
0.7615384615384615
0.639344262295082
0.6764705882352942
0.4142857142857143
0.8703703703703703
0.5689655172413793
0.6078431372549019
0.8444444444444444
0.8478260869565217
0.29310344827586204
0.7941176470588235
0.4444444444444444
0.7341772151898734
0.7898550724637681
0.782608695652174
0.4444444444444444
0.572289156626506
0.5915492957746479
0.21428571428571427
0.6
0.5
0.36046511627906974
0.589041095890411
0.7162162162162162
0.8870967741935484
0.45555555555555555
0.7972972972972973
0.7162162162162162
0.8305084745762712
0.7307692307692307
0.0
0.0
0.6111111111111112
1.0
0.6923076923076923
0.8095238095238095
0.7465753424657534
0.6981132075471698
0.7086330935251799
0.6343283582089553
0.43478260869565216
0.6851851851851852
0.5370370370370371
0.6851851851851852
0.8148148148148148
0.5301204819277109
0.5135135135135135
0.8023255813953488
1.0
0.23076923076923078
0.5689655172413793
0.9054054054054054
0.6101694915254238
0.6956521739130435
0.43103448275862066
0.47540983606557374
0.7105263157894737
0.14285714285714285
0.6
0.7674418604651163
0.7380952380952381
0.3181818181818182
0.5882352941176471
0.43478260869565216
0.2222222222222222
1.0
0.5370370370370371
0.7368421052631579
0.6702127659574468
0.42592592592592593
1.0
0.8095238095238095
0.16666666666666666
0.56
0.43333333333333335
0.4090909090909091
1.0
0.2777777777777778
0.5098039215686274
0.4339622641509434
0.631578947368421
0.6190476190476191
0.6086956521739131
0.6486486486486487
0.38461538461538464
0.46
0.35294117647058826
0.8
0.391304347826087
0.7272727272727273
0.6884057971014492
0.6481481481481481
0.6282051282051282
0.4506172839506173
0.5204081632653061
0.7
0.44339622641509435
0.782608695652174
0.6382978723404256
0.4266666666666667
0.4153846153846154
0.7439024390243902
0.5612244897959183
0.9310344827586207
0.5
0.5952380952380952
0.30864197530864196
0.4
0.5660377358490566
0.34146341463414637
0.6395348837209303
0.7289156626506024
0.8275862068965517
0.6851851851851852
0.5483870967741935
0.4186046511627907
0.84
0.3717948717948718
0.8243243243243243
0.6016949152542372
0.5
0.7608695652173914
0.5272727272727272
0.20967741935483872
0.3488372093023256
0.686046511627907
0.4
0.6666666666666666
0.5280898876404494
0.9
0.8333333333333334
0.6836734693877551
0.24285714285714285
0.41379310344827586
0.41379310344827586
0.6222222222222222
0.5384615384615384
0.15151515151515152
0.23076923076923078
0.6842105263157895
0.5
0.3974358974358974
0.6578947368421053
0.5869565217391305
0.5222222222222223
0.4731182795698925
0.7372881355932204
0.10526315789473684
0.581081081081081
0.43333333333333335
0.7
0.6238095238095238
0.4672131147540984
0.3559322033898305
0.43478260869565216
0.3780487804878049
0.4573643410852713
0.6612903225806451
0.4915254237288136
0.6216216216216216
0.6363636363636364
0.1956521739130435
0.635593220338983
0.5303030303030303
1.0
0.6923076923076923
1.0
0.13636363636363635
0.5909090909090909
0.4074074074074074
0.4090909090909091
0.6014492753623188
0.8037974683544303
0.6885245901639344
0.782051282051282
0.7307692307692307
0.2222222222222222
0.8454545454545455
0.6746031746031746
0.5256410256410257
0.3225806451612903
0.672
0.651685393258427
0.5434782608695652
0.2631578947368421
0.7674418604651163
0.7941176470588235
0.7456140350877193
0.6632653061224489
0.5128205128205128
0.6186440677966102
0.7784810126582279
0.8692307692307693
0.5303030303030303
0.5172413793103449
0.7162162162162162
0.7021276595744681
0.6666666666666666
0.3333333333333333
0.3111111111111111
0.5784313725490197
0.5
0.7941176470588235
0.28205128205128205
0.9310344827586207
0.6341463414634146
0.4666666666666667
0.4696969696969697
0.7068965517241379
0.41304347826086957
0.3181818181818182
0.7307692307692307
0.7941176470588235
0.5512820512820513
0.6792452830188679
0.3888888888888889
0.6052631578947368
0.68
0.32432432432432434
0.8703703703703703
0.5614035087719298
0.40350877192982454
0.47058823529411764
0.4782608695652174
0.8703703703703703
0.5636363636363636
0.5232558139534884
0.6
0.6274509803921569
0.40540540540540543
0.6777777777777778
0.782608695652174
0.7272727272727273
0.9186046511627907
0.6829268292682927
0.5235294117647059
0.48484848484848486
0.5079365079365079
0.3888888888888889
0.5851063829787234
0.5655737704918032
0.5294117647058824
0.38461538461538464
0.6382978723404256
0.6864406779661016
0.15217391304347827
0.5588235294117647
0.1111111111111111
0.5857142857142857
0.4675324675324675
0.6036036036036037
0.608433734939759
0.639344262295082
0.16666666666666666
0.0
0.16666666666666666
0.2222222222222222
0.16666666666666666
0.7818181818181819
0.6530612244897959
1.0
0.8939393939393939
0.84
0.07692307692307693
0.5652173913043478
0.6530612244897959
0.8372093023255814
0.4420289855072464
0.6796116504854369
1.0
0.5
0.0
0.7407407407407407
0.8478260869565217
0.6612903225806451
0.8939393939393939
0.4411764705882353
0.14285714285714285
0.3783783783783784
0.5294117647058824
0.42857142857142855
0.4117647058823529
0.6060606060606061
0.6226415094339622
0.4473684210526316
0.1111111111111111
0.66
0.5882352941176471
0.15789473684210525
0.8023255813953488
0.72
0.3333333333333333
0.36363636363636365
0.5263157894736842
0.5
0.7549019607843137
0.5
0.6526315789473685
0.5128205128205128
0.5434782608695652
0.7380952380952381
0.5306122448979592
0.6733333333333333
0.2540983606557377
0.4268292682926829
0.4777777777777778
0.5307692307692308
0.5434782608695652
0.86
0.7222222222222222
0.8111111111111111
0.5094339622641509
0.9444444444444444
0.5363636363636364
0.6
0.7933333333333333
0.6507936507936508
0.5161290322580645
0.22972972972972974
0.4835164835164835
0.6363636363636364
0.6493506493506493
0.3333333333333333
0.41836734693877553
0.39215686274509803
0.5294117647058824
0.8870967741935484
0.7307692307692307
0.7121212121212122
0.34782608695652173
0.5
0.35714285714285715
0.5882352941176471
0.538961038961039
0.34782608695652173
0.4716981132075472
0.2830188679245283
0.49056603773584906
0.524390243902439
0.3617021276595745
0.3
0.7428571428571429
1.0
0.3559322033898305
0.7586206896551724
0.7674418604651163
0.8157894736842105
0.4782608695652174
0.2857142857142857
0.7051282051282052
0.4
0.5217391304347826
0.43478260869565216
0.16666666666666666
0.62
0.43023255813953487
0.7586206896551724
0.7
0.6296296296296297
0.5
0.5571428571428572
0.3181818181818182
0.527027027027027
0.3
0.391304347826087
0.8113207547169812
0.5185185185185185
0.7941176470588235
0.8793103448275862
0.86
0.7619047619047619
0.43333333333333335
0.5434782608695652
0.7156862745098039
0.3333333333333333
0.3333333333333333
1.0
0.7560975609756098
0.6111111111111112
1.0
0.44
1.0
0.6111111111111112
1.0
0.5285714285714286
0.5121951219512195
0.7704918032786885
0.3333333333333333
0.46774193548387094
0.24390243902439024
0.7142857142857143
0.7068965517241379
0.5370370370370371
0.72
0.8666666666666667
0.6379310344827587
1.0
1.0
0.44871794871794873
0.38235294117647056
1.0
0.5526315789473685
0.7978723404255319
0.9393939393939394
0.7972972972972973
0.7702702702702703
0.6515151515151515
0.6777777777777778
0.8024691358024691
0.6896551724137931
1.0
0.5697674418604651
0.5229885057471264
0.7121212121212122
0.38
0.3333333333333333
0.4574468085106383
0.2903225806451613
0.8157894736842105
0.6507936507936508
0.45454545454545453
0.6229508196721312
0.4634146341463415
0.5
0.46153846153846156
0.2682119205298013
0.36585365853658536
0.2631578947368421
0.7435897435897436
0.7068965517241379
0.7533333333333333
0.2839506172839506
0.609271523178808
0.4090909090909091
0.631578947368421
0.5256410256410257
0.7627118644067796
1.0
0.1896551724137931
1.0
0.2564102564102564
0.7666666666666667
0.5050505050505051
0.5
0.5266666666666666
0.7424242424242424
0.7307692307692307
1.0
0.2804878048780488
0.6285714285714286
0.4830508474576271
0.2676056338028169
0.47619047619047616
0.5581395348837209
0.5
0.5284552845528455
1.0
0.6627906976744186
0.2894736842105263
0.38461538461538464
0.5412371134020618
0.4
0.8278688524590164
0.9024390243902439
0.9152542372881356
0.860655737704918
0.4859154929577465
0.8411214953271028
0.6666666666666666
0.8009708737864077
0.7151898734177216
0.6058823529411764
0.7666666666666667
0.7439024390243902
0.7452830188679245
0.6197183098591549
0.7352941176470589
0.509090909090909
0.8780487804878049
0.8979591836734694
0.7051282051282052
0.626984126984127
0.36666666666666664
0.5897435897435898
0.6363636363636364
0.7435897435897436
0.6967213114754098
0.5849056603773585
0.6555555555555556
0.7407407407407407
1.0
0.4186046511627907
0.7741935483870968
0.8658536585365854
0.5967741935483871
0.7266666666666667
0.8939393939393939
0.7571428571428571
0.6851851851851852
0.7622950819672131
0.6772151898734177
0.5652173913043478
0.6
0.6014492753623188
0.46808510638297873
0.8939393939393939
0.46153846153846156
0.6333333333333333
0.29646017699115046
0.3387096774193548
0.6382978723404256
0.7209302325581395
0.8260869565217391
1.0
0.6311475409836066
0.740506329113924
0.86
0.4528301886792453
0.5566037735849056
0.7741935483870968
0.7926829268292683
0.4230769230769231
0.8478260869565217
0.5757575757575758
0.6268656716417911
0.8148148148148148
0.8888888888888888
0.6744186046511628
0.6060606060606061
0.43103448275862066
0.5957446808510638
0.6379310344827587
0.6666666666666666
0.4056603773584906
0.5483870967741935
0.4745762711864407
0.8793103448275862
0.8275862068965517
0.5
1.0
0.40476190476190477
1.0
0.358974358974359
0.1935483870967742
0.8484848484848485
0.9487179487179487
0.5
0.6851851851851852
0.5757575757575758
0.696969696969697
0.48148148148148145
0.5
0.5588235294117647
0.5348837209302325
1.0
0.5689655172413793
0.5806451612903226
0.8333333333333334
0.7452830188679245
0.7719298245614035
0.7468354430379747
0.5555555555555556
1.0
0.686046511627907
0.7727272727272727
0.66
0.8444444444444444
0.7959183673469388
0.5149253731343284
0.7105263157894737
0.7
0.7096774193548387
0.7753623188405797
0.42857142857142855
1.0
0.6285714285714286
0.5306122448979592
0.5
0.7222222222222222
0.5272727272727272
0.6
0.5222222222222223
0.8157894736842105
0.6081081081081081
0.6643835616438356
0.5425531914893617
0.5645161290322581
0.7547169811320755
0.6285714285714286
0.6862745098039216
0.6779661016949152
0.7926829268292683
0.8442622950819673
0.9622641509433962
0.6578947368421053
0.6830985915492958
0.8275862068965517
0.5825688073394495
0.8076923076923077
0.5925925925925926
0.6476190476190476
0.32608695652173914
0.8023255813953488
0.8018867924528302
0.7560975609756098
0.6818181818181818
0.8245614035087719
0.8191489361702128
0.5888888888888889
0.36
0.8
0.5363636363636364
0.5081967213114754
0.6296296296296297
0.5
0.8023255813953488
0.7413793103448276
0.6233766233766234
0.35135135135135137
0.47101449275362317
0.4824561403508772
0.5245901639344263
0.5563380281690141
0.4189189189189189
0.8571428571428571
0.5454545454545454
0.6829268292682927
0.7597402597402597
0.8205128205128205
0.6558441558441559
0.4726027397260274
0.5405405405405406
0.4142857142857143
0.7
0.5526315789473685
0.8095238095238095
0.7181818181818181
0.7058823529411765
0.42857142857142855
0.4266666666666667
0.6851851851851852
0.0
0.676923076923077
0.5135135135135135
0.5967741935483871
0.2777777777777778
0.6311475409836066
0.8013698630136986
0.7608695652173914
0.5
0.3505747126436782
0.5137614678899083
0.5396825396825397
0.8837209302325582
0.5222222222222223
0.5263157894736842
0.8372093023255814
0.8043478260869565
0.626984126984127
0.7068965517241379
0.6818181818181818
0.7075471698113207
0.7941176470588235
0.7307692307692307
0.10526315789473684
0.6111111111111112
0.5777777777777777
0.3170731707317073
0.7551020408163265
0.8134328358208955
0.6888888888888889
0.5952380952380952
0.5
0.3953488372093023
0.4090909090909091
0.44545454545454544
0.5405405405405406
0.5
0.41414141414141414
0.5303030303030303
0.6881720430107527
0.8793103448275862
0.5
0.7848101265822784
0.7647058823529411
0.8837209302325582
0.2391304347826087
0.7898550724637681
0.4185185185185185
0.3170731707317073
0.6111111111111112
0.8627450980392157
0.8870967741935484
0.6909090909090909
0.5393258426966292
0.7244897959183674
0.8
0.5254237288135594
0.7433628318584071
0.7157894736842105
0.7068965517241379
0.5597014925373134
0.6666666666666666
0.56
0.7894736842105263
1.0
0.3968253968253968
0.6351351351351351
0.7571428571428571
0.7244897959183674
0.7191780821917808
0.9102564102564102
0.5447761194029851
0.5398230088495575
0.6410256410256411
0.8636363636363636
0.86
0.7209302325581395
0.7837837837837838
0.8780487804878049
0.43859649122807015
0.6666666666666666
0.6301369863013698
0.6794871794871795
0.6336633663366337
1.0
0.43333333333333335
0.935064935064935
0.5869565217391305
0.17032967032967034
0.5384615384615384
0.5647058823529412
0.6111111111111112
0.2631578947368421
0.2711864406779661
0.6483516483516484
1.0
0.47058823529411764
0.37777777777777777
0.7357723577235772
0.48
0.7051282051282052
0.5393258426966292
0.5194805194805194
0.5869565217391305
0.54
0.49473684210526314
0.5850340136054422
0.8793103448275862
1.0
0.7111111111111111
0.6623931623931624
0.5555555555555556
0.815068493150685
0.7075471698113207
0.6428571428571429
0.8225806451612904
0.7619047619047619
1.0
0.7439024390243902
0.6075268817204301
0.6627906976744186
0.5409836065573771
0.8735632183908046
0.6333333333333333
0.6721311475409836
0.7452830188679245
0.5666666666666667
0.7560975609756098
1.0
0.5952380952380952
0.7608695652173914
0.5952380952380952
0.5
0.7213114754098361
0.8333333333333334
0.5882352941176471
0.7446808510638298
0.5588235294117647
0.6101694915254238
0.686046511627907
0.7682926829268293
0.26666666666666666
0.8157894736842105
0.18181818181818182
0.7571428571428571
0.7878787878787878
0.6923076923076923
0.35294117647058826
0.7307692307692307
0.573170731707317
0.6212121212121212
0.543859649122807
0.8
0.7307692307692307
0.4811320754716981
0.782051282051282
0.4482758620689655
0.1896551724137931
0.3
0.5465116279069767
0.6818181818181818
0.6896551724137931
0.5746268656716418
0.41379310344827586
0.5652173913043478
0.782051282051282
0.6142857142857143
0.6582278481012658
1.0
0.782051282051282
0.7073170731707317
0.782608695652174
0.5289855072463768
0.6923076923076923
0.7558139534883721
0.5
0.43103448275862066
0.8181818181818182
0.5338983050847458
0.48717948717948717
0.4745762711864407
0.7654320987654321
0.5825688073394495
0.5
0.6444444444444445
0.3387096774193548
0.54
0.6615384615384615
0.8291139240506329
0.7959183673469388
0.5886075949367089
0.46153846153846156
0.2727272727272727
0.5121951219512195
0.631578947368421
0.6587301587301587
0.11764705882352941
0.25555555555555554
0.7933333333333333
0.46923076923076923
0.2692307692307692
0.8571428571428571
0.5204081632653061
0.8333333333333334
0.5769230769230769
0.07142857142857142
0.6012658227848101
0.2962962962962963
0.6894736842105263
0.43333333333333335
0.7857142857142857
0.6917808219178082
0.4714285714285714
0.7380952380952381
0.32
0.5588235294117647
0.42452830188679247
0.6221374045801527
0.3333333333333333
0.6333333333333333
0.4117647058823529
0.7111111111111111
0.7333333333333333
0.6739130434782609
0.39215686274509803
0.6363636363636364
0.5714285714285714
0.6764705882352942
0.43333333333333335
0.6
0.5094339622641509
0.35294117647058826
0.46808510638297873
0.5217391304347826
0.6046511627906976
0.5660377358490566
0.4898989898989899
0.6530612244897959
0.25862068965517243
0.6491228070175439
1.0
0.6060606060606061
0.559322033898305
0.21428571428571427
0.32051282051282054
0.6612903225806451
0.4827586206896552
0.45098039215686275
0.8
0.9102564102564102
0.7435897435897436
0.5789473684210527
0.573170731707317
0.6231884057971014
0.5272727272727272
0.7536231884057971
0.7936507936507936
0.7818181818181819
0.5309278350515464
0.6791044776119403
0.5641025641025641
0.6417910447761194
0.6326530612244898
0.1111111111111111
0.2608695652173913
0.5761904761904761
0.5769230769230769
0.5443037974683544
0.5967741935483871
0.6777777777777778
0.686046511627907
0.6363636363636364
0.5540540540540541
0.4696969696969697
0.4878048780487805
0.5476190476190477
0.7183908045977011
0.5151515151515151
0.7921348314606742
0.5581395348837209
0.6
0.7162162162162162
0.7195121951219512
0.8571428571428571
0.6376811594202898
0.4222222222222222
0.8985507246376812
0.6851851851851852
0.6
0.40816326530612246
0.5897435897435898
0.3111111111111111
0.5
0.5923076923076923
0.5769230769230769
0.8372093023255814
0.4666666666666667
0.7804878048780488
0.5142857142857142
0.5913978494623656
0.6578947368421053
0.42857142857142855
0.6935483870967742
0.6052631578947368
0.7033898305084746
0.48148148148148145
0.6967213114754098
0.776595744680851
0.6779661016949152
0.6846153846153846
0.6333333333333333
0.7894736842105263
0.6111111111111112
0.7280701754385965
0.5217391304347826
0.7112676056338029
0.7468354430379747
0.5819672131147541
0.6851851851851852
0.6818181818181818
0.6703296703296703
0.5849056603773585
0.45081967213114754
0.45652173913043476
1.0
0.14
0.41304347826086957
0.7586206896551724
0.44
0.3673469387755102
0.7962962962962963
0.6351351351351351
0.8703703703703703
0.17391304347826086
1.0
0.7307692307692307
0.3684210526315789
0.17391304347826086
0.86
0.35714285714285715
0.64
0.4523809523809524
0.5333333333333333
0.7926829268292683
1.0
0.7777777777777778
0.66
0.7162162162162162
0.5581395348837209
0.40540540540540543
0.32653061224489793
0.8658536585365854
0.6612903225806451
1.0
0.6585365853658537
0.8108108108108109
0.6555555555555556
0.45652173913043476
0.43023255813953487
0.5
0.6509433962264151
0.5289855072463768
0.4268292682926829
0.45454545454545453
0.6754385964912281
0.8648648648648649
0.9148936170212766
0.25757575757575757
0.14705882352941177
0.5373134328358209
0.58
0.6363636363636364
0.3918918918918919
0.5666666666666667
0.5877192982456141
0.33962264150943394
0.7959183673469388
0.6632653061224489
0.5526315789473685
0.6698113207547169
0.7272727272727273
0.7463768115942029
1.0
0.7
1.0
0.4727272727272727
0.5471698113207547
0.8191489361702128
0.2988505747126437
0.2702702702702703
0.5272727272727272
0.5957446808510638
0.8870967741935484
0.7542372881355932
0.5897435897435898
0.6818181818181818
0.7372881355932204
0.6612903225806451
0.7280701754385965
0.17647058823529413
0.6329113924050633
0.8148148148148148
0.3333333333333333
0.46774193548387094
0.8333333333333334
0.5873015873015873
0.5
0.5677966101694916
0.6896551724137931
0.6176470588235294
0.6746031746031746
0.6975308641975309
0.27450980392156865
0.5
0.7741935483870968
0.8114754098360656
0.3263157894736842
0.7816901408450704
0.3235294117647059
1.0
0.5918367346938775
0.8591549295774648
0.524390243902439
0.6612903225806451
0.5897435897435898
0.6666666666666666
0.759493670886076
0.7142857142857143
0.8870967741935484
0.826530612244898
0.7258064516129032
0.5
0.7162162162162162
0.4696969696969697
0.5491803278688525
0.6712328767123288
0.6153846153846154
0.553763440860215
0.7439024390243902
0.6290322580645161
0.7258064516129032
0.6739130434782609
0.6
0.5606060606060606
1.0
0.8518518518518519
0.5061728395061729
0.5882352941176471
0.7872340425531915
0.2903225806451613
0.72
0.37037037037037035
0.5198019801980198
0.5
0.5540540540540541
0.660377358490566
0.5238095238095238
0.47959183673469385
0.39473684210526316
0.6818181818181818
0.9512195121951219
0.8181818181818182
0.8793103448275862
0.6111111111111112
0.5161290322580645
0.82
0.7307692307692307
0.8478260869565217
0.6285714285714286
0.4777777777777778
0.45774647887323944
0.45454545454545453
0.6951219512195121
0.6292134831460674
0.4830508474576271
0.3490566037735849
0.5689655172413793
0.5106382978723404
0.7666666666666667
0.6097560975609756
0.72
0.7195121951219512
0.36363636363636365
0.3548387096774194
0.7432432432432432
0.7424242424242424
0.5263157894736842
0.5
0.6142857142857143
0.2608695652173913
0.5714285714285714
0.9
0.5566037735849056
0.5660377358490566
1.0
1.0
0.45454545454545453
0.7142857142857143
0.22580645161290322
0.4473684210526316
0.8947368421052632
1.0
0.6851851851851852
0.7428571428571429
0.603448275862069
0.7894736842105263
0.8356164383561644
0.8939393939393939
0.2894736842105263
0.7444444444444445
0.391304347826087
0.5606060606060606
0.5909090909090909
0.7941176470588235
0.5
0.14285714285714285
0.5487804878048781
0.1794871794871795
0.21212121212121213
0.5957446808510638
0.6025641025641025
0.7142857142857143
0.6575342465753424
0.6511627906976745
0.7244897959183674
0.7258064516129032
0.7254901960784313
0.42424242424242425
0.5853658536585366
0.6276595744680851
0.66
0.15384615384615385
0.6020408163265306
0.9339622641509434
0.7058823529411765
0.7272727272727273
0.7288135593220338
0.7195121951219512
0.6923076923076923
1.0
0.4863013698630137
0.8333333333333334
0.6326530612244898
0.6274509803921569
0.5555555555555556
0.8793103448275862
0.3181818181818182
0.603448275862069
0.7666666666666667
0.603448275862069
0.4
0.6851851851851852
0.6538461538461539
0.8157894736842105
0.3333333333333333
0.7571428571428571
0.3695652173913043
0.2894736842105263
0.5106382978723404
0.14102564102564102
0.5769230769230769
0.7666666666666667
0.7407407407407407
0.676923076923077
0.3333333333333333
0.5526315789473685
0.6764705882352942
0.6046511627906976
0.46153846153846156
1.0
0.66
0.8793103448275862
0.5106382978723404
0.3181818181818182
0.8478260869565217
0.6283185840707964
0.66
0.7452830188679245
0.5813953488372093
0.5447761194029851
0.4788732394366197
0.5376344086021505
0.6454545454545455
0.8888888888888888
0.5
0.045454545454545456
0.3939393939393939
0.5471698113207547
0.5471698113207547
0.4897959183673469
0.35555555555555557
0.5909090909090909
0.8484848484848485
0.72
0.676056338028169
0.6847290640394089
0.5342465753424658
0.9253731343283582
0.5555555555555556
0.7615384615384615
0.6190476190476191
0.6012658227848101
0.7674418604651163
0.8235294117647058
0.38
0.21212121212121213
0.18
0.43243243243243246
1.0
0.2857142857142857
0.45652173913043476
0.6111111111111112
0.4
0.3548387096774194
0.18421052631578946
0.7368421052631579
0.47297297297297297
0.6153846153846154
0.6111111111111112
0.30303030303030304
0.7467532467532467
0.686046511627907
0.5526315789473685
0.7558139534883721
0.6282051282051282
0.7391304347826086
0.5666666666666667
0.6276595744680851
0.58
0.5909090909090909
0.7558139534883721
0.753968253968254
0.8148148148148148
0.6724137931034483
0.5869565217391305
0.6153846153846154
0.44871794871794873
0.4074074074074074
0.3888888888888889
0.5135135135135135
0.2857142857142857
0.336734693877551
0.7441860465116279
0.6224489795918368
0.6190476190476191
0.5918367346938775
0.46511627906976744
0.4358974358974359
0.3333333333333333
0.648936170212766
0.64
0.8090909090909091
0.3490566037735849
0.6636363636363637
0.5645161290322581
0.3333333333333333
0.58
0.6428571428571429
0.6382978723404256
0.5407407407407407
0.7295081967213115
0.5
0.7586206896551724
0.6714285714285714
0.6690140845070423
0.6929824561403509
0.6612903225806451
0.3695652173913043
0.3235294117647059
0.4406779661016949
0.6162790697674418
1.0
0.5317460317460317
0.6063829787234043
0.32432432432432434
0.5757575757575758
0.32857142857142857
0.296969696969697
0.6444444444444445
0.18
0.5
0.28688524590163933
0.6444444444444445
0.6444444444444445
0.4
0.6818181818181818
0.4444444444444444
0.5882352941176471
0.8157894736842105
0.2826086956521739
0.5
0.6153846153846154
0.5588235294117647
0.7428571428571429
0.9
0.25862068965517243
0.5
0.5510204081632653
0.6341463414634146
0.6951219512195121
1.0
0.6666666666666666
0.15384615384615385
0.15789473684210525
0.5
0.6896551724137931
0.39552238805970147
0.5769230769230769
0.4878048780487805
0.36046511627906974
0.6170212765957447
0.4666666666666667
0.4782608695652174
0.6097560975609756
0.7
0.44594594594594594
0.7941176470588235
0.6666666666666666
0.6097560975609756
0.7551020408163265
0.46
0.5428571428571428
0.9459459459459459
0.7560975609756098
0.8717948717948718
0.7551020408163265
1.0
0.7702702702702703
0.6764705882352942
0.8478260869565217
0.38
0.7941176470588235
0.5256410256410257
0.6229508196721312
1.0
0.6896551724137931
0.5888888888888889
0.9054054054054054
0.8589743589743589
0.746031746031746
0.5714285714285714
0.5370370370370371
0.4827586206896552
0.7615384615384615
1.0
0.5958904109589042
0.7941176470588235
0.7551020408163265
0.6621621621621622
0.5238095238095238
0.32
0.6777777777777778
0.6475409836065574
0.6567164179104478
0.3333333333333333
0.5188679245283019
0.8648648648648649
0.6216216216216216
0.6521739130434783
Min Sentence GLEU Score: 0.0
Max Sentence GLEU Score: 1.0
Average Sentence GLEU Score: 0.5601793765417418
Corpus Sentence GLEU Score: 0.6521739130434783
