0.6666666666666666
0.7543859649122807
0.4883720930232558
0.6864406779661016
0.38235294117647056
0.6190476190476191
0.5675675675675675
0.5510204081632653
0.3780487804878049
0.660377358490566
0.7363636363636363
0.3974358974358974
0.5
0.8571428571428571
0.6081081081081081
0.8703703703703703
0.5877192982456141
0.6491228070175439
0.8780487804878049
0.8717948717948718
1.0
0.6111111111111112
0.64
0.5697674418604651
1.0
0.4666666666666667
0.5952380952380952
0.0
0.6
0.4672131147540984
0.2857142857142857
0.4056603773584906
1.0
0.6666666666666666
0.8870967741935484
0.34210526315789475
0.49206349206349204
0.6818181818181818
0.6363636363636364
0.8648648648648649
0.2962962962962963
0.2777777777777778
0.5967741935483871
0.38461538461538464
1.0
0.46153846153846156
0.42857142857142855
0.6111111111111112
0.6515151515151515
0.2413793103448276
0.6025641025641025
0.851063829787234
0.7272727272727273
0.648
0.5123456790123457
0.5620689655172414
0.6492537313432836
1.0
0.5849056603773585
0.4731182795698925
0.6851851851851852
0.5645161290322581
0.8
0.41566265060240964
0.38461538461538464
0.8137254901960784
0.5714285714285714
0.34782608695652173
0.4883720930232558
0.30612244897959184
0.13333333333333333
0.36363636363636365
0.536036036036036
0.6382978723404256
0.8703703703703703
0.7
0.24358974358974358
0.6764705882352942
0.6111111111111112
0.8703703703703703
0.6351351351351351
0.7586206896551724
0.6403508771929824
0.8
1.0
1.0
0.47297297297297297
0.41025641025641024
0.37037037037037035
0.4523809523809524
0.6851851851851852
0.6311475409836066
1.0
0.86
0.40476190476190477
0.4074074074074074
0.6
1.0
0.5
1.0
0.509090909090909
0.8484848484848485
0.66
0.2631578947368421
0.7298850574712644
1.0
0.5
0.6693989071038251
0.82
0.35714285714285715
0.7068965517241379
0.5813953488372093
0.52
0.7777777777777778
0.6363636363636364
0.5545454545454546
0.48717948717948717
0.35454545454545455
0.8
0.6866666666666666
0.8245614035087719
0.5980392156862745
0.8571428571428571
0.8145695364238411
0.7253521126760564
0.16666666666666666
0.7076923076923077
0.17445482866043613
0.2
0.3333333333333333
0.7086330935251799
0.6864864864864865
0.7666666666666667
0.6111111111111112
0.5161290322580645
0.16666666666666666
0.4
1.0
0.576271186440678
0.6086956521739131
0.7571428571428571
0.654320987654321
0.6341463414634146
0.7162162162162162
0.5
0.8157894736842105
0.6111111111111112
0.5952380952380952
0.4117647058823529
0.38
0.4782608695652174
0.5
0.6111111111111112
1.0
1.0
0.2222222222222222
0.7307692307692307
0.6956521739130435
0.8478260869565217
0.6818181818181818
0.38461538461538464
0.5
0.2972972972972973
0.48265895953757226
0.5658682634730539
0.5674157303370787
0.717391304347826
0.5804597701149425
0.782608695652174
0.4473684210526316
0.7
0.48
0.5
0.8709677419354839
0.3870967741935484
0.8650793650793651
0.7181818181818181
0.6081081081081081
0.6428571428571429
0.8095238095238095
0.5588235294117647
0.8113207547169812
0.6111111111111112
1.0
0.6379310344827587
0.5333333333333333
0.6621621621621622
0.8837209302325582
0.5128205128205128
0.7368421052631579
0.35294117647058826
0.15384615384615385
0.8333333333333334
0.5641025641025641
0.5
0.36486486486486486
0.1
0.1
1.0
0.5555555555555556
0.21428571428571427
0.5
0.0
0.5895522388059702
0.6818181818181818
0.6341463414634146
0.7586206896551724
0.6666666666666666
0.5963855421686747
0.5
1.0
0.5555555555555556
0.5645161290322581
0.1935483870967742
0.42857142857142855
0.14814814814814814
0.6739130434782609
0.2878787878787879
0.4117647058823529
0.13636363636363635
0.6046511627906976
0.7
0.32075471698113206
0.7941176470588235
0.21052631578947367
0.7631578947368421
0.6511627906976745
0.6632653061224489
0.44285714285714284
0.5172413793103449
0.42857142857142855
0.40476190476190477
0.7586206896551724
0.5909090909090909
0.43617021276595747
0.3
0.38461538461538464
0.82
0.7162162162162162
0.686046511627907
0.4307692307692308
0.3
0.7761194029850746
0.46551724137931033
0.6460674157303371
1.0
0.39473684210526316
0.7666666666666667
0.7941176470588235
0.3181818181818182
0.86
0.7906976744186046
0.5714285714285714
0.8484848484848485
0.7068965517241379
0.6181818181818182
0.42857142857142855
0.8478260869565217
1.0
0.6395348837209303
0.6521739130434783
0.6272727272727273
0.8387096774193549
0.19230769230769232
0.3333333333333333
1.0
0.8
0.6666666666666666
0.6081081081081081
0.8148148148148148
0.6111111111111112
0.7142857142857143
0.7068965517241379
0.5697674418604651
0.2
0.5
0.5869565217391305
0.7666666666666667
0.7666666666666667
0.3333333333333333
0.16042780748663102
0.4528301886792453
0.6712328767123288
0.6
0.7846153846153846
0.8108108108108109
0.6666666666666666
0.7078651685393258
0.41935483870967744
0.696078431372549
0.8333333333333334
0.8484848484848485
0.5327868852459017
0.6363636363636364
0.45652173913043476
0.5
0.5645161290322581
0.7307692307692307
0.47058823529411764
0.6224489795918368
0.782608695652174
0.8507462686567164
0.4473684210526316
0.8090909090909091
0.58
0.5952380952380952
0.8478260869565217
0.86
0.5675675675675675
0.6
0.6538461538461539
0.21428571428571427
0.5862068965517241
0.34
0.13043478260869565
0.3181818181818182
0.16666666666666666
0.6724137931034483
0.631578947368421
0.2777777777777778
0.8157894736842105
0.46296296296296297
0.5
1.0
0.2857142857142857
0.6818181818181818
0.6
1.0
0.6428571428571429
0.6515151515151515
0.6727272727272727
0.7637795275590551
0.8372093023255814
0.6956521739130435
0.3620689655172414
1.0
0.7527472527472527
0.6333333333333333
0.6666666666666666
0.8157894736842105
0.7285714285714285
0.6645569620253164
0.7307692307692307
0.5135135135135135
0.4074074074074074
0.7987012987012987
0.8113207547169812
0.7372881355932204
1.0
0.5483870967741935
0.5
0.6756756756756757
0.5845070422535211
0.5392156862745098
0.5285714285714286
0.7777777777777778
0.8148148148148148
0.7549019607843137
1.0
0.33783783783783783
0.7058823529411765
0.6126760563380281
0.5977011494252874
1.0
0.7872340425531915
0.2631578947368421
0.8157894736842105
0.7307692307692307
0.5221238938053098
0.4473684210526316
0.5983606557377049
0.7307692307692307
0.3656716417910448
0.6716417910447762
0.4827586206896552
0.512987012987013
0.7058823529411765
0.46226415094339623
0.6415094339622641
0.5967741935483871
0.6122448979591837
0.5405405405405406
0.6129032258064516
0.7213114754098361
0.7230769230769231
0.803921568627451
0.4
0.6111111111111112
0.7941176470588235
0.6078431372549019
0.6428571428571429
0.5967741935483871
0.7741935483870968
0.8703703703703703
0.6756756756756757
0.4778761061946903
0.5
0.7222222222222222
0.6851851851851852
0.7571428571428571
0.5
0.527027027027027
0.4536082474226804
0.5900900900900901
0.3111111111111111
0.4176470588235294
0.576271186440678
0.5238095238095238
0.391304347826087
0.35294117647058826
0.36486486486486486
0.7307692307692307
0.6666666666666666
0.5487804878048781
0.3181818181818182
0.26
0.41379310344827586
0.23333333333333334
0.47058823529411764
0.5
0.5634920634920635
0.5689655172413793
0.21428571428571427
0.2962962962962963
0.7608695652173914
0.3404255319148936
0.7666666666666667
0.4222222222222222
0.0
0.16666666666666666
0.7647058823529411
0.49382716049382713
0.8731343283582089
0.5428571428571428
0.16666666666666666
0.3333333333333333
1.0
0.5454545454545454
0.6111111111111112
0.8222222222222222
0.5857142857142857
1.0
0.7666666666666667
0.2
0.7333333333333333
0.6818181818181818
0.5
0.8
0.8387096774193549
0.3684210526315789
0.9102564102564102
0.4117647058823529
0.0
0.788659793814433
0.3181818181818182
0.21052631578947367
0.6
0.35135135135135137
0.46774193548387094
0.6551724137931034
0.8783783783783784
0.6666666666666666
0.6923076923076923
0.3448275862068966
0.42105263157894735
0.5636363636363636
0.5484429065743944
0.8703703703703703
0.6052631578947368
0.5333333333333333
0.6428571428571429
0.13636363636363635
0.5393258426966292
0.2222222222222222
0.7608695652173914
0.33760683760683763
0.7741935483870968
0.46153846153846156
0.43478260869565216
0.4838709677419355
0.3
0.8703703703703703
0.5588235294117647
0.8333333333333334
0.6746031746031746
0.5636363636363636
0.7446808510638298
0.4117647058823529
0.8205128205128205
1.0
0.35294117647058826
0.5365853658536586
0.6384615384615384
0.7518518518518519
0.5
0.717391304347826
1.0
0.9054054054054054
0.5350877192982456
0.43548387096774194
0.6551724137931034
0.6666666666666666
0.9146341463414634
0.717391304347826
0.8448275862068966
0.2222222222222222
0.6511627906976745
0.4859154929577465
1.0
0.4745762711864407
0.8870967741935484
0.5087719298245614
0.6016949152542372
0.6428571428571429
0.6
0.30701754385964913
0.7619047619047619
0.5483870967741935
0.0
0.0
0.4
0.7941176470588235
0.4473684210526316
0.42857142857142855
0.7666666666666667
0.2714285714285714
0.44285714285714284
0.3484848484848485
0.22727272727272727
0.45652173913043476
0.3684210526315789
0.8372093023255814
0.7941176470588235
0.16666666666666666
0.3333333333333333
0.5526315789473685
0.8157894736842105
0.8793103448275862
0.2727272727272727
0.38
0.3170731707317073
0.5135135135135135
0.5
0.5344827586206896
0.6794871794871795
0.7
0.78
0.5571428571428572
1.0
0.8157894736842105
0.6882352941176471
0.686046511627907
0.7647058823529411
0.3333333333333333
1.0
0.6228070175438597
0.6578947368421053
0.5512820512820513
0.7446808510638298
0.6379310344827587
0.7307692307692307
0.16666666666666666
1.0
1.0
0.2222222222222222
0.527027027027027
0.7580645161290323
0.64
0.5
0.5124223602484472
1.0
1.0
0.7407407407407407
1.0
0.38095238095238093
0.3888888888888889
0.64
0.26666666666666666
0.4
0.6818181818181818
0.6621621621621622
0.46153846153846156
0.4
0.6481481481481481
0.6351351351351351
0.7297297297297297
0.42857142857142855
0.4523809523809524
0.6818181818181818
0.86
0.7424242424242424
0.6052631578947368
0.30952380952380953
1.0
0.42857142857142855
0.74
0.44594594594594594
1.0
0.6285714285714286
0.38095238095238093
0.4268292682926829
0.6595744680851063
0.39473684210526316
0.5238095238095238
0.34782608695652173
0.5
0.6190476190476191
0.5
0.7878787878787878
0.7878787878787878
0.5945945945945946
0.39473684210526316
0.6722689075630253
0.8157894736842105
0.46078431372549017
0.7413793103448276
0.3118279569892473
0.2922077922077922
0.626984126984127
1.0
0.3333333333333333
0.3
1.0
0.5
0.3333333333333333
0.3888888888888889
1.0
1.0
0.4
1.0
1.0
1.0
0.5
0.13157894736842105
0.6
1.0
0.3888888888888889
1.0
1.0
0.3333333333333333
0.18181818181818182
0.4
0.6463414634146342
0.4787234042553192
0.3108108108108108
0.8111111111111111
0.5434782608695652
0.8428571428571429
0.3787878787878788
0.43478260869565216
0.5
0.6666666666666666
0.42857142857142855
0.6190476190476191
0.44
0.6333333333333333
0.5
0.40540540540540543
0.36
0.38095238095238093
0.6111111111111112
0.6282051282051282
0.46296296296296297
0.7307692307692307
0.7432432432432432
0.66
0.7307692307692307
1.0
0.2
0.2857142857142857
0.7142857142857143
0.8157894736842105
0.5
0.22
0.3888888888888889
0.631578947368421
0.5846153846153846
0.8837209302325582
0.6212121212121212
0.6626506024096386
0.6044776119402985
0.5
0.5675675675675675
0.6349206349206349
0.3157894736842105
0.23809523809523808
0.7089552238805971
0.7898550724637681
0.44339622641509435
0.7307692307692307
0.5840336134453782
0.43333333333333335
0.4222222222222222
0.6511627906976745
0.5081967213114754
0.4307692307692308
0.4
0.42857142857142855
0.6111111111111112
0.6818181818181818
0.5714285714285714
0.7941176470588235
0.6864406779661016
0.48
0.56
0.6666666666666666
0.8061224489795918
0.5
0.5434782608695652
0.3695652173913043
0.5370370370370371
0.6818181818181818
0.3953488372093023
0.39156626506024095
0.37719298245614036
0.6756756756756757
1.0
0.5869565217391305
0.6818181818181818
0.66
0.6333333333333333
0.6222222222222222
0.7555555555555555
0.6111111111111112
0.6764705882352942
0.3235294117647059
0.5
0.8793103448275862
0.7878787878787878
0.72
0.8939393939393939
0.7027027027027027
0.6111111111111112
0.5
0.23076923076923078
0.5686274509803921
0.8
0.4225352112676056
0.8157894736842105
0.1
0.5609756097560976
1.0
0.8717948717948718
0.6122448979591837
0.5245901639344263
0.11538461538461539
0.7941176470588235
0.2
0.38235294117647056
1.0
0.5348837209302325
0.696969696969697
0.8085106382978723
0.8648648648648649
0.5408163265306123
0.6304347826086957
0.45918367346938777
0.6888888888888889
0.4186046511627907
0.3695652173913043
0.5
0.5
0.6864406779661016
0.36
0.42857142857142855
0.45161290322580644
0.32558139534883723
0.5757575757575758
1.0
0.82
0.8157894736842105
1.0
0.56
0.5135135135135135
0.5714285714285714
0.7702702702702703
0.5487804878048781
0.839622641509434
0.6935483870967742
0.6666666666666666
0.5757575757575758
0.7142857142857143
0.4666666666666667
0.7608695652173914
0.8387096774193549
0.7674418604651163
1.0
0.6666666666666666
0.7941176470588235
0.7407407407407407
0.5645161290322581
0.8260869565217391
0.66
0.47101449275362317
0.6052631578947368
0.42857142857142855
0.5303030303030303
0.47560975609756095
0.3333333333333333
0.3333333333333333
0.0
0.7142857142857143
0.5
0.6
0.3333333333333333
0.5517241379310345
0.7280701754385965
0.6046511627906976
0.5579710144927537
0.22727272727272727
0.3333333333333333
0.0
1.0
0.38372093023255816
0.8111111111111111
0.6896551724137931
0.5263157894736842
0.6111111111111112
0.7037037037037037
0.7
0.3684210526315789
0.7307692307692307
0.6333333333333333
0.7619047619047619
0.7621359223300971
0.5967741935483871
0.5675675675675675
0.8157894736842105
0.7068965517241379
0.8870967741935484
1.0
0.5967741935483871
0.6111111111111112
1.0
0.5909090909090909
0.3793103448275862
1.0
0.7666666666666667
0.5434782608695652
0.8333333333333334
0.48484848484848486
0.7586206896551724
0.8666666666666667
0.696969696969697
0.4473684210526316
0.3695652173913043
0.6296296296296297
0.8636363636363636
0.19230769230769232
0.6666666666666666
0.8648648648648649
0.6190476190476191
0.5
0.22413793103448276
0.3
0.2619047619047619
0.4473684210526316
0.6621621621621622
1.0
0.7301587301587301
0.45348837209302323
0.5188679245283019
0.696078431372549
0.5098039215686274
0.872093023255814
1.0
0.6636363636363637
0.7142857142857143
0.9555555555555556
0.7142857142857143
0.4557522123893805
0.7553191489361702
0.6744186046511628
0.6666666666666666
0.7209302325581395
0.6558441558441559
0.38461538461538464
0.32978723404255317
0.5064935064935064
0.7058823529411765
0.28313253012048195
0.5952380952380952
0.3979591836734694
0.2222222222222222
0.8333333333333334
0.5151515151515151
0.2894736842105263
0.78
0.6
1.0
0.16666666666666666
0.7878787878787878
0.4883720930232558
0.7666666666666667
0.6666666666666666
0.5151515151515151
0.6
0.0
0.847457627118644
0.6818181818181818
0.8157894736842105
0.6881188118811881
0.6836734693877551
0.1
0.48823529411764705
0.5256410256410257
0.635593220338983
0.7586206896551724
0.5
0.8157894736842105
0.6891891891891891
0.5510204081632653
0.3888888888888889
0.6379310344827587
0.21428571428571427
1.0
0.5
0.6818181818181818
0.23076923076923078
0.7469135802469136
0.16666666666666666
1.0
0.4827586206896552
0.8
0.6212121212121212
0.581081081081081
0.176056338028169
0.7
0.2619047619047619
0.7
0.23529411764705882
0.6551724137931034
0.6111111111111112
0.7666666666666667
0.8793103448275862
0.7380952380952381
0.3333333333333333
0.7258064516129032
0.24358974358974358
0.7702702702702703
0.86
0.5952380952380952
0.5555555555555556
0.4
0.8793103448275862
0.6111111111111112
0.6818181818181818
0.8939393939393939
0.39655172413793105
0.8870967741935484
0.509090909090909
0.3
0.2962962962962963
0.5
0.9313725490196079
0.7666666666666667
0.5588235294117647
0.5952380952380952
0.6
0.3064516129032258
0.6621621621621622
1.0
0.6351351351351351
0.8333333333333334
0.3333333333333333
0.4393939393939394
0.5740740740740741
0.6818181818181818
0.5217391304347826
0.6585365853658537
0.5675675675675675
0.7536231884057971
0.6451612903225806
0.5
0.7666666666666667
0.5
0.38235294117647056
0.4024390243902439
0.6794871794871795
0.8703703703703703
0.5
0.43023255813953487
0.5
1.0
0.396
0.7162162162162162
0.4489051094890511
0.3979591836734694
0.16666666666666666
0.6111111111111112
0.5428571428571428
0.6428571428571429
0.5333333333333333
0.7021276595744681
0.7692307692307693
0.3888888888888889
0.18518518518518517
0.6923076923076923
0.5769230769230769
0.4782608695652174
0.13221884498480244
0.47692307692307695
0.5317460317460317
0.7631578947368421
0.7528735632183908
0.4492753623188406
0.6326530612244898
1.0
0.8703703703703703
0.6379310344827587
0.23684210526315788
0.7619047619047619
0.23529411764705882
0.6818181818181818
0.5909090909090909
0.6851851851851852
0.8292682926829268
1.0
0.5862068965517241
1.0
0.7181818181818181
0.6724137931034483
0.16666666666666666
0.8484848484848485
0.8387096774193549
0.8157894736842105
0.66
0.7209302325581395
0.5111111111111111
0.5851063829787234
0.8888888888888888
0.46938775510204084
0.6111111111111112
0.8108108108108109
0.7307692307692307
1.0
0.6666666666666666
0.1
0.6428571428571429
0.5307692307692308
0.3333333333333333
0.7692307692307693
0.7424242424242424
0.5967741935483871
0.5
0.4444444444444444
0.7456140350877193
0.2222222222222222
0.7142857142857143
0.0
0.4
0.24193548387096775
0.6891891891891891
0.5135135135135135
0.5306122448979592
0.6612903225806451
0.6666666666666666
0.5285714285714286
0.39655172413793105
0.7
0.7692307692307693
0.8666666666666667
0.3484848484848485
0.576271186440678
0.425531914893617
0.4603174603174603
0.8
0.7972972972972973
0.7941176470588235
0.5526315789473685
0.42857142857142855
0.6666666666666666
0.6587301587301587
0.8023255813953488
0.4830508474576271
0.7682926829268293
0.5882352941176471
0.16666666666666666
0.0
0.8648648648648649
1.0
0.5
0.7941176470588235
0.72
0.5789473684210527
0.6818181818181818
0.19230769230769232
1.0
0.38461538461538464
0.8157894736842105
0.3076923076923077
0.7307692307692307
0.8333333333333334
0.13636363636363635
1.0
0.2857142857142857
0.5294117647058824
0.13513513513513514
0.4090909090909091
0.66
0.42857142857142855
0.7058823529411765
0.7619047619047619
0.5
0.26666666666666666
0.9
0.48
0.35185185185185186
0.7941176470588235
0.5
0.2777777777777778
0.46153846153846156
0.6818181818181818
0.6666666666666666
0.38
0.2857142857142857
0.86
0.6
0.8648648648648649
0.6917808219178082
0.7777777777777778
0.35185185185185186
0.5
0.9148936170212766
0.8085106382978723
0.3620689655172414
0.0
0.8870967741935484
0.14285714285714285
0.788659793814433
0.8333333333333334
1.0
0.07142857142857142
0.5987654320987654
0.8508771929824561
0.0
0.6981132075471698
0.6935483870967742
0.5
1.0
0.7307692307692307
0.86
0.47058823529411764
0.8023255813953488
0.8793103448275862
0.5333333333333333
0.7407407407407407
0.21428571428571427
1.0
0.5740740740740741
0.3333333333333333
0.22727272727272727
0.3148148148148148
0.5882352941176471
0.16666666666666666
0.0
0.21428571428571427
1.0
0.2972972972972973
0.8061224489795918
1.0
0.8243243243243243
0.8278688524590164
0.5454545454545454
0.7307692307692307
0.6612903225806451
0.3157894736842105
0.20588235294117646
0.16666666666666666
0.7391304347826086
0.8548387096774194
0.8831168831168831
0.9146341463414634
0.7011494252873564
0.7608695652173914
0.6
0.3333333333333333
0.0
0.1
0.1
1.0
0.7068965517241379
0.9245283018867925
0.5645161290322581
0.43103448275862066
0.9186046511627907
0.58
0.6379310344827587
0.6153846153846154
0.8780487804878049
0.6666666666666666
0.7428571428571429
0.5
0.3333333333333333
0.43137254901960786
0.8591549295774648
0.7346938775510204
0.10526315789473684
0.8493150684931506
0.7619047619047619
0.6052631578947368
0.8484848484848485
0.6451612903225806
0.5789473684210527
0.4117647058823529
0.4148936170212766
0.5384615384615384
0.6891891891891891
0.6846153846153846
0.7926829268292683
0.6851851851851852
0.7368421052631579
0.2857142857142857
1.0
0.6140350877192983
0.6818181818181818
0.5
0.5663716814159292
1.0
0.7133333333333334
0.3333333333333333
0.5957446808510638
0.6111111111111112
0.6111111111111112
0.2
0.5151515151515151
0.8333333333333334
0.6454545454545455
0.39655172413793105
0.5471698113207547
0.47058823529411764
0.5189873417721519
0.6263736263736264
0.7380952380952381
0.16666666666666666
1.0
0.1
0.8148148148148148
0.8703703703703703
0.6333333333333333
0.4461538461538462
0.7307692307692307
0.7307692307692307
0.34615384615384615
0.0
0.0
0.0
0.8333333333333334
0.582089552238806
0.8793103448275862
0.6111111111111112
0.7285714285714285
0.4411764705882353
0.7941176470588235
0.48484848484848486
0.32608695652173914
0.66
0.6891891891891891
0.627906976744186
0.7076923076923077
0.5
0.3333333333333333
0.6379310344827587
0.8157894736842105
1.0
0.7297297297297297
0.7142857142857143
0.7096774193548387
0.8571428571428571
1.0
0.7068965517241379
0.5142857142857142
0.5952380952380952
0.7307692307692307
0.6212121212121212
1.0
0.7929292929292929
0.5512820512820513
0.7142857142857143
0.6811594202898551
0.8208955223880597
0.8023255813953488
0.7346938775510204
0.76
0.7941176470588235
0.7647058823529411
0.5612244897959183
0.7317880794701986
0.47297297297297297
0.66
0.8939393939393939
0.7176470588235294
0.5294117647058824
0.7567567567567568
0.7941176470588235
0.8157894736842105
0.5
1.0
1.0
0.9285714285714286
0.86
1.0
1.0
0.8765432098765432
0.7926829268292683
0.5333333333333333
0.5461538461538461
0.660377358490566
0.6764705882352942
0.7307692307692307
0.7121212121212122
0.8513513513513513
0.26666666666666666
0.6666666666666666
0.6666666666666666
0.5824175824175825
0.5894308943089431
0.7959183673469388
0.8
0.8837209302325582
0.7761194029850746
0.35294117647058826
0.4358974358974359
0.6744186046511628
1.0
0.7702702702702703
0.8245614035087719
0.8153846153846154
1.0
1.0
0.5714285714285714
0.8
0.7
0.6333333333333333
0.8793103448275862
0.3484848484848485
0.4
0.5
0.41025641025641024
0.3793103448275862
0.5434782608695652
0.5476190476190477
0.47619047619047616
0.7
1.0
0.7941176470588235
0.391304347826087
0.6666666666666666
0.5434782608695652
0.48484848484848486
0.4117647058823529
0.5851063829787234
0.5405405405405406
0.7857142857142857
0.5217391304347826
0.3148148148148148
0.37037037037037035
0.7352941176470589
0.2692307692307692
0.5172413793103449
0.8157894736842105
0.7
0.696969696969697
0.5425531914893617
0.4090909090909091
0.6078431372549019
0.6698113207547169
0.6142857142857143
0.660377358490566
0.9019607843137255
0.6214689265536724
0.0
0.6147540983606558
0.5547945205479452
0.47435897435897434
0.8936170212765957
0.7941176470588235
0.7868852459016393
0.4818181818181818
0.8103448275862069
0.5757575757575758
0.44
0.5783132530120482
0.6530612244897959
0.58
0.7176470588235294
0.7878787878787878
0.3888888888888889
0.5172413793103449
0.3870967741935484
0.6509433962264151
0.5647058823529412
0.8266666666666667
0.4634146341463415
0.6097560975609756
0.6825396825396826
0.7659574468085106
0.6
0.8076923076923077
0.8936170212765957
0.6336633663366337
0.7073170731707317
0.84
0.6320754716981132
0.2692307692307692
1.0
0.8780487804878049
0.7328767123287672
0.7021276595744681
0.0
0.8787878787878788
0.8780487804878049
1.0
0.7294117647058823
0.7784810126582279
0.5365853658536586
0.6016949152542372
1.0
0.7647058823529411
0.8979591836734694
0.5128205128205128
0.5784313725490197
0.8148148148148148
0.7
0.8837209302325582
0.7580645161290323
0.8205128205128205
0.46551724137931033
0.6
0.0
0.7068965517241379
0.7666666666666667
0.7923076923076923
0.7142857142857143
0.7
0.7446808510638298
0.5
0.3333333333333333
0.6119402985074627
0.9
1.0
0.42857142857142855
0.2222222222222222
0.5217391304347826
0.5
0.3333333333333333
0.4
0.5882352941176471
0.38235294117647056
0.5263157894736842
0.8333333333333334
0.631578947368421
0.5909090909090909
0.2
0.9186046511627907
0.7894736842105263
0.4666666666666667
0.2857142857142857
0.5857142857142857
0.5526315789473685
0.5769230769230769
0.8428571428571429
0.5945945945945946
0.2222222222222222
0.47619047619047616
0.8793103448275862
0.5
0.2978723404255319
0.6923076923076923
0.8478260869565217
0.5128205128205128
0.72
0.5
0.6
0.38
0.868421052631579
0.7733333333333333
1.0
0.5793650793650794
0.5740740740740741
0.9019607843137255
0.6111111111111112
0.6538461538461539
0.7727272727272727
0.3148148148148148
0.7457627118644068
0.7702702702702703
0.6304347826086957
0.8870967741935484
0.5581395348837209
0.8333333333333334
0.6129032258064516
0.41379310344827586
0.9146341463414634
1.0
0.72
0.7439024390243902
1.0
0.391304347826087
0.6379310344827587
0.5135135135135135
0.47058823529411764
1.0
0.5869565217391305
0.4074074074074074
0.723404255319149
0.8717948717948718
0.8648648648648649
0.6
0.7068965517241379
0.8837209302325582
0.6486486486486487
0.7073170731707317
1.0
0.7333333333333333
0.7435897435897436
0.7
0.5238095238095238
0.8478260869565217
0.5151515151515151
0.8148148148148148
0.7068965517241379
0.5555555555555556
0.527027027027027
0.4444444444444444
0.5588235294117647
0.6756756756756757
0.43023255813953487
0.5172413793103449
0.5714285714285714
1.0
0.6216216216216216
0.7941176470588235
0.6627906976744186
0.4696969696969697
0.43902439024390244
0.8333333333333334
0.5555555555555556
0.2692307692307692
0.7745098039215687
0.7666666666666667
0.7258064516129032
0.6707317073170732
0.7352941176470589
1.0
0.7456140350877193
0.6296296296296297
0.5641025641025641
0.6176470588235294
0.5606060606060606
0.5094339622641509
0.6379310344827587
0.43333333333333335
0.4666666666666667
0.6086956521739131
0.42857142857142855
0.6739130434782609
0.8692307692307693
1.0
0.5
0.8108108108108109
1.0
0.7162162162162162
0.8703703703703703
0.851063829787234
1.0
0.7307692307692307
0.86
0.5
0.5087719298245614
0.7545454545454545
0.8148148148148148
0.7894736842105263
0.0
0.9222222222222223
0.7352941176470589
0.6836734693877551
0.5784313725490197
0.6376811594202898
0.8478260869565217
0.6692307692307692
0.37142857142857144
0.42592592592592593
0.6190476190476191
1.0
0.6904761904761905
0.9222222222222223
0.7941176470588235
1.0
1.0
0.8095238095238095
0.86
0.6842105263157895
0.38372093023255816
1.0
0.5882352941176471
1.0
0.78
0.7714285714285715
0.6967213114754098
0.7777777777777778
0.7078651685393258
0.46551724137931033
1.0
0.6538461538461539
0.7021276595744681
0.3787878787878788
0.5294117647058824
0.7068965517241379
0.32
0.5888888888888889
1.0
0.5652173913043478
0.8846153846153846
0.39655172413793105
0.38095238095238093
0.5714285714285714
0.8478260869565217
0.9183673469387755
0.4189189189189189
0.64
0.8157894736842105
0.6515151515151515
0.16666666666666666
0.42857142857142855
0.8387096774193549
0.4
0.34782608695652173
0.8484848484848485
0.5483870967741935
0.8090909090909091
0.68
0.8157894736842105
0.8181818181818182
0.16666666666666666
0.3333333333333333
0.5806451612903226
0.627906976744186
0.8372093023255814
0.6585365853658537
0.8979591836734694
0.6538461538461539
0.7804878048780488
0.4523809523809524
0.4482758620689655
1.0
0.6027397260273972
0.7878787878787878
0.7741935483870968
1.0
0.34782608695652173
0.6170212765957447
0.8787878787878788
0.8108108108108109
0.5952380952380952
0.6891891891891891
0.8888888888888888
1.0
0.8484848484848485
0.782608695652174
0.7297297297297297
0.7222222222222222
0.6111111111111112
0.8305084745762712
0.8679245283018868
0.7575757575757576
0.6891891891891891
0.5571428571428572
0.8333333333333334
0.6219512195121951
0.7551020408163265
1.0
0.7948717948717948
0.6756756756756757
0.8846153846153846
0.5769230769230769
0.5975609756097561
0.72
0.5845070422535211
1.0
0.5967741935483871
0.6428571428571429
0.925531914893617
0.7777777777777778
0.6612903225806451
0.7586206896551724
0.8636363636363636
1.0
0.5
0.7027027027027027
0.7941176470588235
0.7090909090909091
0.6864406779661016
0.8333333333333334
0.5540540540540541
0.7887323943661971
0.15789473684210525
0.21428571428571427
1.0
0.5714285714285714
0.3979591836734694
0.7962962962962963
1.0
0.8823529411764706
0.56
0.3235294117647059
0.6111111111111112
0.86
0.5675675675675675
1.0
0.3939393939393939
0.5714285714285714
0.7741935483870968
0.6521739130434783
1.0
0.4782608695652174
0.7142857142857143
0.19230769230769232
0.7878787878787878
0.3484848484848485
0.5
0.58
0.7307692307692307
0.29411764705882354
0.0
0.7666666666666667
0.42857142857142855
0.30434782608695654
1.0
0.36666666666666664
0.7058823529411765
0.3684210526315789
0.44594594594594594
0.2391304347826087
0.3888888888888889
0.4117647058823529
0.7307692307692307
0.6111111111111112
0.5555555555555556
0.72
0.7133333333333334
0.3
0.7526881720430108
0.7131147540983607
0.5
0.36
0.46551724137931033
0.7666666666666667
0.3333333333333333
0.8157894736842105
0.4215686274509804
0.6086956521739131
0.27611940298507465
0.5862068965517241
0.7272727272727273
0.7619047619047619
0.8793103448275862
0.72
0.52
0.39655172413793105
0.62
0.46153846153846156
0.44
0.5606060606060606
1.0
0.5079365079365079
0.6818181818181818
1.0
0.8023255813953488
0.6935483870967742
0.6403508771929824
0.6956521739130435
0.5
0.6335877862595419
0.6914893617021277
0.9206349206349206
0.7910447761194029
0.7333333333333333
0.7878787878787878
0.6129032258064516
0.7941176470588235
0.7222222222222222
0.25757575757575757
0.5571428571428572
0.7307692307692307
1.0
1.0
0.9180327868852459
0.8148148148148148
0.7790697674418605
0.6372549019607843
0.66
0.6372549019607843
1.0
0.8333333333333334
0.7894736842105263
1.0
0.84
0.6818181818181818
0.5
0.5217391304347826
0.8181818181818182
0.5945945945945946
0.391304347826087
0.5172413793103449
0.3333333333333333
0.6
0.5212765957446809
0.7666666666666667
1.0
0.7777777777777778
0.4117647058823529
0.5882352941176471
0.6304347826086957
1.0
1.0
0.4
1.0
0.66
0.8157894736842105
0.8260869565217391
0.3
0.8620689655172413
0.8095238095238095
0.7560975609756098
0.5588235294117647
0.6636363636363637
0.6229508196721312
0.7340425531914894
0.7307692307692307
1.0
0.38461538461538464
0.6506024096385542
0.635593220338983
0.8478260869565217
0.6333333333333333
1.0
0.6395348837209303
0.86
0.3333333333333333
0.0
0.0
0.7307692307692307
0.6956521739130435
0.5294117647058824
0.35714285714285715
0.4117647058823529
0.8103448275862069
0.7560975609756098
0.4222222222222222
0.7741935483870968
0.8243243243243243
0.2857142857142857
0.4
0.5
0.0
0.5816326530612245
1.0
0.6296296296296297
0.7730061349693251
0.6623931623931624
1.0
0.5434782608695652
0.5789473684210527
0.5
0.8157894736842105
1.0
0.6481481481481481
1.0
0.9363636363636364
0.4
0.676923076923077
0.6956521739130435
0.41509433962264153
1.0
0.5238095238095238
0.7790697674418605
0.6896551724137931
0.8333333333333334
0.3333333333333333
0.8
0.6909090909090909
0.5476190476190477
1.0
0.6046511627906976
0.40476190476190477
0.8478260869565217
0.72
0.7307692307692307
1.0
0.6282051282051282
0.4482758620689655
1.0
0.7586206896551724
0.8108108108108109
0.7959183673469388
0.6891891891891891
0.4666666666666667
0.7
0.21428571428571427
0.7941176470588235
0.4473684210526316
0.6129032258064516
0.5
0.8181818181818182
0.15384615384615385
0.7741935483870968
0.7878787878787878
0.6025641025641025
0.6666666666666666
0.43333333333333335
0.5652173913043478
1.0
0.6351351351351351
0.7941176470588235
0.4263157894736842
0.2692307692307692
1.0
0.5517241379310345
0.3888888888888889
0.6792452830188679
0.3888888888888889
0.7666666666666667
1.0
1.0
0.6363636363636364
0.43333333333333335
0.47058823529411764
1.0
0.5
0.5
0.6190476190476191
0.7941176470588235
0.6111111111111112
0.696078431372549
0.5882352941176471
0.6111111111111112
0.6086956521739131
0.3333333333333333
0.07142857142857142
0.6311475409836066
0.7222222222222222
0.6333333333333333
0.7307692307692307
0.8181818181818182
0.5647058823529412
0.7333333333333333
0.3333333333333333
1.0
0.7714285714285715
0.8709677419354839
0.6363636363636364
0.7959183673469388
1.0
0.6764705882352942
0.5333333333333333
0.8372093023255814
0.6428571428571429
0.2
0.6363636363636364
0.7909090909090909
1.0
0.7612612612612613
0.949438202247191
0.8333333333333334
0.8979591836734694
0.8333333333333334
0.7368421052631579
0.6511627906976745
0.8478260869565217
0.7037037037037037
0.7258064516129032
0.8
0.9047619047619048
1.0
0.6818181818181818
0.26
0.7666666666666667
0.7777777777777778
1.0
0.927536231884058
0.4032258064516129
0.5645161290322581
0.6571428571428571
0.4782608695652174
0.5
0.6818181818181818
0.3181818181818182
0.7
0.5161290322580645
0.3275862068965517
0.47560975609756095
0.5633802816901409
0.5490196078431373
0.8360655737704918
0.8205128205128205
0.8484848484848485
1.0
0.6181818181818182
0.6610169491525424
0.8061224489795918
1.0
0.6226415094339622
0.7666666666666667
0.86
0.7127659574468085
0.7162162162162162
0.7051282051282052
0.4146341463414634
0.5714285714285714
0.5222222222222223
0.6666666666666666
0.5098039215686274
0.627906976744186
0.47560975609756095
0.6956521739130435
0.38461538461538464
0.5967741935483871
0.627906976744186
0.5679012345679012
0.1111111111111111
0.6707317073170732
0.5789473684210527
0.7380952380952381
0.2857142857142857
0.5
0.5689655172413793
0.7666666666666667
1.0
0.5
1.0
0.4473684210526316
1.0
1.0
0.9146341463414634
0.6351351351351351
0.5289855072463768
0.5
1.0
0.6311475409836066
0.6956521739130435
0.5882352941176471
0.5769230769230769
0.5967741935483871
0.8823529411764706
0.7962962962962963
0.7878787878787878
0.8108108108108109
0.5945945945945946
0.66
0.5846153846153846
0.8478260869565217
0.6333333333333333
0.2894736842105263
0.8484848484848485
1.0
0.7090909090909091
1.0
0.7297297297297297
0.8947368421052632
1.0
0.42857142857142855
0.09090909090909091
0.7962962962962963
0.6923076923076923
0.7941176470588235
0.8333333333333334
0.8157894736842105
0.7666666666666667
0.873015873015873
0.86
0.7619047619047619
0.7558139534883721
0.5
0.8837209302325582
1.0
0.8793103448275862
0.6818181818181818
0.6379310344827587
0.3684210526315789
0.46
0.626984126984127
0.48484848484848486
0.4782608695652174
0.46153846153846156
0.6818181818181818
0.6081081081081081
0.7674418604651163
0.6551724137931034
0.684931506849315
0.41935483870967744
0.6111111111111112
0.30434782608695654
1.0
0.9054054054054054
0.8703703703703703
0.4358974358974359
0.6376811594202898
0.35294117647058826
0.8181818181818182
0.5666666666666667
0.6578947368421053
1.0
0.5540540540540541
0.711764705882353
0.6758241758241759
1.0
0.9461538461538461
0.9108910891089109
0.6846153846153846
0.6984126984126984
0.7209302325581395
0.7769230769230769
0.8032786885245902
0.509090909090909
0.4935064935064935
0.7567567567567568
0.8793103448275862
0.6777777777777778
0.6075949367088608
0.7857142857142857
0.5222222222222223
0.4696969696969697
0.4473684210526316
0.6727272727272727
0.603448275862069
0.6956521739130435
0.5862068965517241
0.44680851063829785
0.8181818181818182
0.5526315789473685
0.5333333333333333
0.7017543859649122
0.13636363636363635
1.0
1.0
0.7078651685393258
0.5943396226415094
0.6368421052631579
0.6455696202531646
0.7176470588235294
0.6612903225806451
0.42105263157894735
0.7068965517241379
0.7222222222222222
0.5333333333333333
1.0
0.6794871794871795
0.7037037037037037
0.2605633802816901
0.7906976744186046
1.0
0.7818181818181819
0.7258064516129032
0.7567567567567568
0.00847457627118644
0.5363636363636364
0.6714285714285714
0.8
0.8936170212765957
0.7681159420289855
0.7941176470588235
1.0
0.3333333333333333
0.5975609756097561
0.6142857142857143
0.6530612244897959
0.7459016393442623
0.7608695652173914
0.5
0.35714285714285715
0.2903225806451613
0.8148148148148148
0.58
0.6485148514851485
0.711864406779661
0.6791044776119403
0.82
0.8484848484848485
0.46
0.6851851851851852
0.5434782608695652
0.7142857142857143
0.5526315789473685
0.3333333333333333
0.9
0.5
0.4489795918367347
0.2872340425531915
0.9186046511627907
0.6896551724137931
0.7688172043010753
0.7941176470588235
0.7142857142857143
0.6379310344827587
0.6568627450980392
0.8620689655172413
0.8888888888888888
0.41025641025641024
0.6571428571428571
0.45121951219512196
0.6627906976744186
0.78
1.0
1.0
0.531578947368421
0.5709677419354838
0.23875432525951557
0.5254777070063694
0.6923076923076923
0.6910112359550562
0.54
0.5350877192982456
0.8780487804878049
0.6444444444444445
0.4126984126984127
0.7692307692307693
0.7058823529411765
0.7933333333333333
0.5714285714285714
0.6290322580645161
0.6885245901639344
0.4878048780487805
0.7926829268292683
0.851063829787234
0.8888888888888888
0.4897959183673469
0.6518987341772152
0.16666666666666666
0.8142857142857143
0.8793103448275862
0.7340425531914894
0.7333333333333333
0.7941176470588235
0.776595744680851
0.8191489361702128
0.5555555555555556
0.5638297872340425
1.0
0.826530612244898
0.634453781512605
0.6
0.7641509433962265
0.8372093023255814
0.6111111111111112
0.4666666666666667
0.26666666666666666
0.7307692307692307
0.3235294117647059
0.6764705882352942
0.782608695652174
0.5
0.5
0.26
0.86
0.7666666666666667
0.6987951807228916
0.8148148148148148
0.7307692307692307
0.68
0.5952380952380952
0.803921568627451
0.5901639344262295
0.7941176470588235
0.5588235294117647
1.0
0.7804878048780488
0.47368421052631576
0.6929824561403509
0.7068965517241379
0.8588235294117647
0.74
0.8768115942028986
0.16666666666666666
0.6475409836065574
0.47183098591549294
0.5844155844155844
0.3333333333333333
0.2
0.0
0.0
0.9047619047619048
0.8571428571428571
0.8947368421052632
0.5909090909090909
0.7204301075268817
0.7253521126760564
0.7666666666666667
0.6818181818181818
1.0
0.7941176470588235
0.7941176470588235
1.0
0.7741935483870968
0.8333333333333334
0.8979591836734694
0.6764705882352942
0.5571428571428572
0.9186046511627907
0.5952380952380952
0.8571428571428571
0.7567567567567568
0.23333333333333334
0.5789473684210527
0.6379310344827587
0.8157894736842105
0.6363636363636364
0.7413793103448276
0.4883720930232558
0.4142857142857143
0.7666666666666667
0.6410256410256411
0.6909090909090909
1.0
0.6808510638297872
0.7560975609756098
0.9354838709677419
0.6698113207547169
0.47368421052631576
0.8478260869565217
0.8333333333333334
0.4888888888888889
0.43333333333333335
0.7244897959183674
0.5461538461538461
0.2857142857142857
0.4714285714285714
0.3
0.9285714285714286
0.8939393939393939
0.7424242424242424
0.5350877192982456
0.58
0.627906976744186
0.7424242424242424
0.8947368421052632
1.0
0.7424242424242424
0.8870967741935484
0.86
0.7307692307692307
0.16666666666666666
0.42857142857142855
0.7941176470588235
0.7727272727272727
0.7222222222222222
0.8955223880597015
0.6176470588235294
0.9461538461538461
0.8111111111111111
0.7333333333333333
0.7121212121212122
0.8508771929824561
1.0
0.8275862068965517
0.5
0.46808510638297873
0.5818181818181818
0.6951219512195121
0.6538461538461539
1.0
0.6190476190476191
0.38095238095238093
0.5769230769230769
1.0
0.7545454545454545
0.7619047619047619
0.8260869565217391
0.3888888888888889
0.8813559322033898
0.4230769230769231
0.16666666666666666
0.6111111111111112
0.86
0.9019607843137255
0.5862068965517241
0.6666666666666666
0.5652173913043478
0.7674418604651163
0.5806451612903226
0.7439024390243902
0.7666666666666667
0.8023255813953488
1.0
0.42857142857142855
0.0
0.8157894736842105
0.5526315789473685
0.6666666666666666
0.872093023255814
0.6481481481481481
0.5172413793103449
0.21428571428571427
0.7608695652173914
0.7666666666666667
0.6818181818181818
0.5
0.7666666666666667
0.759493670886076
0.680952380952381
0.8157894736842105
0.23529411764705882
0.5975609756097561
1.0
0.7285714285714285
0.6914893617021277
0.8717948717948718
0.6551724137931034
0.6
0.8923076923076924
0.8975903614457831
0.8870967741935484
1.0
0.8793103448275862
0.7307692307692307
0.16666666666666666
0.0
1.0
0.48484848484848486
0.5256410256410257
0.6111111111111112
1.0
0.6176470588235294
0.6
0.6567164179104478
0.5769230769230769
0.6923076923076923
0.8414634146341463
0.5040650406504065
0.36666666666666664
0.7318840579710145
1.0
0.6
1.0
0.42857142857142855
0.5853658536585366
0.1956521739130435
0.45652173913043476
0.5344827586206896
0.35074626865671643
0.7402597402597403
0.7076923076923077
0.6888888888888889
0.5
0.5641025641025641
0.7926829268292683
0.5641025641025641
0.46703296703296704
0.5526315789473685
0.4090909090909091
0.4752475247524752
0.41304347826086957
0.47297297297297297
0.5
1.0
0.6129032258064516
1.0
0.8478260869565217
0.6882352941176471
0.660377358490566
0.8703703703703703
0.7105263157894737
0.6923076923076923
0.6216216216216216
0.18421052631578946
0.782608695652174
0.4
1.0
0.7063492063492064
0.7796610169491526
0.8902439024390244
0.8870967741935484
0.6568627450980392
0.8275862068965517
1.0
0.8703703703703703
0.7358490566037735
0.8153153153153153
0.8478260869565217
0.78
0.8589743589743589
0.7560975609756098
0.7238805970149254
0.7289719626168224
0.8650793650793651
0.6891891891891891
0.654320987654321
0.6282051282051282
0.7597402597402597
0.5862068965517241
0.7671232876712328
0.8292682926829268
0.9393939393939394
0.76
0.8173913043478261
0.9047619047619048
0.26666666666666666
0.3333333333333333
0.1111111111111111
0.6470588235294118
0.05555555555555555
0.8793103448275862
0.8837209302325582
0.6956521739130435
1.0
0.2
1.0
0.6521739130434783
0.6341463414634146
1.0
1.0
1.0
0.803921568627451
0.8571428571428571
1.0
0.48148148148148145
0.86
0.7571428571428571
0.7878787878787878
1.0
0.8111111111111111
1.0
0.9102564102564102
0.7384615384615385
0.7941176470588235
0.7962962962962963
0.8333333333333334
0.86
0.9054054054054054
0.9102564102564102
0.6836734693877551
0.6666666666666666
0.7771084337349398
1.0
1.0
0.7
1.0
0.5161290322580645
0.4189189189189189
1.0
0.8157894736842105
0.8478260869565217
0.7894736842105263
0.7307692307692307
0.5517241379310345
0.5581395348837209
0.7358490566037735
0.855072463768116
0.8082191780821918
0.34285714285714286
0.72
0.42857142857142855
0.5
0.8444444444444444
0.5789473684210527
0.8157894736842105
0.5384615384615384
0.9102564102564102
0.6379310344827587
0.6111111111111112
1.0
0.5319148936170213
0.46153846153846156
0.7181818181818181
0.7033898305084746
0.8793103448275862
0.5952380952380952
0.6333333333333333
0.581081081081081
0.3076923076923077
0.8461538461538461
0.9
0.8333333333333334
1.0
0.7872340425531915
0.7456140350877193
0.6923076923076923
0.5882352941176471
0.9102564102564102
0.6792452830188679
1.0
0.47435897435897434
0.7435897435897436
1.0
1.0
0.8275862068965517
0.8648648648648649
0.8023255813953488
0.7941176470588235
0.8
0.18181818181818182
0.8157894736842105
0.8692307692307693
0.7352941176470589
0.8275862068965517
0.8387096774193549
1.0
0.8360655737704918
0.6086956521739131
0.5188679245283019
0.7682926829268293
0.6370370370370371
0.7209302325581395
0.7545454545454545
0.4824561403508772
0.826530612244898
0.5586206896551724
0.5409836065573771
0.5306122448979592
0.07142857142857142
0.6111111111111112
0.47368421052631576
0.6956521739130435
0.5526315789473685
0.7698412698412699
0.7368421052631579
0.5882352941176471
0.7807017543859649
0.7153846153846154
0.8444444444444444
0.6027397260273972
0.42105263157894735
0.16666666666666666
0.3333333333333333
0.5517241379310345
0.3333333333333333
0.39655172413793105
0.7435897435897436
0.8333333333333334
0.7777777777777778
0.631578947368421
0.927536231884058
0.3333333333333333
0.860655737704918
0.8157894736842105
0.5
0.782608695652174
0.5588235294117647
0.6756756756756757
1.0
0.3181818181818182
0.7315789473684211
0.782608695652174
0.7608695652173914
0.7808988764044944
0.7058823529411765
0.6351351351351351
0.6951219512195121
1.0
0.3888888888888889
0.5
0.8921568627450981
0.5945945945945946
0.6222222222222222
0.7
0.603448275862069
0.48360655737704916
0.5934065934065934
0.5102040816326531
0.8780487804878049
0.8870967741935484
0.6231884057971014
0.6320754716981132
0.8979591836734694
1.0
0.8717948717948718
0.8111111111111111
1.0
1.0
0.38095238095238093
0.9122807017543859
0.8802816901408451
0.7941176470588235
0.7972972972972973
0.5333333333333333
0.5370370370370371
1.0
0.5
1.0
0.6851851851851852
0.8793103448275862
1.0
0.5769230769230769
0.42857142857142855
0.68
0.6274509803921569
0.8225806451612904
0.6818181818181818
0.631578947368421
0.6666666666666666
0.6470588235294118
1.0
0.7446808510638298
0.38461538461538464
1.0
0.7333333333333333
0.3888888888888889
0.6779661016949152
0.42857142857142855
0.7857142857142857
0.9
1.0
0.7682926829268293
0.9146341463414634
0.574468085106383
0.9146341463414634
0.9382716049382716
0.54
0.7307692307692307
0.6
0.0
1.0
0.8870967741935484
1.0
0.8
1.0
1.0
0.3333333333333333
0.8939393939393939
0.7008547008547008
0.6721311475409836
0.8013698630136986
0.7777777777777778
0.8571428571428571
0.9156626506024096
0.8444444444444444
1.0
0.8559322033898306
0.9222222222222223
0.3333333333333333
0.6551724137931034
0.8157894736842105
0.6885245901639344
0.6825396825396826
0.5465116279069767
0.7535211267605634
0.8428571428571429
0.7183098591549296
0.9285714285714286
0.7435897435897436
0.8478260869565217
0.8108108108108109
0.7258064516129032
0.86
0.7777777777777778
0.8571428571428571
0.7666666666666667
1.0
0.8111111111111111
1.0
0.6792452830188679
0.8513513513513513
0.6372549019607843
0.9056603773584906
0.7857142857142857
0.66
0.7
0.7258064516129032
0.7441860465116279
0.7702702702702703
0.66
0.8
0.7857142857142857
0.9230769230769231
0.4827586206896552
0.49230769230769234
0.573170731707317
1.0
0.8947368421052632
0.782051282051282
0.5573770491803278
0.574468085106383
0.8205128205128205
0.5
0.6428571428571429
0.8737373737373737
0.5344827586206896
1.0
0.5263157894736842
0.4230769230769231
0.6111111111111112
0.82
0.6707317073170732
0.7571428571428571
0.8043478260869565
0.92
0.36
0.6739130434782609
0.6216216216216216
0.40540540540540543
0.7702702702702703
0.4838709677419355
0.5561797752808989
0.6349206349206349
0.86
0.20877192982456141
0.8780487804878049
0.5901639344262295
0.8793103448275862
0.5
0.6864406779661016
0.6842105263157895
0.42857142857142855
0.7407407407407407
0.782051282051282
0.8275862068965517
0.5263157894736842
0.7941176470588235
0.6666666666666666
0.7878787878787878
0.6530612244897959
0.7816901408450704
0.6829268292682927
0.6111111111111112
0.6923076923076923
0.3333333333333333
0.1
0.038461538461538464
0.7307692307692307
0.4
0.8852459016393442
0.8870967741935484
0.7533333333333333
1.0
0.8208955223880597
0.8157894736842105
0.7543859649122807
0.0
0.0
0.8870967741935484
0.9054054054054054
0.5945945945945946
0.9339622641509434
0.6836734693877551
0.8939393939393939
0.6744186046511628
0.8255813953488372
0.9363636363636364
0.6666666666666666
0.8333333333333334
0.6609195402298851
0.5862068965517241
0.6794871794871795
0.7112676056338029
0.782608695652174
0.8333333333333334
0.5849056603773585
0.6956521739130435
0.8181818181818182
0.6632653061224489
0.8395061728395061
0.746031746031746
0.826530612244898
1.0
0.6285714285714286
0.8090909090909091
0.8048780487804879
0.8802816901408451
0.8608247422680413
0.3181818181818182
0.6774193548387096
0.8043478260869565
0.6304347826086957
0.8478260869565217
0.631578947368421
0.803030303030303
0.7407407407407407
0.8870967741935484
0.47297297297297297
1.0
0.631578947368421
0.5652173913043478
0.6272727272727273
0.8108108108108109
1.0
0.7301587301587301
0.8333333333333334
0.7407407407407407
1.0
0.8802816901408451
0.6557377049180327
0.3333333333333333
0.49295774647887325
0.8979591836734694
1.0
0.8032786885245902
0.7380952380952381
1.0
0.6951219512195121
0.7183098591549296
1.0
0.7887323943661971
0.7716049382716049
0.6086956521739131
0.86
0.3
1.0
0.8870967741935484
0.7804878048780488
0.23333333333333334
0.4576271186440678
0.7586206896551724
0.8802816901408451
0.7407407407407407
0.8291139240506329
0.07142857142857142
0.8461538461538461
0.5512820512820513
0.8333333333333334
0.6046511627906976
0.2894736842105263
0.8
0.8301886792452831
0.5789473684210527
0.5135135135135135
0.7666666666666667
0.16666666666666666
0.5
0.8589743589743589
0.4634146341463415
0.5641025641025641
0.42857142857142855
0.6891891891891891
0.2826086956521739
0.6923076923076923
0.5757575757575758
0.6666666666666666
0.5476190476190477
0.5526315789473685
0.8108108108108109
0.6410256410256411
0.5454545454545454
0.6132075471698113
0.6410256410256411
0.3333333333333333
1.0
0.6481481481481481
0.7333333333333333
0.6727272727272727
0.8484848484848485
0.776595744680851
0.86
0.38
0.7637362637362637
0.8783783783783784
1.0
0.9285714285714286
0.8802816901408451
0.8387096774193549
0.7142857142857143
1.0
0.6956521739130435
0.7571428571428571
0.7380952380952381
0.5454545454545454
0.7380952380952381
0.7096774193548387
0.7666666666666667
0.34782608695652173
0.8333333333333334
0.46774193548387094
0.8448275862068966
0.8837209302325582
0.2692307692307692
0.581081081081081
0.8860759493670886
0.7169811320754716
0.6621621621621622
0.8333333333333334
0.6274509803921569
0.9206349206349206
0.9146341463414634
0.8589743589743589
0.9122807017543859
0.7307692307692307
0.8111111111111111
0.3870967741935484
1.0
0.9272727272727272
0.8478260869565217
0.7865168539325843
1.0
0.7830188679245284
0.7910447761194029
0.8461538461538461
0.860655737704918
0.7641509433962265
0.6428571428571429
0.8703703703703703
0.4482758620689655
0.6470588235294118
0.7333333333333333
0.8478260869565217
0.45161290322580644
0.7647058823529411
0.37037037037037035
0.8734177215189873
0.927536231884058
1.0
0.5714285714285714
0.5180722891566265
0.8591549295774648
1.0
0.7888888888888889
0.7608695652173914
0.43023255813953487
0.5753424657534246
0.8108108108108109
0.8870967741935484
0.5777777777777777
0.7972972972972973
0.8513513513513513
0.9152542372881356
0.7307692307692307
0.3333333333333333
0.3333333333333333
1.0
0.7941176470588235
0.8717948717948718
0.8333333333333334
1.0
1.0
0.841726618705036
0.7238805970149254
0.6304347826086957
0.6851851851851852
0.5370370370370371
0.48148148148148145
0.8703703703703703
0.5963855421686747
0.6351351351351351
0.9186046511627907
1.0
0.6923076923076923
0.5370370370370371
0.6538461538461539
0.7711864406779662
0.6956521739130435
0.6896551724137931
0.639344262295082
0.7631578947368421
0.5
0.6
1.0
0.7380952380952381
0.6111111111111112
0.5882352941176471
0.41304347826086957
0.16666666666666666
0.5
0.5370370370370371
0.7368421052631579
0.5212765957446809
0.603448275862069
1.0
0.8333333333333334
0.5
0.36
0.3
0.4090909090909091
1.0
0.3888888888888889
0.5490196078431373
0.46226415094339623
0.7017543859649122
0.8333333333333334
0.782608695652174
0.527027027027027
0.44871794871794873
0.58
0.35294117647058826
1.0
0.5526315789473685
0.8454545454545455
0.8115942028985508
0.8148148148148148
0.8717948717948718
0.6358024691358025
0.5510204081632653
1.0
0.4528301886792453
1.0
0.7446808510638298
0.5774647887323944
0.4057971014492754
1.0
0.673469387755102
0.7241379310344828
0.64
1.0
0.46296296296296297
0.58
0.8431372549019608
0.6585365853658537
0.6627906976744186
0.7590361445783133
0.8275862068965517
1.0
0.5645161290322581
0.5348837209302325
0.84
0.46153846153846156
0.8783783783783784
0.7966101694915254
0.72
0.8478260869565217
1.0
0.532258064516129
0.8023255813953488
0.7209302325581395
0.7333333333333333
0.7952380952380952
0.7191011235955056
0.9
0.8333333333333334
0.6122448979591837
0.6
0.27586206896551724
0.41379310344827586
0.6333333333333333
0.5384615384615384
0.4696969696969697
1.0
0.4473684210526316
0.5163934426229508
0.5897435897435898
0.8947368421052632
0.5869565217391305
0.4444444444444444
0.5
0.8305084745762712
0.5263157894736842
0.5540540540540541
0.23333333333333334
0.7
0.7336448598130841
0.4322033898305085
0.5677966101694916
0.5652173913043478
0.5487804878048781
0.7790697674418605
0.6818181818181818
0.3898305084745763
0.8783783783783784
0.7545454545454545
0.6304347826086957
0.7966101694915254
0.45161290322580644
1.0
0.7307692307692307
0.7666666666666667
0.13636363636363635
0.5909090909090909
0.4074074074074074
0.8181818181818182
0.6666666666666666
0.8481012658227848
0.6639344262295082
0.9102564102564102
0.9102564102564102
0.672514619883041
0.7033898305084746
1.0
0.7435897435897436
0.5483870967741935
0.68
0.7078651685393258
0.8478260869565217
0.631578947368421
0.9186046511627907
0.7941176470588235
0.7368421052631579
1.0
0.782051282051282
0.3728813559322034
0.8354430379746836
0.8692307692307693
0.6818181818181818
0.6609195402298851
0.7162162162162162
0.925531914893617
0.6666666666666666
0.5555555555555556
0.4222222222222222
0.8333333333333334
0.5
1.0
0.41025641025641024
0.9310344827586207
0.5975609756097561
0.4666666666666667
0.4696969696969697
0.8793103448275862
0.8478260869565217
0.6818181818181818
0.15384615384615385
0.7941176470588235
0.6410256410256411
0.7735849056603774
0.4074074074074074
0.8157894736842105
1.0
0.7702702702702703
0.8703703703703703
0.6929824561403509
0.5701754385964912
0.5882352941176471
0.8043478260869565
0.8703703703703703
0.6228070175438597
0.5116279069767442
0.6555555555555556
0.6636363636363637
0.527027027027027
0.7666666666666667
0.7318840579710145
0.8272727272727273
0.9186046511627907
0.5609756097560976
0.7176470588235294
0.6363636363636364
0.6428571428571429
0.3888888888888889
0.7446808510638298
0.7786885245901639
0.8235294117647058
0.38461538461538464
0.5
0.6779661016949152
0.2391304347826087
0.46078431372549017
0.16
0.7571428571428571
0.7402597402597403
0.7162162162162162
0.8734939759036144
0.8389830508474576
0.16666666666666666
0.16666666666666666
0.16666666666666666
0.6111111111111112
0.16666666666666666
0.9363636363636364
0.8979591836734694
0.42857142857142855
0.6363636363636364
0.84
0.6333333333333333
0.7101449275362319
0.8877551020408163
0.8372093023255814
0.6811594202898551
0.7038834951456311
0.7333333333333333
0.5
0.0
0.42592592592592593
0.8478260869565217
0.7096774193548387
0.7424242424242424
0.5
0.2857142857142857
0.4189189189189189
0.7941176470588235
0.8333333333333334
0.7941176470588235
0.6060606060606061
0.839622641509434
0.8157894736842105
0.3888888888888889
1.0
0.7941176470588235
0.7941176470588235
0.8023255813953488
1.0
0.4523809523809524
0.36363636363636365
0.5789473684210527
0.6818181818181818
0.8235294117647058
0.8333333333333334
0.8421052631578947
0.5116279069767442
0.7536231884057971
0.8888888888888888
0.6428571428571429
0.7333333333333333
0.4262295081967213
0.6829268292682927
0.7777777777777778
0.5846153846153846
0.6304347826086957
0.66
0.7111111111111111
0.9222222222222223
0.6037735849056604
0.8650793650793651
0.7545454545454545
0.86
0.863013698630137
0.8015873015873016
0.6612903225806451
0.6216216216216216
0.6813186813186813
0.7181818181818181
0.7987012987012987
1.0
0.5102040816326531
0.4803921568627451
0.5294117647058824
1.0
0.9230769230769231
0.7272727272727273
0.6086956521739131
0.8157894736842105
0.5306122448979592
0.6274509803921569
0.6493506493506493
0.5
0.6509433962264151
0.6698113207547169
0.5849056603773585
0.7195121951219512
0.5
0.3
1.0
0.6451612903225806
0.4661016949152542
0.7586206896551724
0.7209302325581395
0.40476190476190477
1.0
0.5
0.6025641025641025
0.34285714285714286
1.0
0.43478260869565216
0.3684210526315789
0.6521739130434783
0.5
0.7586206896551724
0.5714285714285714
0.6296296296296297
1.0
0.7424242424242424
0.4090909090909091
0.7162162162162162
1.0
0.5434782608695652
0.9056603773584906
0.5555555555555556
0.7941176470588235
0.8793103448275862
0.86
0.8650793650793651
0.5111111111111111
0.6086956521739131
0.7745098039215687
0.3333333333333333
0.0
1.0
0.9146341463414634
0.8148148148148148
1.0
0.86
1.0
0.6111111111111112
1.0
0.8484848484848485
0.8292682926829268
1.0
0.3333333333333333
0.7258064516129032
0.7073170731707317
0.2857142857142857
1.0
0.5370370370370371
0.72
0.8666666666666667
0.6379310344827587
0.7
1.0
0.782051282051282
0.631578947368421
1.0
0.8157894736842105
0.7978723404255319
0.7878787878787878
0.7972972972972973
1.0
1.0
0.7666666666666667
0.808641975308642
0.8620689655172413
0.8939393939393939
0.7325581395348837
0.5862068965517241
0.9393939393939394
0.66
0.3333333333333333
0.8444444444444444
0.6129032258064516
0.5526315789473685
0.8015873015873016
0.6363636363636364
0.8278688524590164
0.6910569105691057
0.7439024390243902
0.7136752136752137
0.6655629139072847
0.7297297297297297
1.0
1.0
0.8620689655172413
0.8356164383561644
1.0
0.804635761589404
0.7476635514018691
0.8245614035087719
0.8529411764705882
0.711864406779661
1.0
0.6724137931034483
0.7058823529411765
0.7692307692307693
0.7666666666666667
0.7272727272727273
0.551948051948052
0.7133333333333334
0.7424242424242424
0.7307692307692307
0.46
0.5487804878048781
1.0
0.6949152542372882
0.647887323943662
0.6746031746031746
0.7926829268292683
0.5652173913043478
0.556910569105691
1.0
0.8372093023255814
0.5526315789473685
0.6153846153846154
0.654639175257732
0.42857142857142855
0.8278688524590164
0.9024390243902439
0.940677966101695
0.860655737704918
0.9295774647887324
0.9205607476635514
0.8157894736842105
0.8786407766990292
1.0
0.7235294117647059
0.7666666666666667
0.9146341463414634
0.6981132075471698
0.9295774647887324
0.7352941176470589
0.7280701754385965
1.0
0.8979591836734694
0.6282051282051282
0.7380952380952381
0.6555555555555556
0.7307692307692307
0.6666666666666666
0.8717948717948718
0.8114754098360656
0.8113207547169812
0.7555555555555555
0.8148148148148148
1.0
0.9186046511627907
0.7741935483870968
1.0
0.7741935483870968
0.8698630136986302
0.8939393939393939
0.8571428571428571
0.6851851851851852
0.6967213114754098
0.7848101265822784
0.5434782608695652
0.7285714285714285
0.7028985507246377
0.8837209302325582
0.8939393939393939
0.46153846153846156
0.7333333333333333
0.7289156626506024
0.7903225806451613
0.6702127659574468
0.8372093023255814
0.8260869565217391
1.0
0.9426229508196722
0.8037974683544303
1.0
0.7358490566037735
0.5094339622641509
0.8870967741935484
0.9146341463414634
0.4230769230769231
0.8478260869565217
0.6212121212121212
0.6119402985074627
0.6851851851851852
0.8888888888888888
0.7906976744186046
0.696969696969697
0.5344827586206896
0.5
0.7068965517241379
0.7333333333333333
0.660377358490566
0.7741935483870968
0.7280701754385965
0.8793103448275862
0.8275862068965517
0.5
0.7560975609756098
0.8305084745762712
1.0
0.44871794871794873
0.5806451612903226
1.0
0.9487179487179487
0.5
0.8518518518518519
0.8709677419354839
0.8939393939393939
0.7037037037037037
0.8157894736842105
0.7647058823529411
0.5697674418604651
0.7941176470588235
0.8793103448275862
0.8870967741935484
0.7121212121212122
0.839622641509434
0.8508771929824561
0.8354430379746836
1.0
1.0
0.5697674418604651
0.8181818181818182
0.86
0.8444444444444444
0.9285714285714286
0.4626865671641791
1.0
0.8428571428571429
0.6612903225806451
0.8985507246376812
0.42857142857142855
1.0
0.8484848484848485
0.6020408163265306
0.7571428571428571
0.5370370370370371
0.4818181818181818
0.7545454545454545
0.4888888888888889
0.8157894736842105
0.5135135135135135
0.8904109589041096
0.6382978723404256
0.8870967741935484
0.839622641509434
0.6
0.7647058823529411
0.7627118644067796
0.7926829268292683
0.9426229508196722
0.9056603773584906
0.6666666666666666
0.823943661971831
0.8275862068965517
0.5707964601769911
0.8076923076923077
1.0
0.7571428571428571
0.6739130434782609
0.8023255813953488
0.8018867924528302
0.7073170731707317
0.7272727272727273
0.8508771929824561
0.925531914893617
0.7
0.36
0.8
0.8181818181818182
0.8278688524590164
0.6975308641975309
0.7297297297297297
0.686046511627907
0.6206896551724138
0.7142857142857143
0.5
0.5289855072463768
1.0
0.6065573770491803
0.6549295774647887
0.6621621621621622
0.6530612244897959
0.7424242424242424
0.6463414634146342
0.577922077922078
0.7307692307692307
0.6493506493506493
0.6712328767123288
0.6216216216216216
0.6428571428571429
0.5461538461538461
0.8113207547169812
0.8095238095238095
0.7454545454545455
0.7058823529411765
0.6043956043956044
0.8
0.8703703703703703
1.0
0.8846153846153846
1.0
0.532258064516129
0.6111111111111112
0.8032786885245902
0.8082191780821918
0.8478260869565217
0.7435897435897436
0.6666666666666666
0.6651376146788991
0.7063492063492064
0.7790697674418605
1.0
1.0
0.8372093023255814
0.927536231884058
0.8095238095238095
1.0
1.0
0.8431372549019608
0.7941176470588235
0.8076923076923077
0.4473684210526316
0.9222222222222223
0.7777777777777778
0.5
0.8979591836734694
0.753731343283582
0.8444444444444444
0.8333333333333334
0.6224489795918368
0.686046511627907
0.6818181818181818
0.6181818181818182
0.7432432432432432
0.6155778894472361
0.6565656565656566
0.5909090909090909
0.6935483870967742
0.6896551724137931
0.86
0.8734177215189873
1.0
1.0
0.6304347826086957
0.7536231884057971
0.515748031496063
0.36585365853658536
0.8703703703703703
0.8627450980392157
0.8387096774193549
0.8272727272727273
0.8089887640449438
0.9285714285714286
0.82
0.7786885245901639
0.8982300884955752
0.8548387096774194
0.8275862068965517
0.7692307692307693
0.6666666666666666
0.4
1.0
1.0
0.49206349206349204
0.7432432432432432
1.0
0.8163265306122449
0.726027397260274
0.8717948717948718
0.6492537313432836
0.7610619469026548
0.7307692307692307
1.0
0.86
0.7674418604651163
1.0
0.8902439024390244
0.8508771929824561
1.0
0.9315068493150684
0.688034188034188
0.9504950495049505
0.7258064516129032
0.8333333333333334
0.935064935064935
0.855072463768116
0.7634408602150538
1.0
0.8941176470588236
1.0
0.2894736842105263
0.3979591836734694
0.5769230769230769
1.0
0.47058823529411764
0.6555555555555556
0.8495934959349594
0.66
0.6666666666666666
0.898876404494382
0.6883116883116883
0.7608695652173914
0.54
0.7052631578947368
0.6564625850340136
0.8793103448275862
0.8484848484848485
0.7888888888888889
0.7692307692307693
0.8148148148148148
0.7671232876712328
0.8018867924528302
0.8095238095238095
0.8225806451612904
0.2857142857142857
1.0
0.9146341463414634
0.7258064516129032
0.8837209302325582
0.6721311475409836
1.0
0.7666666666666667
0.7540983606557377
0.8207547169811321
0.8133333333333334
0.6829268292682927
1.0
0.8333333333333334
0.8478260869565217
0.7619047619047619
0.6818181818181818
0.8032786885245902
0.9313725490196079
0.5882352941176471
0.6808510638297872
0.5980392156862745
0.8220338983050848
1.0
0.9024390243902439
0.7666666666666667
0.8157894736842105
0.48484848484848486
0.9
0.8939393939393939
0.34615384615384615
0.5980392156862745
0.5769230769230769
0.7195121951219512
0.6060606060606061
0.6842105263157895
0.7
1.0
0.8113207547169812
0.9102564102564102
0.8103448275862069
0.8793103448275862
0.5943396226415094
0.5348837209302325
0.6818181818181818
0.8793103448275862
0.7686567164179104
0.6206896551724138
0.7536231884057971
0.782051282051282
0.9
0.7278481012658228
1.0
0.6627906976744186
0.9146341463414634
0.782608695652174
0.572463768115942
0.7435897435897436
0.9186046511627907
0.5373134328358209
0.7586206896551724
1.0
0.7456140350877193
0.782051282051282
0.635593220338983
0.7025316455696202
0.8394495412844036
0.6341463414634146
0.8111111111111111
0.532258064516129
0.72
0.9461538461538461
0.9113924050632911
0.8979591836734694
0.740506329113924
0.7307692307692307
0.6363636363636364
0.7682926829268293
0.7719298245614035
0.6904761904761905
0.6764705882352942
0.4111111111111111
0.82
0.49230769230769234
0.5256410256410257
0.8367346938775511
0.6428571428571429
0.8655913978494624
0.5769230769230769
0.14285714285714285
0.740506329113924
0.6666666666666666
0.8105263157894737
0.9222222222222223
0.8142857142857143
0.6333333333333333
0.5714285714285714
0.7380952380952381
0.42
0.696078431372549
0.5849056603773585
0.7218045112781954
0.3333333333333333
1.0
0.696078431372549
0.6744186046511628
0.3333333333333333
0.8478260869565217
0.6372549019607843
0.8181818181818182
0.7058823529411765
0.38235294117647056
1.0
0.7384615384615385
0.6132075471698113
0.5882352941176471
0.6702127659574468
0.7463768115942029
0.7926829268292683
0.6792452830188679
0.601010101010101
0.7448979591836735
0.8703703703703703
0.5701754385964912
1.0
0.6363636363636364
0.8050847457627118
1.0
0.38461538461538464
1.0
0.5862068965517241
0.7843137254901961
0.64
0.9102564102564102
0.7564102564102564
0.6754385964912281
0.5487804878048781
0.6304347826086957
0.6727272727272727
0.8188405797101449
0.873015873015873
0.8090909090909091
0.7010309278350515
0.8461538461538461
0.7692307692307693
0.7238805970149254
0.7959183673469388
0.6851851851851852
0.7608695652173914
0.6666666666666666
0.7307692307692307
0.7088607594936709
1.0
0.7444444444444445
0.8837209302325582
0.6212121212121212
1.0
0.6818181818181818
0.7682926829268293
1.0
0.9425287356321839
0.6060606060606061
0.7921348314606742
0.6744186046511628
1.0
0.7162162162162162
0.8780487804878049
0.7857142857142857
0.5942028985507246
0.6511627906976745
0.8985507246376812
0.8148148148148148
0.9222222222222223
0.41836734693877553
0.5384615384615384
0.6
0.5
0.6461538461538462
0.7692307692307693
0.8372093023255814
0.6555555555555556
1.0
0.6142857142857143
0.7473118279569892
0.5701754385964912
0.9
0.8387096774193549
0.7894736842105263
0.6949152542372882
0.6296296296296297
0.680327868852459
0.8191489361702128
0.711864406779661
0.9230769230769231
0.8555555555555555
0.7894736842105263
0.6851851851851852
0.7456140350877193
0.5652173913043478
0.7746478873239436
0.8037974683544303
0.7711864406779662
0.6481481481481481
0.8291139240506329
0.9065934065934066
0.7075471698113207
0.6147540983606558
0.5
0.5512820512820513
0.44
0.7608695652173914
0.8148148148148148
0.8478260869565217
0.826530612244898
0.7962962962962963
0.8648648648648649
0.7407407407407407
0.8478260869565217
0.8478260869565217
0.7307692307692307
0.6052631578947368
0.62
0.86
1.0
0.58
0.8947368421052632
0.5333333333333333
0.9146341463414634
1.0
0.5555555555555556
0.86
0.7702702702702703
0.9186046511627907
0.6891891891891891
0.7551020408163265
0.7093023255813954
0.7258064516129032
1.0
0.7073170731707317
0.9054054054054054
1.0
0.5434782608695652
0.7209302325581395
0.7540983606557377
0.7452830188679245
0.7318840579710145
0.6951219512195121
0.5151515151515151
0.7543859649122807
1.0
1.0
0.5454545454545454
0.35294117647058826
0.6268656716417911
0.46
0.6363636363636364
0.3918918918918919
1.0
0.7368421052631579
0.7735849056603774
0.7959183673469388
1.0
0.7192982456140351
0.8301886792452831
0.8961038961038961
0.8059701492537313
1.0
0.9333333333333333
0.9056603773584906
0.8454545454545455
0.7075471698113207
0.8191489361702128
0.7873563218390804
0.6216216216216216
0.7272727272727273
0.776595744680851
0.8870967741935484
0.9152542372881356
0.7560975609756098
0.6818181818181818
0.8559322033898306
0.6451612903225806
0.7631578947368421
0.7941176470588235
0.810126582278481
0.8148148148148148
0.6666666666666666
0.8793103448275862
0.8333333333333334
0.5476190476190477
0.5
0.7033898305084746
0.7407407407407407
0.7647058823529411
0.9152542372881356
0.8333333333333334
0.9019607843137255
0.8058823529411765
1.0
0.7213114754098361
0.7263157894736842
0.6901408450704225
1.0
1.0
0.7857142857142857
0.9295774647887324
0.6829268292682927
0.8225806451612904
0.9102564102564102
0.6904761904761905
0.8481012658227848
1.0
0.8870967741935484
0.8979591836734694
0.8870967741935484
0.6363636363636364
0.8513513513513513
0.7424242424242424
0.680327868852459
0.815068493150685
0.9230769230769231
0.7527472527472527
0.6951219512195121
0.7096774193548387
0.8870967741935484
1.0
0.34615384615384615
0.5303030303030303
1.0
0.7222222222222222
0.7098765432098766
1.0
0.8936170212765957
0.6666666666666666
1.0
0.8703703703703703
0.6485148514851485
0.6818181818181818
0.5897435897435898
0.7358490566037735
1.0
0.7959183673469388
0.8157894736842105
0.6818181818181818
1.0
1.0
0.8793103448275862
0.3888888888888889
0.8870967741935484
1.0
1.0
0.8478260869565217
0.6285714285714286
0.7444444444444445
0.5352112676056338
0.6818181818181818
0.7682926829268293
0.7640449438202247
0.7727272727272727
0.6792452830188679
0.5689655172413793
0.5319148936170213
0.7666666666666667
0.7560975609756098
0.72
0.573170731707317
0.36363636363636365
0.4838709677419355
0.7702702702702703
0.7424242424242424
0.4473684210526316
0.6792452830188679
0.4714285714285714
0.3695652173913043
0.5
0.6486486486486487
0.5660377358490566
0.7264150943396226
1.0
1.0
0.7258064516129032
0.7142857142857143
0.5483870967741935
0.8947368421052632
0.7105263157894737
1.0
0.7530864197530864
1.0
1.0
0.9649122807017544
0.8835616438356164
0.8939393939393939
0.5526315789473685
0.5444444444444444
0.5434782608695652
0.803030303030303
0.7575757575757576
0.7941176470588235
1.0
0.2777777777777778
0.6585365853658537
0.72
0.5967741935483871
0.7446808510638298
0.782051282051282
0.826530612244898
0.7123287671232876
0.5465116279069767
0.7551020408163265
0.7258064516129032
0.8191489361702128
1.0
0.7073170731707317
0.8936170212765957
0.66
0.6333333333333333
0.7551020408163265
0.9339622641509434
0.7941176470588235
0.8737373737373737
0.8305084745762712
1.0
0.7564102564102564
1.0
0.6164383561643836
0.9122807017543859
0.6530612244897959
0.803921568627451
0.6222222222222222
1.0
0.36363636363636365
0.7586206896551724
1.0
0.6379310344827587
0.86
0.6851851851851852
0.5769230769230769
0.8157894736842105
0.5740740740740741
0.7571428571428571
0.6521739130434783
0.8157894736842105
0.5851063829787234
0.524390243902439
0.5641025641025641
0.7666666666666667
0.8148148148148148
0.6
0.45454545454545453
0.5526315789473685
0.7941176470588235
0.8372093023255814
0.7307692307692307
1.0
0.86
0.7241379310344828
0.6595744680851063
0.5
0.8478260869565217
0.7964601769911505
0.66
0.7452830188679245
0.6976744186046512
0.7761194029850746
0.647887323943662
0.7688172043010753
0.6140350877192983
0.8111111111111111
0.36363636363636365
0.5555555555555556
0.5454545454545454
0.8018867924528302
0.7735849056603774
0.7755102040816326
0.7777777777777778
0.5909090909090909
0.7878787878787878
0.86
0.6690140845070423
0.7093596059113301
0.8356164383561644
0.8656716417910447
0.7222222222222222
0.8153846153846154
0.8412698412698413
0.8860759493670886
0.7209302325581395
0.9313725490196079
0.38
0.4
0.2
0.44871794871794873
0.2777777777777778
1.0
0.6304347826086957
0.48
1.0
0.5967741935483871
0.6052631578947368
0.42105263157894735
0.581081081081081
0.8717948717948718
0.7333333333333333
0.6851851851851852
0.935064935064935
0.9186046511627907
0.5614035087719298
0.7558139534883721
0.782051282051282
0.8478260869565217
0.5888888888888889
0.776595744680851
0.58
0.5
0.9186046511627907
0.8888888888888888
0.8148148148148148
0.6724137931034483
0.572463768115942
0.6153846153846154
0.8780487804878049
0.6111111111111112
1.0
0.5675675675675675
0.5952380952380952
0.6857142857142857
0.686046511627907
0.7244897959183674
0.6666666666666666
0.8404255319148937
0.6511627906976745
0.7692307692307693
0.7777777777777778
0.6382978723404256
0.86
0.839622641509434
0.7358490566037735
0.7090909090909091
0.6935483870967742
0.8157894736842105
0.8478260869565217
0.8208955223880597
0.7553191489361702
0.5827067669172933
0.8852459016393442
0.6
0.7586206896551724
0.7571428571428571
0.7887323943661971
0.7456140350877193
0.5
0.5
0.5882352941176471
0.6610169491525424
0.872093023255814
0.8947368421052632
0.6101694915254238
0.925531914893617
0.7571428571428571
0.8484848484848485
0.5142857142857142
0.403030303030303
0.7558139534883721
0.8333333333333334
0.3709677419354839
0.5932203389830508
0.8444444444444444
0.9222222222222223
0.5454545454545454
1.0
0.8703703703703703
0.7941176470588235
0.7105263157894737
0.1956521739130435
0.7121212121212122
0.8205128205128205
0.8823529411764706
0.7142857142857143
0.9
0.7037037037037037
0.5
0.8979591836734694
0.7195121951219512
1.0
1.0
0.6666666666666666
1.0
0.8157894736842105
0.5
0.7407407407407407
0.5384615384615384
0.5641025641025641
1.0
0.7325581395348837
0.776595744680851
0.4666666666666667
0.6304347826086957
0.6341463414634146
0.776595744680851
0.9054054054054054
1.0
0.6666666666666666
0.6219512195121951
0.8979591836734694
0.56
0.44285714285714284
0.9054054054054054
0.6341463414634146
0.9054054054054054
0.7244897959183674
1.0
0.7162162162162162
0.7941176470588235
0.8478260869565217
0.86
0.7941176470588235
0.7564102564102564
0.5081967213114754
1.0
0.8793103448275862
0.8888888888888888
0.7027027027027027
1.0
0.8095238095238095
0.8939393939393939
0.6666666666666666
0.8793103448275862
0.7301587301587301
0.8478260869565217
0.726027397260274
0.7941176470588235
0.7857142857142857
0.6351351351351351
0.42857142857142855
0.3888888888888889
0.8888888888888888
0.8559322033898306
0.8478260869565217
1.0
0.7830188679245284
0.8648648648648649
0.6756756756756757
0.5434782608695652
Min Sentence GLEU Score: 0.0
Max Sentence GLEU Score: 1.0
Average Sentence GLEU Score: 0.6714822639575607
Corpus Sentence GLEU Score: 0.5434782608695652
