0.47619047619047616
0.543859649122807
0.32558139534883723
0.4067796610169492
0.39473684210526316
0.28
0.2972972972972973
0.2978723404255319
0.12195121951219512
0.41509433962264153
0.6545454545454545
0.2564102564102564
0.34285714285714286
0.4857142857142857
0.3783783783783784
0.2777777777777778
0.29411764705882354
0.35964912280701755
0.4024390243902439
0.1794871794871795
0.5
0.45454545454545453
0.34
0.2558139534883721
0.6333333333333333
0.20588235294117646
0.19047619047619047
0.0
0.6
0.14754098360655737
0.2857142857142857
0.3113207547169811
0.0
0.3918918918918919
0.1935483870967742
0.34210526315789475
0.2857142857142857
0.13636363636363635
0.25757575757575757
0.5128205128205128
0.1111111111111111
0.18518518518518517
0.12903225806451613
0.38461538461538464
0.1724137931034483
0.46153846153846156
0.07142857142857142
0.3111111111111111
0.3181818181818182
0.13793103448275862
0.6025641025641025
0.5638297872340425
0.5454545454545454
0.5
0.2839506172839506
0.28620689655172415
0.3582089552238806
0.48148148148148145
0.34210526315789475
0.22043010752688172
0.06756756756756757
0.24193548387096775
0.3888888888888889
0.26576576576576577
0.23333333333333334
0.8627450980392157
0.3
0.15217391304347827
0.313953488372093
0.14285714285714285
0.1
0.22727272727272727
0.2927927927927928
0.4787234042553192
0.27586206896551724
0.043478260869565216
0.2948717948717949
0.16666666666666666
0.16666666666666666
0.7407407407407407
0.47297297297297297
0.27586206896551724
0.42105263157894735
0.56
0.2857142857142857
0.4827586206896552
0.5540540540540541
0.11538461538461539
0.2777777777777778
0.21428571428571427
0.3148148148148148
0.4344262295081967
0.09090909090909091
0.28
0.19047619047619047
0.2222222222222222
0.6
0.2222222222222222
0.3780487804878049
0.26
0.24545454545454545
0.30303030303030304
0.52
0.2631578947368421
0.3045977011494253
0.8
0.26666666666666666
0.43169398907103823
0.24
0.35714285714285715
0.1724137931034483
0.40425531914893614
0.16
0.16666666666666666
0.30303030303030304
0.6
0.3333333333333333
0.2727272727272727
0.6285714285714286
0.41333333333333333
0.3157894736842105
0.3333333333333333
0.3108108108108108
0.18660287081339713
0.49295774647887325
0.0
0.47692307692307695
0.1573208722741433
0.24
0.3333333333333333
0.4676258992805755
0.3103448275862069
0.5
0.34444444444444444
0.5161290322580645
0.16666666666666666
0.4
1.0
0.211864406779661
0.3333333333333333
0.24285714285714285
0.551948051948052
0.38372093023255816
0.43902439024390244
0.5
0.8157894736842105
0.6111111111111112
0.391304347826087
0.35294117647058826
0.4074074074074074
0.391304347826087
0.5
1.0
0.6176470588235294
0.23333333333333334
0.2222222222222222
0.2
0.45652173913043476
0.30434782608695654
0.3181818181818182
0.38461538461538464
0.1891891891891892
0.28378378378378377
0.20391061452513967
0.25149700598802394
0.28651685393258425
0.5217391304347826
0.39655172413793105
0.5217391304347826
0.13157894736842105
0.24285714285714285
0.25333333333333335
0.20588235294117646
0.7413793103448276
0.08064516129032258
0.47619047619047616
0.5363636363636364
0.33783783783783783
0.42857142857142855
0.5714285714285714
0.3764705882352941
0.3333333333333333
0.6111111111111112
1.0
0.13793103448275862
0.4
0.4594594594594595
0.5581395348837209
0.16666666666666666
0.19047619047619047
0.23529411764705882
0.15384615384615385
0.8333333333333334
0.6162790697674418
0.7142857142857143
0.2972972972972973
0.1
0.1
1.0
0.16666666666666666
0.21428571428571427
0.4444444444444444
0.0
0.5373134328358209
0.3787878787878788
0.47560975609756095
0.21212121212121213
0.3939393939393939
0.43373493975903615
0.34615384615384615
0.7073170731707317
0.3333333333333333
0.3064516129032258
0.1774193548387097
0.21428571428571427
0.12962962962962962
0.25925925925925924
0.13636363636363635
0.3235294117647059
0.2727272727272727
0.32051282051282054
0.3
0.16981132075471697
0.4411764705882353
0.6764705882352942
0.5789473684210527
0.3488372093023256
0.40816326530612246
0.2564102564102564
0.4482758620689655
0.5
0.16666666666666666
0.07407407407407407
0.14516129032258066
0.23529411764705882
0.4
0.46153846153846156
0.34
0.7162162162162162
0.4069767441860465
0.3076923076923077
0.14
0.43283582089552236
0.41379310344827586
0.4157303370786517
0.43103448275862066
0.13157894736842105
0.7666666666666667
0.14705882352941177
0.22727272727272727
0.52
0.45348837209302323
0.19047619047619047
0.696969696969697
0.14516129032258066
0.4811320754716981
0.07142857142857142
0.5869565217391305
1.0
0.45348837209302323
0.6086956521739131
0.5545454545454546
0.20967741935483872
0.15384615384615385
0.0
0.2631578947368421
0.2
0.6190476190476191
0.32432432432432434
0.4074074074074074
0.1111111111111111
0.07142857142857142
0.3870967741935484
0.46511627906976744
0.2
0.46551724137931033
0.34782608695652173
0.3333333333333333
0.4117647058823529
0.0
0.10962566844919786
0.330188679245283
0.3013698630136986
0.09090909090909091
0.43846153846153846
0.7162162162162162
0.5
0.3707865168539326
0.25806451612903225
0.3673469387755102
0.17391304347826086
0.6060606060606061
0.5169491525423728
0.0
0.08695652173913043
0.32432432432432434
0.4032258064516129
0.11538461538461539
0.47058823529411764
0.3404255319148936
0.6014492753623188
0.6119402985074627
0.41228070175438597
0.6228070175438597
0.28
0.19047619047619047
0.9130434782608695
0.72
0.6142857142857143
0.32432432432432434
0.35294117647058826
0.2777777777777778
0.2413793103448276
0.44
0.19047619047619047
0.09090909090909091
0.16666666666666666
0.5517241379310345
0.13157894736842105
0.2222222222222222
0.8157894736842105
0.3148148148148148
0.21428571428571427
0.5384615384615384
0.07142857142857142
0.6818181818181818
0.1
1.0
0.4473684210526316
0.4090909090909091
0.21818181818181817
0.32677165354330706
0.3372093023255814
0.41304347826086957
0.25862068965517243
1.0
0.5494505494505495
0.7666666666666667
0.6666666666666666
0.5526315789473685
0.3783783783783784
0.22784810126582278
0.15384615384615385
0.2571428571428571
0.3620689655172414
0.474025974025974
0.7075471698113207
0.6440677966101694
0.5
0.0967741935483871
0.34615384615384615
0.33783783783783783
0.2887323943661972
0.6764705882352942
0.3
0.3888888888888889
0.4444444444444444
0.6078431372549019
0.1774193548387097
0.10810810810810811
1.0
0.18309859154929578
0.26436781609195403
0.06666666666666667
0.48936170212765956
0.2631578947368421
0.41304347826086957
0.15384615384615385
0.3407079646017699
0.15789473684210525
0.45081967213114754
0.7307692307692307
0.38405797101449274
0.3805970149253731
0.22413793103448276
0.22077922077922077
0.39215686274509803
0.3018867924528302
0.2358490566037736
0.14516129032258066
0.23469387755102042
0.13513513513513514
0.3870967741935484
0.32786885245901637
0.3153846153846154
0.09803921568627451
0.4
0.6111111111111112
0.6764705882352942
0.27450980392156865
0.40476190476190477
0.3275862068965517
0.6612903225806451
0.35185185185185186
0.5675675675675675
0.36324786324786323
0.16666666666666666
0.42592592592592593
0.6111111111111112
0.4714285714285714
0.16666666666666666
0.3153153153153153
0.24742268041237114
0.34782608695652173
0.36666666666666664
0.38823529411764707
0.2711864406779661
0.19047619047619047
0.17391304347826086
0.5882352941176471
0.22972972972972974
0.13333333333333333
0.45555555555555555
0.14634146341463414
0.2878787878787879
0.22
0.2413793103448276
0.26666666666666666
0.29411764705882354
0.5
0.4672131147540984
0.3793103448275862
0.38095238095238093
0.25925925925925924
0.32608695652173914
0.14893617021276595
0.2894736842105263
0.3333333333333333
0.16666666666666666
0.0
0.5588235294117647
0.11538461538461539
0.34507042253521125
0.5428571428571428
0.3181818181818182
0.0
0.0
0.5094339622641509
0.4444444444444444
0.4
0.34285714285714286
0.6
0.7666666666666667
0.2
0.7333333333333333
0.19230769230769232
0.05555555555555555
0.38
0.4838709677419355
0.36666666666666664
0.6153846153846154
0.4117647058823529
0.0
0.5360824742268041
0.2727272727272727
0.07894736842105263
0.23333333333333334
0.34615384615384615
0.1724137931034483
0.43103448275862066
0.527027027027027
0.09259259259259259
0.15384615384615385
0.1206896551724138
0.34210526315789475
0.32653061224489793
0.10207612456747404
0.46296296296296297
0.11538461538461539
0.16666666666666666
0.24675324675324675
0.2727272727272727
0.2736842105263158
0.5555555555555556
0.45652173913043476
0.2094017094017094
0.3548387096774194
0.11538461538461539
0.17391304347826086
0.22580645161290322
0.3
0.46296296296296297
0.2894736842105263
0.49206349206349204
0.18253968253968253
0.24561403508771928
0.48936170212765956
0.11764705882352941
0.6538461538461539
0.6923076923076923
0.35294117647058826
0.24390243902439024
0.47692307692307695
0.4666666666666667
0.6538461538461539
0.46
0.16666666666666666
0.5256410256410257
0.1864406779661017
0.24193548387096775
0.41379310344827586
0.5098039215686274
0.6744186046511628
0.572463768115942
0.6896551724137931
0.1111111111111111
0.24390243902439024
0.4014084507042254
0.4576271186440678
0.2711864406779661
0.3387096774193548
0.19883040935672514
0.24545454545454545
0.30612244897959184
0.3090909090909091
0.2719298245614035
0.5952380952380952
0.6521739130434783
0.0
0.0
0.2
0.7941176470588235
0.2894736842105263
0.17142857142857143
0.1
0.14285714285714285
0.22857142857142856
0.24242424242424243
0.3181818181818182
0.5434782608695652
0.2631578947368421
0.22448979591836735
0.7941176470588235
0.0
0.16666666666666666
0.15789473684210525
0.19047619047619047
0.06896551724137931
0.15151515151515152
0.24
0.3170731707317073
0.33783783783783783
0.21212121212121213
0.3103448275862069
0.2564102564102564
0.44
0.24
0.4714285714285714
0.2692307692307692
0.18421052631578946
0.27647058823529413
0.3953488372093023
0.4716981132075472
0.0
0.5365853658536586
0.4727272727272727
0.4727272727272727
0.4358974358974359
0.5319148936170213
0.5967741935483871
1.0
0.16666666666666666
0.0
0.3333333333333333
0.16
0.16216216216216217
0.24193548387096775
0.64
0.3695652173913043
0.3447204968944099
0.5
1.0
0.2222222222222222
0.5
0.09523809523809523
0.3888888888888889
0.7619047619047619
0.23333333333333334
0.4
0.22727272727272727
0.20270270270270271
0.19230769230769232
0.4
0.4444444444444444
0.527027027027027
0.43243243243243246
0.40476190476190477
0.19047619047619047
0.045454545454545456
0.54
0.7424242424242424
0.5526315789473685
0.35714285714285715
0.18421052631578946
0.5
0.24
0.25675675675675674
0.21052631578947367
0.14285714285714285
0.23684210526315788
0.32926829268292684
0.5319148936170213
0.18421052631578946
0.11904761904761904
0.43478260869565216
0.29591836734693877
0.2619047619047619
0.35964912280701755
0.3939393939393939
0.5
0.2972972972972973
0.2631578947368421
0.10743801652892562
0.45614035087719296
0.4019607843137255
0.39655172413793105
0.27956989247311825
0.2012987012987013
0.3968253968253968
1.0
0.16666666666666666
0.0
0.3333333333333333
0.16666666666666666
0.05555555555555555
0.1111111111111111
0.4
0.5
0.4
0.4
1.0
0.3888888888888889
0.2777777777777778
0.16666666666666666
0.3
0.1
0.1111111111111111
0.16666666666666666
0.16666666666666666
0.1
0.18181818181818182
0.4
0.17073170731707318
0.26666666666666666
0.14102564102564102
0.32222222222222224
0.391304347826087
0.5512820512820513
0.2878787878787879
0.30434782608695654
0.19767441860465115
0.2962962962962963
0.42857142857142855
0.14285714285714285
0.07391304347826087
0.4
0.288135593220339
0.17567567567567569
0.72
0.34782608695652173
0.09090909090909091
0.17073170731707318
0.3148148148148148
0.48717948717948717
0.5
0.2
0.7307692307692307
0.16666666666666666
0.2
0.14285714285714285
0.42857142857142855
0.8157894736842105
0.2647058823529412
0.2
0.3888888888888889
0.3157894736842105
0.36923076923076925
0.5813953488372093
0.37142857142857144
0.4036144578313253
0.22388059701492538
0.3
0.3918918918918919
0.23015873015873015
0.23684210526315788
0.11904761904761904
0.2835820895522388
0.5507246376811594
0.3050847457627119
0.23076923076923078
0.3347107438016529
0.17777777777777778
0.37777777777777777
0.1595744680851064
0.2777777777777778
0.31746031746031744
0.4
0.2
0.6111111111111112
0.23076923076923078
0.5185185185185185
0.17647058823529413
0.3728813559322034
0.4444444444444444
0.44
0.2857142857142857
0.37755102040816324
0.32608695652173914
0.2391304347826087
0.2391304347826087
0.09259259259259259
0.1
0.36046511627906974
0.4578313253012048
0.11403508771929824
0.24324324324324326
0.16666666666666666
0.10869565217391304
0.6818181818181818
0.46
0.26666666666666666
0.08163265306122448
0.6888888888888889
0.6111111111111112
0.16666666666666666
0.11538461538461539
0.14285714285714285
0.3225806451612903
0.5606060606060606
0.34
0.5757575757575758
0.2571428571428571
0.5555555555555556
0.6111111111111112
0.38461538461538464
0.24509803921568626
0.42592592592592593
0.3380281690140845
0.18421052631578946
0.0
0.23255813953488372
0.5862068965517241
0.6282051282051282
0.46938775510204084
0.32786885245901637
0.11538461538461539
0.3235294117647059
0.7666666666666667
0.23529411764705882
0.058823529411764705
0.38372093023255816
0.44285714285714284
0.6333333333333333
0.3783783783783784
0.3979591836734694
0.21739130434782608
0.5
0.4777777777777778
0.2441860465116279
0.3695652173913043
0.23809523809523808
0.3620689655172414
0.423728813559322
0.16
0.14285714285714285
0.36363636363636365
0.2948717948717949
0.5303030303030303
0.46551724137931033
0.36
0.5526315789473685
1.0
0.26
0.5
0.5285714285714286
0.8108108108108109
0.313953488372093
0.6132075471698113
0.3870967741935484
0.2619047619047619
0.532258064516129
0.18571428571428572
0.5333333333333333
0.41304347826086957
0.8387096774193549
0.35106382978723405
0.7058823529411765
0.6666666666666666
0.11764705882352941
0.5
0.5
0.5
0.2037037037037037
0.32608695652173914
0.10526315789473684
0.2857142857142857
0.3787878787878788
0.28205128205128205
0.3333333333333333
0.0
0.16666666666666666
0.7142857142857143
0.5
0.1
0.0
0.15517241379310345
0.4473684210526316
0.5232558139534884
0.43478260869565216
0.19230769230769232
0.16666666666666666
0.3333333333333333
0.5
0.14634146341463414
0.43333333333333335
0.2962962962962963
0.23529411764705882
0.6111111111111112
0.42592592592592593
0.16666666666666666
0.34210526315789475
0.44871794871794873
0.23333333333333334
0.8333333333333334
0.529126213592233
0.16129032258064516
0.11538461538461539
0.3684210526315789
0.8103448275862069
0.3939393939393939
0.3
0.29310344827586204
0.1111111111111111
0.5555555555555556
0.2727272727272727
0.5
0.30952380952380953
0.36666666666666664
0.09259259259259259
0.5952380952380952
0.7096774193548387
0.43103448275862066
0.6333333333333333
0.22727272727272727
0.15789473684210525
0.3695652173913043
0.5925925925925926
0.030303030303030304
0.19230769230769232
0.5714285714285714
0.32432432432432434
0.17391304347826086
0.42105263157894735
0.22413793103448276
0.2
0.21428571428571427
0.23684210526315788
0.6621621621621622
1.0
0.2692307692307692
0.26744186046511625
0.3181818181818182
0.7549019607843137
0.06470588235294118
0.6162790697674418
0.7878787878787878
0.6052631578947368
0.525974025974026
0.6222222222222222
0.6571428571428571
0.19626168224299065
0.5425531914893617
0.5813953488372093
0.40476190476190477
0.37209302325581395
0.2922077922077922
0.2
0.1
0.3116883116883117
0.11764705882352941
0.16265060240963855
0.5
0.22448979591836735
0.1111111111111111
0.07407407407407407
0.3181818181818182
0.11904761904761904
0.38
0.1
0.16666666666666666
0.0
0.25757575757575757
0.3888888888888889
0.2765957446808511
0.3333333333333333
0.3939393939393939
0.0
0.0
0.5932203389830508
0.5
0.7105263157894737
0.39603960396039606
0.37755102040816324
0.3
0.19411764705882353
0.44871794871794873
0.47540983606557374
0.46296296296296297
0.5
0.6052631578947368
0.43902439024390244
0.3877551020408163
0.25925925925925924
0.1724137931034483
0.5
0.42857142857142855
0.5
0.6818181818181818
0.23076923076923078
0.3888888888888889
0.5
0.86
0.5
0.5
0.18181818181818182
0.4189189189189189
0.34545454545454546
0.22
0.2631578947368421
0.26666666666666666
0.058823529411764705
0.15151515151515152
0.2777777777777778
0.29411764705882354
0.22580645161290322
0.35714285714285715
0.30952380952380953
0.6666666666666666
0.08974358974358974
0.5675675675675675
0.86
0.38095238095238093
0.16666666666666666
0.2
0.3275862068965517
0.6111111111111112
0.2727272727272727
0.6363636363636364
0.10344827586206896
0.18181818181818182
0.22727272727272727
0.4
0.7068965517241379
0.2777777777777778
0.27450980392156865
0.11764705882352941
0.20408163265306123
0.4473684210526316
0.2565217391304348
0.3939393939393939
0.6621621621621622
0.26666666666666666
0.3108108108108108
0.6190476190476191
0.3333333333333333
0.3939393939393939
0.37037037037037035
0.1111111111111111
0.43478260869565216
0.5487804878048781
0.1891891891891892
0.5289855072463768
0.25757575757575757
0.5925925925925926
0.4
0.18
0.3235294117647059
0.29069767441860467
0.38461538461538464
0.2222222222222222
0.46
0.17543859649122806
0.7352941176470589
0.48
0.344
0.5945945945945946
0.20186335403726707
0.3469387755102041
0.0
0.05555555555555555
0.21428571428571427
0.5714285714285714
0.5333333333333333
0.4148936170212766
0.4358974358974359
0.3888888888888889
0.18518518518518517
0.38461538461538464
0.5769230769230769
0.3888888888888889
0.13221884498480244
0.5615384615384615
0.24603174603174602
0.3157894736842105
0.3793103448275862
0.07246376811594203
0.41836734693877553
0.7666666666666667
0.7407407407407407
0.1206896551724138
0.23684210526315788
0.11904761904761904
0.17647058823529413
0.15384615384615385
0.3181818181818182
0.4444444444444444
0.3902439024390244
1.0
0.1724137931034483
0.35185185185185186
0.3305084745762712
0.5172413793103449
0.6333333333333333
0.2878787878787879
0.3709677419354839
0.38095238095238093
0.3
0.6511627906976745
0.37777777777777777
0.32558139534883723
0.3888888888888889
0.35714285714285715
0.3181818181818182
0.36486486486486486
0.3076923076923077
0.47058823529411764
0.11904761904761904
0.16666666666666666
0.5428571428571428
0.5153846153846153
0.19047619047619047
0.6025641025641025
0.4393939393939394
0.3064516129032258
0.3684210526315789
0.37037037037037035
0.5350877192982456
0.1111111111111111
0.07142857142857142
0.0
0.1111111111111111
0.20967741935483872
1.0
0.25675675675675674
0.46938775510204084
0.3870967741935484
0.4634146341463415
0.30303030303030304
0.5862068965517241
0.41818181818181815
0.3717948717948718
0.43333333333333335
0.1
0.2796610169491525
0.425531914893617
0.42857142857142855
0.21428571428571427
0.5405405405405406
0.7941176470588235
0.18421052631578946
0.0
0.45121951219512196
0.4230769230769231
0.46511627906976744
0.3305084745762712
0.491869918699187
0.47058823529411764
0.0
0.0
0.5405405405405406
1.0
0.45918367346938777
0.4117647058823529
0.2826086956521739
0.7105263157894737
0.3181818181818182
0.07692307692307693
0.6666666666666666
0.3076923076923077
0.8157894736842105
0.3076923076923077
0.13333333333333333
0.3157894736842105
0.2692307692307692
0.4074074074074074
0.14285714285714285
0.5
0.0945945945945946
0.3181818181818182
0.48
0.2857142857142857
0.5882352941176471
0.5952380952380952
0.5
0.26666666666666666
0.9
0.48
0.3448275862068966
0.17647058823529413
0.5
0.045454545454545456
0.7307692307692307
0.22727272727272727
0.09523809523809523
0.25925925925925924
0.5
0.86
0.3
0.4594594594594595
0.4726027397260274
0.34444444444444444
0.37037037037037035
0.5454545454545454
0.24444444444444444
0.39361702127659576
0.15517241379310345
0.0
0.6290322580645161
0.07142857142857142
0.46464646464646464
0.7380952380952381
0.3548387096774194
0.0
0.19135802469135801
0.24561403508771928
0.0
0.6509433962264151
0.6290322580645161
0.0
0.1
0.2692307692307692
0.18518518518518517
0.23684210526315788
0.12790697674418605
0.7586206896551724
0.26666666666666666
0.37037037037037035
0.21428571428571427
0.45454545454545453
0.14814814814814814
0.3333333333333333
0.2777777777777778
0.4074074074074074
0.47058823529411764
0.0
0.0
0.0
1.0
0.24324324324324326
0.32653061224489793
0.45714285714285713
0.8648648648648649
0.3442622950819672
0.474025974025974
0.3076923076923077
0.4838709677419355
0.23684210526315788
0.4117647058823529
0.0
0.15217391304347827
0.3602150537634409
0.7987012987012987
0.3780487804878049
0.4540229885057471
0.7971014492753623
0.2
0.0
0.0
0.0
0.1
0.1111111111111111
0.5517241379310345
0.19811320754716982
0.46774193548387094
0.29310344827586204
0.313953488372093
0.46
0.39655172413793105
0.2702702702702703
0.6097560975609756
0.6111111111111112
0.34285714285714286
0.16666666666666666
0.3333333333333333
0.27358490566037735
0.3873239436619718
0.24528301886792453
0.2631578947368421
0.3698630136986301
0.4523809523809524
0.2857142857142857
0.3484848484848485
0.5857142857142857
0.15789473684210525
0.47058823529411764
0.2553191489361702
0.3780487804878049
0.21428571428571427
0.5692307692307692
0.5853658536585366
0.35185185185185186
0.5701754385964912
0.7142857142857143
0.0
0.5350877192982456
0.5967741935483871
0.16666666666666666
0.34513274336283184
0.0
0.35333333333333333
0.3333333333333333
0.2978723404255319
0.3253968253968254
0.6111111111111112
0.1
0.3181818181818182
0.21428571428571427
0.4262295081967213
0.08620689655172414
0.2830188679245283
0.47058823529411764
0.2974683544303797
0.14356435643564355
0.5238095238095238
0.3333333333333333
0.0
0.1
0.25925925925925924
0.6111111111111112
0.24516129032258063
0.15384615384615385
0.5135135135135135
0.5769230769230769
0.3048780487804878
0.3333333333333333
0.0
0.0
0.4019607843137255
0.3291139240506329
0.41379310344827586
0.3148148148148148
0.42857142857142855
0.23684210526315788
0.23529411764705882
0.19696969696969696
0.08695652173913043
0.5217391304347826
0.6891891891891891
0.7093023255813954
0.36923076923076925
0.0
0.0
0.6111111111111112
0.2894736842105263
0.2127659574468085
0.47297297297297297
0.47297297297297297
0.41935483870967744
0.6142857142857143
0.7307692307692307
0.3275862068965517
0.5428571428571428
0.5952380952380952
0.34615384615384615
0.34285714285714286
0.6428571428571429
0.5555555555555556
0.358974358974359
0.47959183673469385
0.3333333333333333
0.8507462686567164
0.3023255813953488
0.37755102040816324
0.16
0.4411764705882353
0.5980392156862745
0.3469387755102041
0.4768211920529801
0.28378378378378377
0.66
0.5909090909090909
0.39080459770114945
0.29411764705882354
0.32432432432432434
0.29411764705882354
0.4473684210526316
0.5
0.8947368421052632
1.0
0.3979591836734694
0.58
0.05555555555555555
1.0
0.4074074074074074
0.23170731707317074
0.1
0.45384615384615384
0.5471698113207547
0.3235294117647059
0.23076923076923078
0.5909090909090909
0.47297297297297297
0.06666666666666667
0.40476190476190477
0.45098039215686275
0.22527472527472528
0.27235772357723576
0.7040816326530612
0.38
0.6888888888888889
0.44776119402985076
0.23529411764705882
0.38461538461538464
0.32051282051282054
0.33783783783783783
0.5
0.5614035087719298
0.4295774647887324
0.5
0.46938775510204084
0.6
0.46
0.4
0.4
0.7068965517241379
0.12121212121212122
0.4
0.4418604651162791
0.2702702702702703
0.3793103448275862
0.45652173913043476
0.7142857142857143
0.07142857142857142
0.7
0.5666666666666667
0.5882352941176471
0.13043478260869565
0.4074074074074074
0.2391304347826087
0.2878787878787879
0.23529411764705882
0.425531914893617
0.24358974358974358
0.28
0.16666666666666666
0.3333333333333333
0.3333333333333333
0.5294117647058824
0.2692307692307692
0.15517241379310345
0.34210526315789475
0.4888888888888889
0.5757575757575758
0.26595744680851063
0.22077922077922077
0.36363636363636365
0.2358490566037736
0.24285714285714285
0.2641509433962264
0.7545454545454545
0.192090395480226
0.0
0.4180327868852459
0.36
0.358974358974359
0.32978723404255317
0.4387755102040816
0.5245901639344263
0.4387755102040816
0.3793103448275862
0.42424242424242425
0.22666666666666666
0.3253012048192771
0.20408163265306123
0.28
0.38823529411764707
0.30303030303030304
0.35185185185185186
0.2471264367816092
0.25806451612903225
0.29245283018867924
0.2823529411764706
0.22666666666666666
0.3902439024390244
0.8292682926829268
0.4523809523809524
0.4787234042553192
0.52
0.44871794871794873
0.5
0.4207920792079208
0.4024390243902439
0.64
0.4811320754716981
0.07692307692307693
0.25925925925925924
0.43902439024390244
0.4863013698630137
0.22340425531914893
0.0
0.7121212121212122
0.5487804878048781
0.5
0.3192771084337349
0.25316455696202533
0.3170731707317073
0.5508474576271186
0.7142857142857143
0.4
0.6078431372549019
0.2441860465116279
0.5471698113207547
0.6481481481481481
0.3923076923076923
0.36046511627906974
0.6451612903225806
0.8205128205128205
0.5517241379310345
0.1
1.0
0.6379310344827587
0.26666666666666666
0.27692307692307694
0.21428571428571427
0.5
0.5
0.35365853658536583
0.0
0.31343283582089554
0.8
0.6555555555555556
0.7142857142857143
0.12962962962962962
0.1956521739130435
0.40476190476190477
0.16666666666666666
0.4
0.4117647058823529
0.17647058823529413
0.4473684210526316
0.30952380952380953
0.2631578947368421
0.5151515151515151
0.07142857142857142
0.7209302325581395
0.3333333333333333
0.34615384615384615
0.21428571428571427
0.5857142857142857
0.34210526315789475
0.15384615384615385
0.38571428571428573
0.20270270270270271
0.2222222222222222
0.47619047619047616
0.5
0.5
0.39361702127659576
0.6923076923076923
0.6304347826086957
0.24324324324324326
0.14
0.2857142857142857
0.10476190476190476
0.22
0.5964912280701754
0.4657534246575342
0.8846153846153846
0.5423728813559322
0.1111111111111111
0.1509433962264151
0.6111111111111112
0.4878048780487805
0.4393939393939394
0.20967741935483872
0.3333333333333333
0.25675675675675674
0.5
0.7258064516129032
0.6627906976744186
0.6363636363636364
0.4142857142857143
0.25806451612903225
0.4146341463414634
0.4838709677419355
0.72
0.43902439024390244
0.3620689655172414
0.30434782608695654
0.29310344827586204
0.3783783783783784
0.11764705882352941
0.45652173913043476
0.391304347826087
0.35185185185185186
0.35106382978723405
0.44871794871794873
0.12162162162162163
0.46
0.5
0.36046511627906974
0.5135135135135135
0.32926829268292684
0.44339622641509435
0.35555555555555557
0.7837837837837838
0.23333333333333334
0.42857142857142855
0.08695652173913043
0.4696969696969697
0.5740740740740741
0.5
0.42592592592592593
0.21621621621621623
0.2
0.3235294117647059
0.44594594594594594
0.32558139534883723
0.3275862068965517
0.8157894736842105
0.3333333333333333
0.3783783783783784
0.7941176470588235
0.5813953488372093
0.3939393939393939
0.12195121951219512
0.34782608695652173
0.1984126984126984
0.19230769230769232
0.7058823529411765
0.3333333333333333
0.46774193548387094
0.45121951219512196
0.6842105263157895
0.15384615384615385
0.6754385964912281
0.5925925925925926
0.1282051282051282
0.4148936170212766
0.18181818181818182
0.19811320754716982
0.5
0.43333333333333335
0.7666666666666667
0.45652173913043476
0.2857142857142857
0.45652173913043476
0.5846153846153846
1.0
1.0
0.44594594594594594
0.47619047619047616
0.5135135135135135
0.48148148148148145
0.2978723404255319
0.4523809523809524
0.7307692307692307
0.86
0.30851063829787234
0.3157894736842105
0.16363636363636364
0.47530864197530864
0.30701754385964913
0.0
0.36666666666666664
0.3411764705882353
0.5306122448979592
0.3333333333333333
0.2462686567164179
0.45652173913043476
0.2835820895522388
0.2571428571428571
0.4444444444444444
0.7380952380952381
0.6153846153846154
0.6666666666666666
0.39215686274509803
0.7941176470588235
0.2
0.38095238095238093
0.7380952380952381
0.20967741935483872
0.11904761904761904
0.5666666666666667
0.45454545454545453
0.38235294117647056
1.0
0.32
0.42857142857142855
0.635593220338983
0.4074074074074074
0.3595505617977528
0.1896551724137931
0.782051282051282
0.5512820512820513
0.4574468085106383
0.3787878787878788
0.29411764705882354
0.03333333333333333
0.4
0.5777777777777777
0.4714285714285714
0.2037037037037037
0.21621621621621623
0.13793103448275862
0.38095238095238093
0.6
0.8478260869565217
0.5392156862745098
0.14864864864864866
0.86
0.13157894736842105
0.45454545454545453
0.15789473684210525
0.07142857142857142
0.5645161290322581
0.24285714285714285
0.3333333333333333
0.7878787878787878
0.27419354838709675
0.36363636363636365
0.68
0.7631578947368421
0.8181818181818182
0.0
0.0
0.4838709677419355
0.5
0.313953488372093
0.21951219512195122
0.6428571428571429
0.32051282051282054
0.25609756097560976
0.09523809523809523
0.6551724137931034
1.0
0.6901408450704225
0.3939393939393939
0.6896551724137931
0.6744186046511628
0.2608695652173913
0.15730337078651685
0.24242424242424243
0.44594594594594594
0.3333333333333333
0.22972972972972974
0.36507936507936506
0.23809523809523808
0.5
0.6956521739130435
0.6216216216216216
0.5925925925925926
0.6111111111111112
0.3220338983050847
0.660377358490566
0.6060606060606061
0.32432432432432434
0.15714285714285714
0.6794871794871795
0.3048780487804878
0.4148936170212766
0.62
0.21794871794871795
0.35135135135135137
0.3780487804878049
0.038461538461538464
0.25609756097560976
0.4
0.2323943661971831
0.32926829268292684
0.5
0.6428571428571429
0.32978723404255317
0.4888888888888889
0.08064516129032258
0.43103448275862066
0.44285714285714284
0.0
0.4090909090909091
0.5135135135135135
0.7941176470588235
0.44545454545454544
0.2909090909090909
0.2826086956521739
0.40540540540540543
0.4507042253521127
0.13157894736842105
0.14285714285714285
0.2826086956521739
0.1276595744680851
0.17346938775510204
0.37037037037037035
0.5952380952380952
0.20588235294117646
0.2
0.3157894736842105
0.6111111111111112
0.72
0.47297297297297297
0.2692307692307692
0.3333333333333333
0.12857142857142856
0.3870967741935484
0.15217391304347827
0.36666666666666664
0.5434782608695652
0.14285714285714285
0.19230769230769232
0.48484848484848486
0.5303030303030303
0.5
0.44
0.5
0.29411764705882354
0.0
0.7666666666666667
0.2857142857142857
0.32608695652173914
0.2631578947368421
0.4
0.5588235294117647
0.3684210526315789
0.28378378378378377
0.26
0.3888888888888889
0.4117647058823529
0.4230769230769231
0.3888888888888889
0.6363636363636364
0.5066666666666667
0.5733333333333334
0.24
0.4838709677419355
0.4016393442622951
0.16666666666666666
0.24074074074074073
0.4393939393939394
0.7666666666666667
0.1282051282051282
0.3157894736842105
0.28431372549019607
0.58
0.208955223880597
0.1896551724137931
0.25806451612903225
0.21428571428571427
0.5
0.28
0.26
0.1896551724137931
0.04
0.4
0.32
0.30303030303030304
1.0
0.21428571428571427
0.5
0.5
0.5232558139534884
0.2903225806451613
0.23684210526315788
0.2826086956521739
0.6612903225806451
0.46564885496183206
0.2553191489361702
0.5158730158730159
0.4701492537313433
0.3979591836734694
0.6515151515151515
0.3387096774193548
0.20588235294117646
0.4074074074074074
0.12121212121212122
0.6571428571428571
0.38461538461538464
0.5
1.0
0.7622950819672131
0.6296296296296297
0.36585365853658536
0.24509803921568626
0.08
0.509090909090909
1.0
0.35714285714285715
0.6578947368421053
0.43333333333333335
0.32
0.3181818181818182
0.30952380952380953
0.5217391304347826
0.09090909090909091
0.7162162162162162
0.2608695652173913
0.27586206896551724
0.1111111111111111
0.6
0.32978723404255317
0.5
0.2727272727272727
0.05555555555555555
0.058823529411764705
0.14705882352941177
0.4782608695652174
1.0
0.0
0.4
0.4
0.18
0.5789473684210527
0.6739130434782609
0.1
0.8620689655172413
0.2619047619047619
0.5
0.24509803921568626
0.5636363636363636
0.4180327868852459
0.2978723404255319
0.7307692307692307
1.0
0.3076923076923077
0.45180722891566266
0.3983050847457627
0.6304347826086957
0.2
0.5434782608695652
0.3372093023255814
0.32
0.0
0.0
0.16666666666666666
0.7307692307692307
0.21739130434782608
0.5294117647058824
0.21428571428571427
0.11764705882352941
0.3103448275862069
0.2804878048780488
0.4222222222222222
0.42424242424242425
0.32432432432432434
0.2619047619047619
0.4
0.16666666666666666
0.0
0.46938775510204084
0.26
0.2222222222222222
0.3803680981595092
0.32905982905982906
0.5882352941176471
0.10869565217391304
0.23684210526315788
0.5
0.631578947368421
0.7105263157894737
0.2222222222222222
0.42592592592592593
0.7363636363636363
0.1
0.2
0.43478260869565216
0.33962264150943394
0.07142857142857142
0.30952380952380953
0.43333333333333335
0.3620689655172414
0.19047619047619047
0.3333333333333333
0.5384615384615384
0.35454545454545455
0.38095238095238093
1.0
0.2926829268292683
0.30952380952380953
0.5217391304347826
0.86
0.46153846153846156
1.0
0.28205128205128205
0.24074074074074073
0.3235294117647059
0.29310344827586204
0.18571428571428572
0.48936170212765956
0.40540540540540543
0.3333333333333333
0.02
0.21428571428571427
0.3235294117647059
0.42105263157894735
0.6129032258064516
0.11538461538461539
0.07692307692307693
0.6923076923076923
0.24285714285714285
0.5151515151515151
0.2692307692307692
0.391304347826087
0.2441860465116279
0.2391304347826087
0.2857142857142857
0.12162162162162163
0.23529411764705882
0.14736842105263157
0.11538461538461539
0.16666666666666666
0.3
0.1111111111111111
0.2641509433962264
0.3888888888888889
0.5
1.0
0.32051282051282054
0.10606060606060606
0.1
0.3235294117647059
0.46551724137931033
0.16666666666666666
0.5
0.14285714285714285
0.34210526315789475
0.3888888888888889
0.42857142857142855
0.23529411764705882
0.2777777777777778
0.45652173913043476
1.0
0.07142857142857142
0.38524590163934425
0.4603174603174603
0.18
0.4230769230769231
0.4
0.35294117647058826
0.43333333333333335
0.3333333333333333
0.0
0.18571428571428572
0.43548387096774194
0.5454545454545454
0.30612244897959184
0.64
0.3539325842696629
0.3111111111111111
0.1511627906976744
0.34285714285714286
0.1
0.14935064935064934
0.37272727272727274
0.5
0.4774774774774775
0.3258426966292135
0.5098039215686274
0.46938775510204084
0.5434782608695652
0.21052631578947367
0.4069767441860465
0.36
0.2222222222222222
0.34285714285714286
0.22727272727272727
0.47619047619047616
0.25862068965517243
0.5
0.18
0.7666666666666667
0.3888888888888889
0.5
0.6956521739130435
0.1774193548387097
0.5
0.37142857142857144
0.32608695652173914
0.5217391304347826
0.09090909090909091
0.09090909090909091
0.2636363636363636
0.1935483870967742
0.25862068965517243
0.23170731707317074
0.41333333333333333
0.19607843137254902
0.4180327868852459
0.524390243902439
0.4857142857142857
0.42592592592592593
0.32727272727272727
0.3559322033898305
0.4387755102040816
0.4230769230769231
0.4716981132075472
0.7666666666666667
0.22
0.1509433962264151
0.9054054054054054
0.38461538461538464
0.06097560975609756
0.2619047619047619
0.24444444444444444
0.45555555555555555
0.29411764705882354
0.23255813953488372
0.32051282051282054
0.06521739130434782
0.6538461538461539
0.3387096774193548
0.43333333333333335
0.27848101265822783
0.05555555555555555
0.3170731707317073
0.32456140350877194
0.6190476190476191
0.14285714285714285
0.3163265306122449
0.5689655172413793
0.2
0.37142857142857144
0.2878787878787879
1.0
0.42105263157894735
0.5
0.47368421052631576
0.5365853658536586
0.13513513513513514
0.4855072463768116
0.36666666666666664
0.72
0.3360655737704918
0.72
0.7941176470588235
0.6818181818181818
0.3387096774193548
0.3235294117647059
0.4444444444444444
0.3783783783783784
0.14864864864864866
0.43243243243243246
0.56
0.2923076923076923
0.6956521739130435
0.6333333333333333
0.07894736842105263
0.7121212121212122
0.6956521739130435
0.47368421052631576
0.2037037037037037
0.5142857142857142
0.8947368421052632
0.7058823529411765
0.2792207792207792
0.09090909090909091
0.4444444444444444
0.3769230769230769
0.7058823529411765
0.8333333333333334
0.4473684210526316
0.2
0.6507936507936508
0.62
0.5
0.4069767441860465
0.0
0.5
0.5540540540540541
0.41379310344827586
0.6818181818181818
0.4827586206896552
0.5714285714285714
0.21739130434782608
0.3492063492063492
0.24242424242424243
0.36
0.46153846153846156
0.11764705882352941
0.5
0.23255813953488372
0.3333333333333333
0.46
0.3548387096774194
0.6111111111111112
0.2391304347826087
0.32978723404255317
0.6216216216216216
0.8703703703703703
0.18604651162790697
0.47619047619047616
0.11764705882352941
0.30303030303030304
0.6444444444444445
0.11764705882352941
0.8
0.5540540540540541
0.37058823529411766
0.6043956043956044
0.3275862068965517
0.8
0.5095238095238095
0.5307692307692308
0.3412698412698413
0.8372093023255814
0.23809523809523808
0.3442622950819672
0.13380281690140844
0.2597402597402597
0.33783783783783783
0.3448275862068966
0.25555555555555554
0.47468354430379744
0.2653061224489796
0.48936170212765956
0.16666666666666666
0.2894736842105263
0.36363636363636365
0.1206896551724138
0.1
0.29310344827586204
0.22340425531914893
0.24545454545454545
0.15789473684210525
0.23333333333333334
0.4473684210526316
0.09090909090909091
0.5454545454545454
0.18421052631578946
0.5337078651685393
0.4811320754716981
0.4
0.36075949367088606
0.42168674698795183
0.16129032258064516
0.18421052631578946
0.3709677419354839
0.5888888888888889
0.8666666666666667
0.47619047619047616
0.36486486486486486
0.3275862068965517
0.4507042253521127
0.20930232558139536
0.41379310344827586
0.2636363636363636
0.1935483870967742
0.3974358974358974
0.013513513513513514
0.5727272727272728
0.19696969696969696
0.42
0.4787234042553192
0.6521739130434783
0.38235294117647056
1.0
0.0
0.6219512195121951
0.4857142857142857
0.5102040816326531
0.30327868852459017
0.5652173913043478
0.3023255813953488
0.2714285714285714
0.20967741935483872
0.46296296296296297
0.14
0.3613861386138614
0.3559322033898305
0.26119402985074625
0.26
0.8484848484848485
0.72
0.2037037037037037
0.34782608695652173
0.3142857142857143
0.18421052631578946
0.20588235294117646
0.42857142857142855
0.5
0.4387755102040816
0.2
0.1511627906976744
0.41379310344827586
0.4032258064516129
0.6764705882352942
0.07142857142857142
0.27586206896551724
0.5098039215686274
0.5057471264367817
0.30952380952380953
0.34615384615384615
0.4142857142857143
0.4024390243902439
0.3372093023255814
0.16
0.0
0.3
0.3157894736842105
0.20359281437125748
0.07785467128027682
0.2770700636942675
0.2948717948717949
0.3595505617977528
0.16666666666666666
0.35964912280701755
0.45121951219512196
0.3888888888888889
0.2786885245901639
0.44871794871794873
0.23529411764705882
0.7666666666666667
0.2857142857142857
0.27419354838709675
0.3770491803278688
0.4146341463414634
0.6097560975609756
0.2553191489361702
0.5333333333333333
0.32978723404255317
0.3860759493670886
0.16666666666666666
0.5571428571428572
0.8793103448275862
0.4574468085106383
0.5714285714285714
0.5
0.776595744680851
0.2553191489361702
0.4
0.22340425531914893
0.32075471698113206
0.7346938775510204
0.3865546218487395
0.36
0.39622641509433965
0.46511627906976744
0.6111111111111112
0.4666666666666667
0.11538461538461539
1.0
0.18421052631578946
0.23529411764705882
0.38
0.3684210526315789
0.2413793103448276
0.1
0.16
0.5
0.4382716049382716
0.35185185185185186
0.28205128205128205
0.25333333333333335
0.19047619047619047
0.5392156862745098
0.3114754098360656
0.23529411764705882
0.4411764705882353
0.6463414634146342
0.2564102564102564
0.23684210526315788
0.11904761904761904
0.5862068965517241
0.4823529411764706
0.2
0.5289855072463768
0.16666666666666666
0.1885245901639344
0.352112676056338
0.37662337662337664
0.07692307692307693
0.2
0.0
0.3333333333333333
0.2619047619047619
0.5428571428571428
0.39690721649484534
0.3333333333333333
0.42473118279569894
0.28
0.4
0.6818181818181818
1.0
0.5588235294117647
0.6764705882352942
0.5476190476190477
0.3870967741935484
0.5
0.3617021276595745
0.5882352941176471
0.24285714285714285
0.2441860465116279
0.4523809523809524
0.32857142857142857
0.2702702702702703
0.06666666666666667
0.2619047619047619
0.6379310344827587
0.10526315789473684
0.6363636363636364
0.4827586206896552
0.2441860465116279
0.4
0.11764705882352941
0.5
0.39090909090909093
1.0
0.6808510638297872
0.2804878048780488
0.3484848484848485
0.36792452830188677
0.21052631578947367
0.4782608695652174
0.2549019607843137
0.1111111111111111
0.23333333333333334
0.46938775510204084
0.45384615384615384
0.2857142857142857
0.17142857142857143
0.0
0.2653061224489796
0.8939393939393939
0.5757575757575758
0.30701754385964913
0.44
0.5
0.5303030303030303
0.42105263157894735
0.6153846153846154
0.6212121212121212
0.8870967741935484
0.4
0.038461538461538464
0.0
0.07142857142857142
0.14705882352941177
0.4
0.7333333333333333
0.43283582089552236
0.4473684210526316
0.5923076923076923
0.3111111111111111
0.45555555555555555
0.6212121212121212
0.6454545454545455
0.2
0.532258064516129
0.14705882352941177
0.39215686274509803
0.4
0.45121951219512196
0.34615384615384615
1.0
0.35714285714285715
0.16666666666666666
0.07692307692307693
0.4782608695652174
0.44545454545454544
0.5952380952380952
0.391304347826087
0.3888888888888889
0.5254237288135594
0.2692307692307692
0.0
0.6111111111111112
0.66
0.6372549019607843
0.3103448275862069
0.5545454545454546
0.10869565217391304
0.3953488372093023
0.4032258064516129
0.4222222222222222
1.0
0.43023255813953487
1.0
0.42857142857142855
0.0
0.7105263157894737
0.16666666666666666
0.11904761904761904
0.1744186046511628
0.1111111111111111
0.14516129032258066
0.14285714285714285
0.7
0.3
0.6363636363636364
0.21428571428571427
0.29411764705882354
0.19101123595505617
0.40476190476190477
0.34210526315789475
0.20588235294117646
0.45121951219512196
0.21428571428571427
0.32857142857142857
0.43617021276595747
0.6666666666666666
0.4827586206896552
0.37142857142857144
0.6268656716417911
0.5632183908045977
0.7258064516129032
0.5967741935483871
0.7068965517241379
0.19230769230769232
0.16666666666666666
0.0
0.21428571428571427
0.22727272727272727
0.5128205128205128
0.3023255813953488
0.5273972602739726
0.16666666666666666
0.4857142857142857
0.31343283582089554
0.24390243902439024
0.3076923076923077
0.6829268292682927
0.22764227642276422
0.06666666666666667
0.717391304347826
0.527027027027027
0.48
0.34210526315789475
0.21428571428571427
0.19767441860465115
0.47674418604651164
0.17391304347826086
0.16666666666666666
0.2608695652173913
0.35064935064935066
0.2153846153846154
0.4222222222222222
0.5
0.3717948717948718
0.04878048780487805
0.2692307692307692
0.3516483516483517
0.2631578947368421
0.2727272727272727
0.16412213740458015
0.3695652173913043
0.0945945945945946
0.16666666666666666
0.14285714285714285
0.11290322580645161
0.20967741935483872
0.45652173913043476
0.4823529411764706
0.5094339622641509
0.3620689655172414
0.5789473684210527
0.32857142857142857
0.24324324324324326
0.06666666666666667
0.391304347826087
0.34782608695652173
0.5454545454545454
0.47619047619047616
0.19491525423728814
0.2926829268292683
0.3387096774193548
0.4716981132075472
0.5172413793103449
0.5806451612903226
0.5555555555555556
0.44339622641509435
0.35585585585585583
0.8260869565217391
0.72
0.6666666666666666
0.2682926829268293
0.3805970149253731
0.38095238095238093
0.3412698412698413
0.24324324324324326
0.3670886075949367
0.2692307692307692
0.33116883116883117
0.22413793103448276
0.3082191780821918
0.47560975609756095
0.24242424242424243
0.5266666666666666
0.4217391304347826
0.30952380952380953
0.16666666666666666
0.2222222222222222
0.038461538461538464
0.5294117647058824
0.0
0.3793103448275862
0.43023255813953487
0.42857142857142855
0.5238095238095238
0.13333333333333333
0.9130434782608695
0.40476190476190477
0.7195121951219512
0.8461538461538461
0.5370370370370371
0.7307692307692307
0.4411764705882353
0.38571428571428573
0.5434782608695652
0.7037037037037037
0.26
0.42857142857142855
0.3181818181818182
0.17391304347826086
0.46511627906976744
0.32558139534883723
0.4634146341463415
0.4076923076923077
0.3
0.5925925925925926
0.5714285714285714
0.6
0.40540540540540543
0.13414634146341464
0.37755102040816324
0.16
0.3192771084337349
0.2127659574468085
0.4074074074074074
0.3
0.6190476190476191
0.25806451612903225
0.3076923076923077
0.15555555555555556
0.3684210526315789
0.6521739130434783
0.49122807017543857
0.46153846153846156
0.27586206896551724
0.27906976744186046
0.21818181818181817
0.427536231884058
0.5753424657534246
0.24285714285714285
0.32
0.42857142857142855
0.32
0.17346938775510204
0.10526315789473684
0.2894736842105263
0.07692307692307693
0.6794871794871795
0.1724137931034483
0.5185185185185185
0.6612903225806451
0.2765957446808511
0.46153846153846156
0.15454545454545454
0.2457627118644068
0.8793103448275862
0.2619047619047619
0.34444444444444444
0.2702702702702703
0.3076923076923077
0.15384615384615385
0.5571428571428572
0.6470588235294118
0.19387755102040816
0.44680851063829785
0.38596491228070173
0.47560975609756095
0.3235294117647059
0.36585365853658536
0.6037735849056604
0.3684210526315789
0.3333333333333333
0.2948717948717949
0.41935483870967744
0.5444444444444444
0.7068965517241379
0.40540540540540543
0.5813953488372093
0.18421052631578946
0.09259259259259259
0.5
0.8157894736842105
0.35384615384615387
0.47058823529411764
0.29310344827586204
0.5483870967741935
0.46938775510204084
0.45081967213114754
0.17391304347826086
0.4067796610169492
0.6951219512195121
0.22592592592592592
0.5348837209302325
0.3181818181818182
0.30701754385964913
0.2830188679245283
0.27485380116959063
0.27049180327868855
0.2857142857142857
0.1
0.2222222222222222
0.631578947368421
0.32608695652173914
0.45614035087719296
0.48412698412698413
0.3644067796610169
0.23529411764705882
0.6228070175438597
0.3384615384615385
0.17777777777777778
0.2191780821917808
0.23684210526315788
0.16666666666666666
0.0
0.3448275862068966
0.3333333333333333
0.25806451612903225
0.5769230769230769
0.5217391304347826
0.4
0.631578947368421
0.5985915492957746
0.38461538461538464
0.4426229508196721
0.2894736842105263
0.10869565217391304
0.3333333333333333
0.21052631578947367
0.5405405405405406
0.2
0.6111111111111112
0.4838709677419355
0.2608695652173913
0.3695652173913043
0.4943820224719101
0.14705882352941177
0.32432432432432434
0.5487804878048781
0.8484848484848485
0.5925925925925926
0.56
0.6274509803921569
0.25675675675675674
0.3
0.3
0.5344827586206896
0.3114754098360656
0.5617977528089888
0.3979591836734694
0.6923076923076923
0.7258064516129032
0.4057971014492754
0.36792452830188677
0.7142857142857143
1.0
0.37209302325581395
0.32222222222222224
0.8837209302325582
0.4230769230769231
0.3333333333333333
0.6440677966101694
0.6086956521739131
0.4117647058823529
0.41025641025641024
0.4
0.24074074074074073
0.21428571428571427
0.39473684210526316
0.5666666666666667
0.12903225806451613
0.3620689655172414
0.36666666666666664
0.46153846153846156
0.5
0.68
0.19607843137254902
0.7096774193548387
0.5
0.39473684210526316
0.48484848484848486
0.2
0.2682926829268293
0.574468085106383
0.15384615384615385
0.2619047619047619
0.36666666666666664
0.21428571428571427
0.3644067796610169
1.0
0.09523809523809523
0.22857142857142856
0.22340425531914893
0.21951219512195122
0.4634146341463415
0.5425531914893617
0.34146341463414637
0.4936708860759494
0.18
1.0
0.3
0.0
0.1
0.19696969696969696
0.4295774647887324
0.2922077922077922
0.21052631578947367
0.5303030303030303
0.3333333333333333
0.7424242424242424
0.4444444444444444
0.3333333333333333
0.5821917808219178
0.4523809523809524
0.45714285714285713
0.8072289156626506
0.8888888888888888
0.5555555555555556
0.652542372881356
0.6
0.16666666666666666
0.22413793103448276
0.5
0.4830508474576271
0.4365079365079365
0.5465116279069767
0.44366197183098594
0.24285714285714285
0.4520547945205479
0.6938775510204082
0.38461538461538464
0.8478260869565217
0.32926829268292684
0.3225806451612903
0.2
0.14444444444444443
0.5571428571428572
0.5333333333333333
0.3387096774193548
0.17777777777777778
0.43103448275862066
0.33962264150943394
0.8648648648648649
0.49019607843137253
0.5566037735849056
0.45714285714285713
0.58
0.7666666666666667
0.04838709677419355
0.3953488372093023
0.5540540540540541
0.32
0.5857142857142857
0.3469387755102041
0.5769230769230769
0.7068965517241379
0.26153846153846155
0.21951219512195122
0.38571428571428573
0.37894736842105264
0.358974358974359
0.3442622950819672
0.44680851063829785
0.41025641025641024
0.38235294117647056
0.32653061224489793
0.30916030534351147
0.15517241379310345
0.6666666666666666
0.7368421052631579
0.07692307692307693
0.6111111111111112
0.48
0.7439024390243902
0.527027027027027
0.717391304347826
0.58
0.66
0.41304347826086957
0.5
0.22972972972972974
0.581081081081081
0.1774193548387097
0.21348314606741572
0.14285714285714285
0.28
0.09649122807017543
0.3780487804878049
0.3983050847457627
0.29310344827586204
0.16666666666666666
0.7704918032786885
0.47058823529411764
0.17391304347826086
0.4444444444444444
0.3974358974358974
0.5517241379310345
0.2894736842105263
0.42105263157894735
0.34210526315789475
0.3333333333333333
0.45918367346938777
0.36619718309859156
0.4883720930232558
0.6111111111111112
0.038461538461538464
0.3333333333333333
0.1
0.0
0.2692307692307692
1.0
0.5327868852459017
0.6451612903225806
0.3767123287671233
0.42857142857142855
0.5597014925373134
0.2857142857142857
0.6363636363636364
0.0
0.0
0.5483870967741935
0.4189189189189189
0.4864864864864865
0.6415094339622641
0.5408163265306123
0.3181818181818182
0.7674418604651163
0.8255813953488372
0.39090909090909093
0.2549019607843137
0.8333333333333334
0.6379310344827587
0.3793103448275862
0.44871794871794873
0.5579710144927537
0.5
0.40476190476190477
0.2545454545454545
0.45652173913043476
0.5656565656565656
0.5294117647058824
0.5705882352941176
0.31746031746031744
0.42857142857142855
0.2413793103448276
0.6285714285714286
0.42727272727272725
0.3780487804878049
0.6830985915492958
0.5927835051546392
0.3181818181818182
0.6129032258064516
0.8043478260869565
0.2619047619047619
0.7608695652173914
0.42105263157894735
0.21212121212121213
0.4074074074074074
0.4032258064516129
0.6081081081081081
0.66
0.34210526315789475
0.2826086956521739
0.6578947368421053
0.43243243243243246
0.8275862068965517
0.3656716417910448
0.5714285714285714
0.16666666666666666
0.7666666666666667
0.45774647887323944
0.22131147540983606
0.3333333333333333
0.4154929577464789
0.5204081632653061
0.5
0.47540983606557374
0.5714285714285714
0.5487804878048781
0.34146341463414637
0.5070422535211268
0.7619047619047619
0.5352112676056338
0.37037037037037035
0.5217391304347826
0.5925925925925926
0.0
1.0
0.7096774193548387
0.47560975609756095
0.11764705882352941
0.6271186440677966
0.7068965517241379
0.5070422535211268
0.7407407407407407
0.5126582278481012
0.07142857142857142
0.13333333333333333
0.19230769230769232
0.5238095238095238
0.3111111111111111
0.2894736842105263
0.3103448275862069
0.7075471698113207
0.3157894736842105
0.6621621621621622
0.2
0.0
0.16666666666666666
0.6707317073170732
0.6511627906976745
0.4230769230769231
0.2857142857142857
0.21621621621621623
0.13043478260869565
0.6923076923076923
0.25757575757575757
0.5769230769230769
0.5476190476190477
0.7368421052631579
0.358974358974359
0.21794871794871795
0.3333333333333333
0.4649122807017544
0.34615384615384615
0.3333333333333333
0.6296296296296297
0.2037037037037037
0.36666666666666664
0.509090909090909
0.19696969696969696
0.3723404255319149
0.44
0.19047619047619047
0.532967032967033
0.5769230769230769
0.5757575757575758
0.35714285714285715
0.5140845070422535
0.4696969696969697
0.7142857142857143
0.40476190476190477
0.4782608695652174
0.22857142857142856
0.38095238095238093
0.23076923076923078
0.5217391304347826
0.3709677419354839
0.4666666666666667
0.2
0.8333333333333334
0.3387096774193548
0.3484848484848485
0.627906976744186
0.23076923076923078
0.7702702702702703
0.5126582278481012
0.24528301886792453
0.21621621621621623
0.5
0.29411764705882354
0.5238095238095238
0.38372093023255816
0.44871794871794873
0.34210526315789475
0.26666666666666666
0.19767441860465115
0.22580645161290322
0.5
0.5454545454545454
0.13043478260869565
0.3258426966292135
0.1951219512195122
0.09836065573770492
0.5615384615384615
0.6846153846153846
0.6557377049180327
0.47058823529411764
0.2714285714285714
0.6666666666666666
0.4482758620689655
0.5392156862745098
0.6
0.32608695652173914
0.2903225806451613
1.0
0.18518518518518517
0.37341772151898733
0.37681159420289856
0.5434782608695652
0.20634920634920634
0.45180722891566266
0.4225352112676056
0.07142857142857142
0.6
0.5370370370370371
0.4418604651162791
0.4726027397260274
0.8108108108108109
0.7580645161290323
0.35555555555555557
0.5675675675675675
0.4189189189189189
0.7372881355932204
0.07692307692307693
0.0
0.0
0.0
0.20588235294117646
0.358974358974359
0.5714285714285714
0.3698630136986301
0.44339622641509435
0.32014388489208634
0.26119402985074625
0.391304347826087
0.68
0.7037037037037037
0.42592592592592593
0.3448275862068966
0.3855421686746988
0.3918918918918919
0.4418604651162791
0.29591836734693877
0.34615384615384615
0.16129032258064516
0.6707317073170732
0.4406779661016949
0.6086956521739131
0.43103448275862066
0.39344262295081966
0.3684210526315789
0.14285714285714285
0.45714285714285713
0.5930232558139535
0.35714285714285715
1.0
0.11764705882352941
0.10869565217391304
0.3333333333333333
0.5
0.2962962962962963
0.23809523809523808
0.2765957446808511
0.30303030303030304
1.0
0.40476190476190477
0.12962962962962962
0.2
0.43333333333333335
0.5454545454545454
0.3888888888888889
0.2777777777777778
0.3235294117647059
0.330188679245283
0.39473684210526316
0.14285714285714285
0.45652173913043476
0.4864864864864865
0.05128205128205128
0.3
0.11538461538461539
0.42424242424242425
0.2619047619047619
0.30701754385964913
0.2391304347826087
0.5185185185185185
0.3076923076923077
0.37037037037037035
0.3673469387755102
0.43333333333333335
0.3584905660377358
0.2608695652173913
0.5
0.19718309859154928
0.30597014925373134
1.0
0.3877551020408163
0.43103448275862066
0.14
0.8095238095238095
0.3313253012048193
0.38
0.37254901960784315
0.47560975609756095
0.5444444444444444
0.3192771084337349
0.5862068965517241
0.3103448275862069
0.24193548387096775
0.4069767441860465
0.32
0.28205128205128205
0.3974358974358974
0.5932203389830508
0.18
0.8260869565217391
0.4818181818181818
0.3939393939393939
0.29069767441860467
0.4222222222222222
0.4222222222222222
0.43333333333333335
0.1797752808988764
0.5571428571428572
0.23809523809523808
0.19387755102040816
0.2571428571428571
0.3103448275862069
0.25862068965517243
0.4222222222222222
0.2727272727272727
0.07575757575757576
0.34615384615384615
0.23684210526315788
0.29508196721311475
0.2692307692307692
0.3333333333333333
0.5869565217391305
0.2777777777777778
0.25806451612903225
0.6271186440677966
0.07894736842105263
0.34615384615384615
0.16666666666666666
0.34444444444444444
0.3523809523809524
0.21311475409836064
0.3983050847457627
0.38
0.524390243902439
0.5077519379844961
0.5
0.2966101694915254
0.24324324324324326
0.24545454545454545
0.14
0.5254237288135594
0.16129032258064516
1.0
0.5769230769230769
0.43333333333333335
0.3181818181818182
0.13636363636363635
0.48148148148148145
0.8181818181818182
0.5
0.12396694214876033
0.5396825396825397
0.37777777777777777
0.5769230769230769
0.43859649122807015
0.4098360655737705
0.9206349206349206
0.4146341463414634
0.3709677419354839
0.488
0.37349397590361444
0.34782608695652173
0.23684210526315788
0.5116279069767442
0.08823529411764706
0.38596491228070173
0.37254901960784315
0.34615384615384615
0.3135593220338983
0.569620253164557
0.6692307692307692
0.45454545454545453
0.42528735632183906
0.33783783783783783
0.5531914893617021
0.21568627450980393
0.3870967741935484
0.17777777777777778
0.4411764705882353
0.5
0.14705882352941177
0.23076923076923078
0.43103448275862066
0.6097560975609756
0.4666666666666667
0.2714285714285714
0.7068965517241379
0.4782608695652174
0.3181818181818182
0.2692307692307692
0.29411764705882354
0.46153846153846156
0.3490566037735849
0.25925925925925924
0.19047619047619047
0.5
0.3783783783783784
0.8703703703703703
0.3684210526315789
0.5
0.3627450980392157
0.6739130434782609
0.6481481481481481
0.4909090909090909
0.26744186046511625
0.14285714285714285
0.5188679245283019
0.4189189189189189
0.5555555555555556
0.2898550724637681
0.5272727272727272
0.45348837209302323
0.2926829268292683
0.5
0.18181818181818182
0.30952380952380953
0.3888888888888889
0.46808510638297873
0.2459016393442623
0.11764705882352941
0.38461538461538464
0.32978723404255317
0.3898305084745763
0.15217391304347827
0.35294117647058826
0.24
0.22857142857142856
0.2987012987012987
0.27927927927927926
0.3072289156626506
0.6311475409836066
0.16666666666666666
0.0
0.0
0.014285714285714285
0.0
0.8727272727272727
0.7448979591836735
1.0
0.2571428571428571
0.38
0.23076923076923078
0.35507246376811596
0.5408163265306123
0.23333333333333334
0.2028985507246377
0.3786407766990291
0.16666666666666666
0.0
0.0
0.3333333333333333
0.41304347826086957
0.22580645161290322
0.4696969696969697
0.08823529411764706
0.07142857142857142
0.3783783783783784
0.7941176470588235
0.14
0.35294117647058826
0.3142857142857143
0.8490566037735849
0.23684210526315788
0.3888888888888889
0.18
0.6764705882352942
0.2647058823529412
0.8023255813953488
0.22
0.09523809523809523
0.36363636363636365
0.47368421052631576
0.6818181818181818
0.37755102040816324
0.40476190476190477
0.23178807947019867
0.5930232558139535
0.4782608695652174
0.2857142857142857
0.46938775510204084
0.07476635514018691
0.21311475409836064
0.4634146341463415
0.45555555555555555
0.23076923076923078
0.41304347826086957
0.6851851851851852
0.36666666666666664
0.5
0.37735849056603776
0.5396825396825397
0.32727272727272727
0.32
0.6266666666666667
0.5476190476190477
0.41935483870967744
0.5
0.42857142857142855
0.5272727272727272
0.4367816091954023
1.0
0.32653061224489793
0.3018867924528302
0.47058823529411764
0.8387096774193549
0.3626373626373626
0.30303030303030304
0.34057971014492755
0.7894736842105263
0.2857142857142857
0.6274509803921569
0.24025974025974026
0.17391304347826086
0.2830188679245283
0.4716981132075472
0.17543859649122806
0.3048780487804878
0.313953488372093
0.3
1.0
0.1774193548387097
0.2966101694915254
0.5645161290322581
0.3488372093023256
0.2894736842105263
0.717391304347826
0.14285714285714285
0.44871794871794873
0.3142857142857143
0.4782608695652174
0.43478260869565216
0.15789473684210525
0.56
0.45348837209302323
0.2413793103448276
0.5142857142857142
0.39655172413793105
0.4411764705882353
0.4714285714285714
0.22727272727272727
0.2702702702702703
0.16
0.15217391304347827
0.36363636363636365
0.5185185185185185
0.2894736842105263
0.27586206896551724
0.6
0.47619047619047616
0.3333333333333333
0.3695652173913043
0.2636363636363636
0.0
0.0
0.3333333333333333
0.2073170731707317
0.2037037037037037
0.3333333333333333
0.62
0.42105263157894735
0.7407407407407407
0.2
0.3787878787878788
0.6585365853658537
0.7786885245901639
0.3333333333333333
0.10606060606060606
0.36046511627906974
0.42857142857142855
0.15517241379310345
0.5370370370370371
0.4074074074074074
0.6333333333333333
0.4827586206896552
0.6333333333333333
0.32857142857142857
0.8717948717948718
0.3684210526315789
0.07407407407407407
0.2894736842105263
0.4574468085106383
0.6571428571428571
0.5151515151515151
0.6756756756756757
0.3333333333333333
0.7111111111111111
0.04938271604938271
0.5229885057471264
0.7424242424242424
0.4418604651162791
0.3563218390804598
0.5909090909090909
0.48
0.17647058823529413
0.6555555555555556
0.1774193548387097
0.21052631578947367
0.5476190476190477
0.3333333333333333
0.5245901639344263
0.052845528455284556
0.2804878048780488
0.20512820512820512
0.10264900662251655
0.43902439024390244
0.2631578947368421
0.4358974358974359
0.26436781609195403
0.4246575342465753
0.49382716049382713
0.3211920529801324
0.2850467289719626
0.47368421052631576
0.3547008547008547
0.4661016949152542
0.46
0.10344827586206896
0.5882352941176471
0.15384615384615385
0.7666666666666667
0.29292929292929293
0.37662337662337664
0.4090909090909091
0.4032258064516129
0.15384615384615385
0.25925925925925924
0.3048780487804878
0.7
0.5655737704918032
0.38028169014084506
0.20634920634920634
0.43902439024390244
0.4782608695652174
0.3617886178861789
0.2391304347826087
0.45348837209302323
0.23684210526315788
0.46153846153846156
0.21052631578947367
0.2
0.5
0.3048780487804878
0.4067796610169492
0.7459016393442623
0.4507042253521127
0.5514018691588785
0.4473684210526316
0.5048543689320388
0.5379746835443038
0.3368421052631579
0.7666666666666667
0.6341463414634146
0.23636363636363636
0.39436619718309857
0.6037735849056604
0.36363636363636365
0.36585365853658536
0.7244897959183674
0.6410256410256411
0.46153846153846156
0.2111111111111111
0.4358974358974359
0.7272727272727273
0.5975609756097561
0.6147540983606558
0.5377358490566038
0.3
0.25925925925925924
0.18181818181818182
0.9186046511627907
0.5483870967741935
0.4069767441860465
0.6129032258064516
0.5068493150684932
0.7575757575757576
0.7571428571428571
0.42592592592592593
0.3524590163934426
0.6518987341772152
0.5217391304347826
0.5285714285714286
0.463768115942029
0.47674418604651164
0.3484848484848485
0.46153846153846156
0.5
0.608433734939759
0.46774193548387094
0.13829787234042554
0.5465116279069767
0.8260869565217391
0.5588235294117647
0.6721311475409836
0.6265822784810127
0.52
0.44339622641509435
0.5849056603773585
0.45161290322580644
0.7926829268292683
0.4230769230769231
0.45652173913043476
0.6212121212121212
0.6567164179104478
0.3333333333333333
0.6333333333333333
0.46511627906976744
0.5161290322580645
0.4032258064516129
0.2872340425531915
0.3448275862068966
0.5222222222222223
0.2358490566037736
0.45161290322580644
0.45614035087719296
0.6129032258064516
0.46551724137931033
0.45161290322580644
0.7073170731707317
0.38095238095238093
0.20588235294117646
0.46153846153846156
0.22727272727272727
0.696969696969697
0.7162162162162162
0.2857142857142857
0.5370370370370371
0.2878787878787879
0.5
0.25925925925925924
0.3157894736842105
0.29411764705882354
0.4069767441860465
0.6052631578947368
0.6896551724137931
0.5
0.5757575757575758
0.7280701754385965
0.6140350877192983
0.45569620253164556
0.5555555555555556
1.0
0.3488372093023256
0.5909090909090909
0.32
0.4444444444444444
0.5714285714285714
0.2536231884057971
0.5714285714285714
0.8428571428571429
0.22580645161290322
0.6376811594202898
0.07142857142857142
0.5
0.3181818181818182
0.5204081632653061
0.4189189189189189
0.37037037037037035
0.4818181818181818
0.6181818181818182
0.3888888888888889
0.5526315789473685
0.35135135135135137
0.3835616438356164
0.5425531914893617
0.7258064516129032
0.7452830188679245
0.2
0.3627450980392157
0.5254237288135594
0.6219512195121951
0.30434782608695654
0.6037735849056604
0.47368421052631576
0.528169014084507
1.0
0.09047619047619047
0.6666666666666666
0.48148148148148145
0.5186915887850467
0.21739130434782608
0.5
0.4
0.3372093023255814
0.7363636363636363
0.38596491228070173
0.574468085106383
0.13333333333333333
0.36
0.34615384615384615
0.37272727272727274
0.23770491803278687
0.47530864197530864
0.44594594594594594
0.3953488372093023
0.2413793103448276
0.3961038961038961
0.28378378378378377
0.2898550724637681
0.40350877192982454
0.22950819672131148
0.43661971830985913
0.40540540540540543
0.673469387755102
0.3939393939393939
0.1951219512195122
0.37662337662337664
0.4358974358974359
0.34415584415584416
0.5068493150684932
0.13513513513513514
0.4142857142857143
0.46923076923076923
0.3490566037735849
0.6190476190476191
0.32456140350877194
0.5882352941176471
0.43956043956043955
0.5333333333333333
0.6296296296296297
1.0
0.8615384615384616
0.2702702702702703
0.5967741935483871
0.6111111111111112
0.5409836065573771
0.4863013698630137
0.6086956521739131
0.18571428571428572
0.3620689655172414
0.3853211009174312
0.42857142857142855
0.36046511627906974
0.23333333333333334
0.23809523809523808
0.5348837209302325
0.2028985507246377
0.38095238095238093
0.6129032258064516
0.4032258064516129
0.37254901960784315
0.47058823529411764
0.3974358974358974
0.13157894736842105
0.43333333333333335
0.5333333333333333
0.3048780487804878
0.5408163265306123
0.5074626865671642
0.5777777777777777
0.47619047619047616
0.15306122448979592
0.1744186046511628
0.09090909090909091
0.2727272727272727
0.40540540540540543
0.2638190954773869
0.42424242424242425
0.44285714285714284
0.31313131313131315
0.5
0.42592592592592593
0.35443037974683544
0.5882352941176471
0.5851063829787234
0.2391304347826087
0.4154929577464789
0.24786324786324787
0.1951219512195122
0.6111111111111112
0.28431372549019607
0.7258064516129032
0.43636363636363634
0.5
0.6632653061224489
0.42
0.3305084745762712
0.45132743362831856
0.4946236559139785
0.39655172413793105
0.4444444444444444
0.23809523809523808
0.46
0.6016949152542372
0.6666666666666666
0.23015873015873015
0.25675675675675674
0.5135135135135135
0.7551020408163265
0.3904109589041096
0.6025641025641025
0.26865671641791045
0.41605839416058393
0.7051282051282052
0.7121212121212122
0.78
0.46511627906976744
0.4189189189189189
0.5
0.4067796610169492
0.4473684210526316
0.5266666666666666
0.3504273504273504
0.49504950495049505
0.8870967741935484
0.6
0.4025974025974026
0.4225352112676056
0.3118811881188119
0.23170731707317074
0.5229885057471264
0.16666666666666666
0.34210526315789475
0.24149659863945577
0.33516483516483514
0.6153846153846154
0.4117647058823529
0.3888888888888889
0.32113821138211385
0.47333333333333333
0.13953488372093023
0.47191011235955055
0.4155844155844156
0.21739130434782608
0.28
0.4842105263157895
0.3299319727891156
0.41379310344827586
0.2727272727272727
0.25555555555555554
0.27350427350427353
0.3333333333333333
0.5547945205479452
0.6578947368421053
0.8095238095238095
0.5
0.19047619047619047
0.6857142857142857
0.32926829268292684
0.3064516129032258
0.3488372093023256
0.5655737704918032
0.6551724137931034
0.23333333333333334
0.4098360655737705
0.6037735849056604
0.43333333333333335
0.32926829268292684
0.5405405405405406
0.30952380952380953
0.43478260869565216
0.19047619047619047
0.18181818181818182
0.48360655737704916
0.27450980392156865
0.38235294117647056
0.5784313725490197
0.39215686274509803
0.4152542372881356
0.5444444444444444
0.43902439024390244
0.4666666666666667
0.5263157894736842
0.21212121212121213
0.6142857142857143
0.5303030303030303
0.5384615384615384
0.17647058823529413
0.3076923076923077
0.14634146341463414
0.21212121212121213
0.40350877192982454
0.34285714285714286
0.46153846153846156
0.42452830188679247
0.4358974358974359
0.22413793103448276
0.5344827586206896
0.27358490566037735
0.13953488372093023
0.18181818181818182
0.3103448275862069
0.3208955223880597
0.1724137931034483
0.3333333333333333
0.48717948717948717
0.4358974358974359
0.5443037974683544
0.5333333333333333
0.5128205128205128
0.7926829268292683
0.5217391304347826
0.3188405797101449
0.2692307692307692
0.8255813953488372
0.5373134328358209
0.4482758620689655
1.0
0.3728813559322034
0.4230769230769231
0.3220338983050847
0.3987341772151899
0.42201834862385323
0.6097560975609756
0.5
0.30303030303030304
0.46
0.5746268656716418
0.6075949367088608
0.7551020408163265
0.25949367088607594
0.2
0.038461538461538464
0.2777777777777778
0.6228070175438597
0.4365079365079365
0.6764705882352942
0.16666666666666666
0.8333333333333334
0.35384615384615387
0.2692307692307692
0.4387755102040816
0.25510204081632654
0.6021505376344086
0.4230769230769231
0.07142857142857142
0.5759493670886076
0.12962962962962962
0.5894736842105263
0.45555555555555555
0.2
0.3356164383561644
0.42857142857142855
0.7380952380952381
0.42
0.6372549019607843
0.16981132075471697
0.10305343511450382
0.3333333333333333
1.0
0.37254901960784315
0.35555555555555557
0.7333333333333333
0.2608695652173913
0.3235294117647059
0.509090909090909
0.5294117647058824
0.29411764705882354
0.13333333333333333
0.47692307692307695
0.29245283018867924
0.29411764705882354
0.41836734693877553
0.32608695652173914
0.36585365853658536
0.16037735849056603
0.21212121212121213
0.3163265306122449
0.5
0.4824561403508772
0.7619047619047619
0.5454545454545454
0.4491525423728814
0.5
0.2948717948717949
0.20967741935483872
0.43103448275862066
0.2647058823529412
0.42
0.3717948717948718
0.3717948717948718
0.22807017543859648
0.5121951219512195
0.4084507042253521
0.3
0.5
0.5079365079365079
0.42727272727272725
0.3865979381443299
0.6
0.6025641025641025
0.3582089552238806
0.7352941176470589
0.6851851851851852
0.2391304347826087
0.44285714285714284
0.3
0.41139240506329117
0.8275862068965517
0.4666666666666667
0.38372093023255816
0.37142857142857144
0.4146341463414634
0.5303030303030303
0.4
0.5952380952380952
0.39080459770114945
0.30303030303030304
0.34831460674157305
0.5116279069767442
0.0
0.7162162162162162
0.6585365853658537
0.3
0.2246376811594203
0.43023255813953487
0.39855072463768115
0.20967741935483872
0.5333333333333333
0.3163265306122449
0.2692307692307692
0.25555555555555554
0.3813559322033898
0.3230769230769231
0.5153846153846153
0.37777777777777777
0.3888888888888889
0.3170731707317073
0.6571428571428571
0.3978494623655914
0.38596491228070173
0.32857142857142857
0.7741935483870968
0.47368421052631576
0.652542372881356
0.3333333333333333
0.5
0.21428571428571427
0.30952380952380953
0.35384615384615387
0.4777777777777778
0.7894736842105263
0.35185185185185186
0.3508771929824561
0.21739130434782608
0.5352112676056338
0.37341772151898733
0.559322033898305
0.3333333333333333
0.512987012987013
0.7912087912087912
0.2830188679245283
0.319672131147541
0.14
0.5
0.28
0.06521739130434782
0.3225806451612903
0.43478260869565216
0.45918367346938777
0.5370370370370371
0.4230769230769231
0.46296296296296297
0.43478260869565216
0.1956521739130435
0.7307692307692307
0.21052631578947367
0.36
0.32
0.4
0.2037037037037037
0.5263157894736842
0.26666666666666666
0.6463414634146342
0.5645161290322581
0.4222222222222222
0.2037037037037037
0.27906976744186046
0.313953488372093
0.4268292682926829
0.29591836734693877
0.5121951219512195
0.4032258064516129
0.3787878787878788
0.5365853658536586
0.7692307692307693
0.4069767441860465
0.6956521739130435
0.5697674418604651
0.5163934426229508
0.27358490566037735
0.34782608695652173
0.2804878048780488
0.3333333333333333
0.3157894736842105
0.7162162162162162
0.5612244897959183
0.5303030303030303
0.23529411764705882
0.27611940298507465
0.34
0.6363636363636364
0.18181818181818182
0.7
0.2719298245614035
0.6226415094339622
0.6914893617021277
0.38235294117647056
0.37719298245614036
0.5283018867924528
0.6493506493506493
0.3283582089552239
0.44
0.41333333333333333
0.9056603773584906
0.39090909090909093
0.39622641509433965
0.574468085106383
0.2413793103448276
0.7297297297297297
0.5263157894736842
0.5957446808510638
0.27419354838709675
0.3888888888888889
0.6923076923076923
0.41818181818181815
0.1864406779661017
0.4032258064516129
0.2631578947368421
0.7941176470588235
0.5679012345679012
0.8148148148148148
0.11904761904761904
0.3103448275862069
0.8333333333333334
0.3888888888888889
0.2608695652173913
0.5819672131147541
0.3333333333333333
0.6078431372549019
0.3389830508474576
0.20987654320987653
0.29411764705882354
0.34705882352941175
0.4090909090909091
0.28688524590163933
0.3736842105263158
0.2605633802816901
0.5098039215686274
0.30952380952380953
0.42857142857142855
0.6438356164383562
0.15853658536585366
0.5
0.8717948717948718
0.3333333333333333
0.3987341772151899
0.5
0.4032258064516129
0.45918367346938777
0.27419354838709675
0.5303030303030303
0.3918918918918919
0.6060606060606061
0.5
0.684931506849315
0.7461538461538462
0.4
0.4418604651162791
0.41935483870967744
0.5483870967741935
0.5952380952380952
0.11538461538461539
0.21212121212121213
0.11764705882352941
0.2777777777777778
0.42592592592592593
0.3235294117647059
0.46808510638297873
0.08620689655172414
0.2
0.16666666666666666
0.36633663366336633
0.045454545454545456
0.24324324324324326
0.32075471698113206
0.5
0.5531914893617021
0.3695652173913043
0.22727272727272727
0.4024390243902439
0.9393939393939394
0.5344827586206896
0.6111111111111112
0.45454545454545453
0.2
0.38461538461538464
0.45652173913043476
0.6285714285714286
0.43333333333333335
0.3904109589041096
0.4393939393939394
0.5
0.43820224719101125
0.5181818181818182
0.19811320754716982
0.15517241379310345
0.2765957446808511
0.6333333333333333
0.35365853658536583
0.4782608695652174
0.4634146341463415
0.5454545454545454
0.3387096774193548
0.8108108108108109
0.36363636363636365
0.18421052631578946
0.3113207547169811
0.24285714285714285
0.17391304347826086
0.17142857142857143
0.5135135135135135
0.3113207547169811
0.1320754716981132
0.30303030303030304
0.08
0.3709677419354839
0.6142857142857143
0.1774193548387097
0.05263157894736842
0.18421052631578946
1.0
0.5061728395061729
0.5285714285714286
0.43103448275862066
0.35964912280701755
0.8082191780821918
0.5454545454545454
0.4473684210526316
0.3333333333333333
0.30434782608695654
0.4090909090909091
0.5303030303030303
0.7941176470588235
0.14285714285714285
0.16666666666666666
0.36046511627906974
0.12
0.5483870967741935
0.6063829787234043
0.4358974358974359
0.3469387755102041
0.3150684931506849
0.2441860465116279
0.37254901960784315
0.6612903225806451
0.5851063829787234
0.3387096774193548
0.23170731707317074
0.2777777777777778
0.26
0.2692307692307692
0.37755102040816324
0.6981132075471698
0.46078431372549017
0.5454545454545454
0.5847457627118644
0.3780487804878049
0.14102564102564102
0.25675675675675674
0.2534246575342466
0.6052631578947368
0.1836734693877551
0.27450980392156865
0.5222222222222223
0.5172413793103449
0.13636363636363635
0.5862068965517241
1.0
0.6896551724137931
0.18
0.43103448275862066
0.15384615384615385
0.7105263157894737
0.3333333333333333
0.15714285714285714
0.45652173913043476
0.7368421052631579
0.3191489361702128
0.19767441860465115
0.358974358974359
0.4666666666666667
0.25925925925925924
0.41044776119402987
0.3484848484848485
0.2631578947368421
0.5263157894736842
0.38372093023255816
0.5769230769230769
0.8793103448275862
0.48148148148148145
0.43103448275862066
0.5319148936170213
0.3181818181818182
0.391304347826087
0.27876106194690264
0.62
0.4811320754716981
0.5116279069767442
0.17164179104477612
0.24
0.41578947368421054
0.22807017543859648
0.45555555555555555
0.13636363636363635
0.2222222222222222
0.3181818181818182
0.21176470588235294
0.46226415094339623
0.28431372549019607
0.3469387755102041
0.5571428571428572
0.5
0.48
0.5563380281690141
0.22384937238493724
0.6506849315068494
0.664179104477612
0.25925925925925924
0.3923076923076923
0.48412698412698413
0.46835443037974683
0.6162790697674418
0.7352941176470589
0.06
0.32432432432432434
0.2
0.32051282051282054
0.3888888888888889
0.42857142857142855
0.34782608695652173
0.18
0.4666666666666667
0.20967741935483872
0.05263157894736842
0.7105263157894737
0.4864864864864865
1.0
0.32222222222222224
0.42592592592592593
0.4025974025974026
0.5232558139534884
0.5
0.46511627906976744
0.3333333333333333
0.2826086956521739
0.36666666666666664
0.40425531914893614
0.58
0.8181818181818182
0.3404255319148936
0.5461538461538461
0.3888888888888889
0.5344827586206896
0.32608695652173914
0.2692307692307692
0.35365853658536583
0.48148148148148145
0.14285714285714285
0.20270270270270271
0.5
0.18571428571428572
0.43023255813953487
0.2765957446808511
0.40476190476190477
0.21428571428571427
0.5348837209302325
0.2564102564102564
0.4090909090909091
0.6063829787234043
0.38
0.6226415094339622
0.6886792452830188
0.7272727272727273
0.46774193548387094
0.39473684210526316
0.3695652173913043
0.1984126984126984
0.4574468085106383
0.31954887218045114
0.42857142857142855
0.18
0.6206896551724138
0.4857142857142857
0.2605633802816901
0.4824561403508772
0.43548387096774194
0.782608695652174
0.38235294117647056
0.3220338983050847
0.4069767441860465
0.2619047619047619
0.4661016949152542
0.5319148936170213
0.6571428571428571
0.3484848484848485
0.2
0.18787878787878787
0.27906976744186046
0.19047619047619047
0.3387096774193548
0.38524590163934425
0.2777777777777778
0.5531914893617021
0.17142857142857143
0.22727272727272727
0.7962962962962963
0.17647058823529413
0.2631578947368421
0.2391304347826087
0.2878787878787879
0.7692307692307693
0.3684210526315789
0.6
0.22857142857142856
0.5925925925925926
0.4230769230769231
0.5204081632653061
0.3902439024390244
0.6463414634146342
0.6
0.13333333333333333
0.23076923076923078
0.2894736842105263
0.19047619047619047
0.6111111111111112
0.3769230769230769
0.5256410256410257
0.6097560975609756
0.12790697674418605
0.3617021276595745
0.4666666666666667
0.6304347826086957
0.5121951219512195
0.20212765957446807
0.1891891891891892
0.5294117647058824
0.4074074074074074
0.47560975609756095
0.37755102040816324
0.42
0.24285714285714285
0.6351351351351351
0.6341463414634146
0.5945945945945946
0.42857142857142855
0.3387096774193548
0.33783783783783783
0.7941176470588235
0.7608695652173914
0.52
0.7941176470588235
0.5
0.4098360655737705
1.0
0.3275862068965517
0.5
0.6081081081081081
1.0
0.5
0.17073170731707318
0.3148148148148148
0.3275862068965517
0.3333333333333333
0.1956521739130435
0.3287671232876712
0.7941176470588235
0.47959183673469385
0.32051282051282054
0.6904761904761905
0.72
0.6666666666666666
0.1694915254237288
0.5144927536231884
0.5555555555555556
0.18867924528301888
0.6216216216216216
0.6216216216216216
0.2753623188405797
Min Sentence GLEU Score: 0.0
Max Sentence GLEU Score: 1.0
Average Sentence GLEU Score: 0.39214914931847017
Corpus Sentence GLEU Score: 0.2753623188405797
