0.373015873015873
0.42105263157894735
0.29069767441860467
0.3474576271186441
0.47058823529411764
0.30434782608695654
0.1891891891891892
0.32978723404255317
0.23170731707317074
0.3018867924528302
0.5
0.3076923076923077
0.24285714285714285
0.44285714285714284
0.12162162162162163
0.42592592592592593
0.17272727272727273
0.45454545454545453
0.24390243902439024
0.23076923076923078
0.2857142857142857
0.2222222222222222
0.3
0.23255813953488372
0.23333333333333334
0.13333333333333333
0.11904761904761904
0.0
0.30434782608695654
0.12295081967213115
0.14285714285714285
0.20909090909090908
0.16666666666666666
0.4358974358974359
0.27419354838709675
0.13157894736842105
0.23809523809523808
0.13636363636363635
0.15151515151515152
0.35135135135135137
0.12962962962962962
0.1111111111111111
0.1935483870967742
0.23076923076923078
0.1206896551724138
0.2692307692307692
0.14285714285714285
0.3333333333333333
0.16666666666666666
0.1206896551724138
0.3076923076923077
0.4148936170212766
0.30303030303030304
0.372
0.24691358024691357
0.30689655172413793
0.34328358208955223
0.3888888888888889
0.20909090909090908
0.23118279569892472
0.14814814814814814
0.3225806451612903
0.1111111111111111
0.13855421686746988
0.2
0.3490566037735849
0.32857142857142857
0.30434782608695654
0.1744186046511628
0.14285714285714285
0.15384615384615385
0.18181818181818182
0.17567567567567569
0.2765957446808511
0.24074074074074073
0.08695652173913043
0.08974358974358974
0.3
0.3333333333333333
0.5925925925925926
0.3783783783783784
0.27586206896551724
0.23684210526315788
0.4
0.5714285714285714
0.25862068965517243
0.1891891891891892
0.07692307692307693
0.3333333333333333
0.14285714285714285
0.2777777777777778
0.16393442622950818
0.19230769230769232
0.28
0.40476190476190477
0.24074074074074073
0.3
0.2222222222222222
0.3717948717948718
0.3
0.20909090909090908
0.36363636363636365
0.5
0.21428571428571427
0.3218390804597701
0.52
0.16666666666666666
0.21311475409836064
0.22
0.39473684210526316
0.1935483870967742
0.46511627906976744
0.12
0.3888888888888889
0.2727272727272727
0.3
0.1794871794871795
0.19090909090909092
0.5142857142857142
0.26666666666666666
0.30701754385964913
0.3018867924528302
0.4857142857142857
0.3079470198675497
0.23972602739726026
0.0
0.23076923076923078
0.24454828660436137
0.18
0.3333333333333333
0.18181818181818182
0.34324324324324323
0.23333333333333334
0.2222222222222222
0.1774193548387097
0.0
0.36666666666666664
0.8823529411764706
0.1864406779661017
0.14492753623188406
0.15714285714285714
0.21428571428571427
0.21951219512195122
0.21621621621621623
0.2857142857142857
0.15789473684210525
0.2222222222222222
0.38095238095238093
0.2631578947368421
0.15217391304347827
0.30434782608695654
0.2857142857142857
0.7777777777777778
0.11764705882352941
0.5
0.1111111111111111
0.19230769230769232
0.41304347826086957
0.17391304347826086
0.22727272727272727
0.2727272727272727
0.17567567567567569
0.18018018018018017
0.3092485549132948
0.20059880239520958
0.1853932584269663
0.1956521739130435
0.2471264367816092
0.1956521739130435
0.13157894736842105
0.15714285714285714
0.18
0.14705882352941177
0.3793103448275862
0.14516129032258066
0.36507936507936506
0.2727272727272727
0.33783783783783783
0.1
0.35714285714285715
0.25882352941176473
0.20588235294117646
0.16666666666666666
0.5
0.1724137931034483
0.6
0.24358974358974358
0.45348837209302323
0.1794871794871795
0.23684210526315788
0.29411764705882354
0.07692307692307693
0.34782608695652173
0.2073170731707317
0.7142857142857143
0.20270270270270271
0.2
0.6
0.3
0.1111111111111111
0.4523809523809524
0.4
0.16666666666666666
0.3582089552238806
0.21212121212121213
0.2073170731707317
0.08620689655172414
0.18571428571428572
0.28313253012048195
0.6923076923076923
0.3488372093023256
0.3888888888888889
0.4032258064516129
0.12903225806451613
0.2857142857142857
0.18518518518518517
0.23684210526315788
0.24242424242424243
0.17647058823529413
0.11538461538461539
0.24358974358974358
0.21176470588235294
0.2641509433962264
0.2647058823529412
0.20588235294117646
0.5
0.18604651162790697
0.1836734693877551
0.24285714285714285
0.1206896551724138
0.14285714285714285
0.23809523809523808
0.09259259259259259
0.22580645161290322
0.24489795918367346
0.2
0.34615384615384615
0.32
0.3142857142857143
0.32558139534883723
0.20149253731343283
0.08
0.21641791044776118
0.22413793103448276
0.33707865168539325
0.3620689655172414
0.21052631578947367
0.3
0.11764705882352941
0.45454545454545453
0.24
0.5232558139534884
0.14285714285714285
0.48484848484848486
0.1724137931034483
0.2641509433962264
0.07142857142857142
0.32608695652173914
0.20588235294117646
0.27906976744186046
0.13043478260869565
0.29245283018867924
0.16129032258064516
0.15384615384615385
0.0
0.10526315789473684
0.24074074074074073
0.23809523809523808
0.24324324324324326
0.37037037037037035
0.05555555555555555
0.07142857142857142
0.2413793103448276
0.22093023255813954
0.4
0.39655172413793105
0.10869565217391304
0.26666666666666666
0.16666666666666666
0.0
0.13903743315508021
0.25471698113207547
0.32666666666666666
0.10909090909090909
0.27692307692307694
0.44594594594594594
0.43478260869565216
0.25280898876404495
0.11290322580645161
0.17647058823529413
0.19047619047619047
0.30303030303030304
0.2786885245901639
0.09090909090909091
0.17391304347826086
0.21621621621621623
0.24193548387096775
0.2692307692307692
0.23529411764705882
0.39361702127659576
0.41304347826086957
0.44029850746268656
0.42105263157894735
0.45454545454545453
0.18
0.17391304347826086
0.43478260869565216
0.56
0.2073170731707317
0.10975609756097561
0.15789473684210525
0.2857142857142857
0.41379310344827586
0.14814814814814814
0.10869565217391304
0.13636363636363635
0.0
0.16129032258064516
0.15789473684210525
0.7777777777777778
0.5263157894736842
0.2777777777777778
0.42857142857142855
0.18181818181818182
0.16666666666666666
0.2727272727272727
0.2
0.3888888888888889
0.23770491803278687
0.21212121212121213
0.20909090909090908
0.33070866141732286
0.3023255813953488
0.3695652173913043
0.27586206896551724
0.23684210526315788
0.37362637362637363
0.3
0.3333333333333333
0.15789473684210525
0.4189189189189189
0.34177215189873417
0.2692307692307692
0.38571428571428573
0.16666666666666666
0.4810126582278481
0.4803921568627451
0.2627118644067797
0.18292682926829268
0.12903225806451613
0.15384615384615385
0.2073170731707317
0.2535211267605634
0.3627450980392157
0.37142857142857144
0.3333333333333333
0.37037037037037035
0.39622641509433965
0.1774193548387097
0.20270270270270271
0.47058823529411764
0.176056338028169
0.28735632183908044
0.1
0.18085106382978725
0.2631578947368421
0.5
0.15384615384615385
0.2610619469026549
0.2894736842105263
0.3360655737704918
0.34615384615384615
0.1917808219178082
0.2537313432835821
0.22413793103448276
0.3051948051948052
0.29411764705882354
0.1320754716981132
0.2169811320754717
0.20967741935483872
0.2653061224489796
0.13513513513513514
0.1935483870967742
0.2540983606557377
0.23076923076923078
0.12745098039215685
0.2
0.3333333333333333
0.5
0.21568627450980393
0.11904761904761904
0.3103448275862069
0.46774193548387094
0.2962962962962963
0.21621621621621623
0.3118811881188119
0.16666666666666666
0.5
0.2777777777777778
0.37142857142857144
0.16666666666666666
0.23873873873873874
0.211340206185567
0.17117117117117117
0.1
0.3
0.22033898305084745
0.23809523809523808
0.15217391304347827
0.5882352941176471
0.3076923076923077
0.19230769230769232
0.28888888888888886
0.2441860465116279
0.3484848484848485
0.2
0.4827586206896552
0.3
0.35294117647058826
0.7142857142857143
0.21311475409836064
0.25862068965517243
0.16666666666666666
0.16666666666666666
0.5217391304347826
0.19148936170212766
0.09523809523809523
0.2222222222222222
0.16666666666666666
0.16666666666666666
0.23529411764705882
0.2721518987341772
0.26811594202898553
0.35714285714285715
0.22727272727272727
1.0
0.0
0.2169811320754717
0.1984126984126984
0.40425531914893614
0.23076923076923078
0.3142857142857143
0.4
0.4
0.2
0.22727272727272727
0.14285714285714285
0.22
0.3548387096774194
0.3
0.47435897435897434
0.5588235294117647
0.16666666666666666
0.33505154639175255
0.2727272727272727
0.05263157894736842
0.23333333333333334
0.24324324324324326
0.16129032258064516
0.41379310344827586
0.4864864864864865
0.1111111111111111
0.2692307692307692
0.15517241379310345
0.15789473684210525
0.18867924528301888
0.20069204152249134
0.35185185185185186
0.2692307692307692
0.1
0.22727272727272727
0.13636363636363635
0.2247191011235955
0.6111111111111112
0.21739130434782608
0.23504273504273504
0.46774193548387094
0.15384615384615385
0.10869565217391304
0.41935483870967744
0.3
0.4444444444444444
0.058823529411764705
0.2777777777777778
0.23809523809523808
0.18181818181818182
0.2553191489361702
0.2647058823529412
0.41025641025641024
0.5
0.8666666666666667
0.12222222222222222
0.2923076923076923
0.3333333333333333
0.34615384615384615
0.21739130434782608
0.1111111111111111
0.2972972972972973
0.2719298245614035
0.14516129032258066
0.41379310344827586
0.2549019607843137
0.35555555555555557
0.42028985507246375
0.45161290322580644
0.2222222222222222
0.1951219512195122
0.23943661971830985
0.3220338983050847
0.1694915254237288
0.14516129032258066
0.24269005847953215
0.21052631578947367
0.2857142857142857
0.38181818181818183
0.20175438596491227
0.16666666666666666
0.2
0.0
0.3333333333333333
0.0
0.5882352941176471
0.15789473684210525
0.15714285714285714
0.23333333333333334
0.17142857142857143
0.11428571428571428
0.24242424242424243
0.22727272727272727
0.5434782608695652
0.5526315789473685
0.1744186046511628
0.23529411764705882
0.16666666666666666
0.5
0.10526315789473684
0.2631578947368421
0.3620689655172414
0.19696969696969696
0.3
0.4268292682926829
0.3108108108108108
0.35714285714285715
0.15517241379310345
0.19230769230769232
0.16
0.24
0.32857142857142857
0.19230769230769232
0.3684210526315789
0.24719101123595505
0.2558139534883721
0.49019607843137253
0.16666666666666666
0.1794871794871795
0.32456140350877194
0.2636363636363636
0.28205128205128205
0.39361702127659576
0.3793103448275862
0.4230769230769231
0.16666666666666666
0.3333333333333333
0.4
0.22
0.13513513513513514
0.3064516129032258
0.44
0.13043478260869565
0.2275449101796407
0.16666666666666666
0.5
0.2037037037037037
0.2222222222222222
0.23809523809523808
0.3333333333333333
0.23809523809523808
0.1
0.6
0.18181818181818182
0.20270270270270271
0.11538461538461539
0.3
0.14814814814814814
0.35135135135135137
0.358974358974359
0.2619047619047619
0.23809523809523808
0.09090909090909091
0.18
0.5151515151515151
0.35294117647058826
0.06521739130434782
0.2647058823529412
0.5714285714285714
0.18
0.35135135135135137
0.15789473684210525
0.11428571428571428
0.23684210526315788
0.3902439024390244
0.40425531914893614
0.13043478260869565
0.11904761904761904
0.41304347826086957
0.30612244897959184
0.11904761904761904
0.3050847457627119
0.25757575757575757
0.3181818181818182
0.28378378378378377
0.18421052631578946
0.17647058823529413
0.4067796610169492
0.37254901960784315
0.1896551724137931
0.21505376344086022
0.17532467532467533
0.30158730158730157
0.6
0.5
0.0
0.16666666666666666
0.16666666666666666
0.05555555555555555
0.1111111111111111
0.2
0.2857142857142857
0.2
0.6
0.6
0.3333333333333333
0.2222222222222222
0.08823529411764706
0.3
0.1
0.1111111111111111
0.16666666666666666
0.5
0.5
0.4090909090909091
0.2
0.2073170731707317
0.16666666666666666
0.12162162162162163
0.2127659574468085
0.41304347826086957
0.14285714285714285
0.2727272727272727
0.34782608695652173
0.12195121951219512
0.25925925925925924
0.2857142857142857
0.19047619047619047
0.18493150684931506
0.3333333333333333
0.07627118644067797
0.0945945945945946
0.4
0.21428571428571427
0.05555555555555555
0.19230769230769232
0.1111111111111111
0.3076923076923077
0.34285714285714286
0.16
0.3076923076923077
0.18518518518518517
0.0
0.7142857142857143
0.2571428571428571
0.631578947368421
0.29411764705882354
0.22
0.7777777777777778
0.3157894736842105
0.3384615384615385
0.26744186046511625
0.30303030303030304
0.22289156626506024
0.15671641791044777
0.14
0.2972972972972973
0.18253968253968253
0.10526315789473684
0.09523809523809523
0.16417910447761194
0.2318840579710145
0.23636363636363636
0.11538461538461539
0.23109243697478993
0.15555555555555556
0.13333333333333333
0.2111111111111111
0.18253968253968253
0.25396825396825395
0.2
0.3
0.3888888888888889
0.13636363636363635
0.21428571428571427
0.20588235294117646
0.211864406779661
0.16
0.1
0.14285714285714285
0.41836734693877553
0.15217391304347827
0.2391304347826087
0.2391304347826087
0.07407407407407407
0.11538461538461539
0.3488372093023256
0.26506024096385544
0.15789473684210525
0.14864864864864866
0.16666666666666666
0.26
0.3181818181818182
0.28
0.13333333333333333
0.12222222222222222
0.32222222222222224
0.7777777777777778
0.13333333333333333
0.15384615384615385
0.14285714285714285
0.1896551724137931
0.6515151515151515
0.3
0.36363636363636365
0.15714285714285714
0.5555555555555556
0.3888888888888889
0.19230769230769232
0.21568627450980393
0.34
0.22535211267605634
0.07894736842105263
0.3
0.3108108108108108
0.1896551724137931
0.14102564102564102
0.3979591836734694
0.4426229508196721
0.23076923076923078
0.4411764705882353
0.3333333333333333
0.23529411764705882
0.43333333333333335
0.26744186046511625
0.21212121212121213
0.4
0.4594594594594595
0.35714285714285715
0.7608695652173914
0.47959183673469385
0.2111111111111111
0.16666666666666666
0.15217391304347827
0.2857142857142857
0.25862068965517243
0.2288135593220339
0.08
0.15306122448979592
0.18181818181818182
0.24390243902439024
0.22727272727272727
0.3275862068965517
0.28
0.8947368421052632
0.22
0.5555555555555556
0.38571428571428573
0.6142857142857143
0.33783783783783783
0.29069767441860467
0.5754716981132075
0.1774193548387097
0.21428571428571427
0.30303030303030304
0.13513513513513514
0.6
0.1956521739130435
0.45161290322580644
0.26666666666666666
0.47058823529411764
0.4523809523809524
0.17647058823529413
0.5
0.3709677419354839
0.5
0.14
0.2608695652173913
0.13157894736842105
0.07142857142857142
0.2727272727272727
0.18292682926829268
0.0
0.0
0.16666666666666666
0.2857142857142857
0.0
0.0
0.0
0.1206896551724138
0.2807017543859649
0.3111111111111111
0.43478260869565216
0.18181818181818182
0.16666666666666666
0.0
0.2857142857142857
0.11627906976744186
0.28888888888888886
0.29310344827586204
0.18421052631578946
0.7777777777777778
0.35185185185185186
0.13333333333333333
0.21052631578947367
0.34615384615384615
0.2
0.3333333333333333
0.33495145631067963
0.12903225806451613
0.11538461538461539
0.4473684210526316
0.4482758620689655
0.20967741935483872
0.38
0.08064516129032258
0.1111111111111111
0.3888888888888889
0.30303030303030304
0.27586206896551724
0.2619047619047619
0.23333333333333334
0.2826086956521739
0.19047619047619047
0.1935483870967742
0.10344827586206896
0.23333333333333334
0.18181818181818182
0.13157894736842105
0.16666666666666666
0.2777777777777778
0.16666666666666666
0.4230769230769231
0.21428571428571427
0.28378378378378377
0.23809523809523808
0.3157894736842105
0.27586206896551724
0.26666666666666666
0.2619047619047619
0.17391304347826086
0.3783783783783784
0.8823529411764706
0.15873015873015872
0.16279069767441862
0.2358490566037736
0.4411764705882353
0.2653061224489796
0.38372093023255816
0.3787878787878788
0.4090909090909091
0.33766233766233766
0.6333333333333333
0.2714285714285714
0.20618556701030927
0.6914893617021277
0.4186046511627907
0.21428571428571427
0.5930232558139535
0.16233766233766234
0.2076923076923077
0.09574468085106383
0.2532467532467532
0.20588235294117646
0.15060240963855423
0.5
0.16326530612244897
0.1111111111111111
0.09259259259259259
0.25757575757575757
0.09523809523809523
0.16
0.13333333333333333
0.5
0.16666666666666666
0.18181818181818182
0.24444444444444444
0.34444444444444444
0.36666666666666664
0.3108108108108108
0.1
0.0
0.288135593220339
0.18181818181818182
0.21428571428571427
0.2376237623762376
0.3979591836734694
0.2
0.23529411764705882
0.34146341463414637
0.45901639344262296
0.13793103448275862
0.7142857142857143
0.4473684210526316
0.2777777777777778
0.1836734693877551
0.16666666666666666
0.1206896551724138
0.14285714285714285
0.7142857142857143
0.16666666666666666
0.11538461538461539
0.2692307692307692
0.3395061728395062
0.16666666666666666
0.2
0.12962962962962962
0.26
0.24242424242424243
0.20270270270270271
0.11818181818181818
0.12
0.15789473684210525
0.36666666666666664
0.058823529411764705
0.25862068965517243
0.1111111111111111
0.16666666666666666
0.13793103448275862
0.2619047619047619
0.6428571428571429
0.5
0.15384615384615385
0.36486486486486486
0.2777777777777778
0.19047619047619047
0.05555555555555555
0.1
0.25862068965517243
0.2222222222222222
0.2727272727272727
0.5303030303030303
0.1206896551724138
0.1935483870967742
0.18181818181818182
0.2
0.42592592592592593
0.4444444444444444
0.30392156862745096
0.3
0.15306122448979592
0.39473684210526316
0.2391304347826087
0.22413793103448276
0.34285714285714286
0.11538461538461539
0.2571428571428571
0.6428571428571429
0.23333333333333334
0.16666666666666666
0.2777777777777778
0.3888888888888889
0.5217391304347826
0.34146341463414637
0.13513513513513514
0.41304347826086957
0.25757575757575757
0.3620689655172414
0.5333333333333333
0.14
0.20588235294117646
0.15853658536585366
0.24390243902439024
0.35185185185185186
0.16
0.22093023255813954
0.2647058823529412
0.16
0.288
0.34285714285714286
0.20921985815602837
0.16326530612244897
0.16666666666666666
0.05555555555555555
0.1
0.32857142857142857
0.16666666666666666
0.2553191489361702
0.21794871794871795
0.5454545454545454
0.2777777777777778
0.38461538461538464
0.5769230769230769
0.1896551724137931
0.22796352583586627
0.2
0.18253968253968253
0.18421052631578946
0.1896551724137931
0.13768115942028986
0.2857142857142857
0.4
0.2962962962962963
0.1206896551724138
0.23684210526315788
0.19047619047619047
0.47058823529411764
0.45454545454545453
0.22727272727272727
0.24074074074074073
0.3902439024390244
0.2857142857142857
0.15517241379310345
0.2
0.18181818181818182
0.1896551724137931
0.23333333333333334
0.25757575757575757
0.22580645161290322
0.16666666666666666
0.28
0.43023255813953487
0.12222222222222222
0.35555555555555557
0.3333333333333333
0.32653061224489793
0.7777777777777778
0.28378378378378377
0.2692307692307692
0.35294117647058826
0.14285714285714285
0.16666666666666666
0.15714285714285714
0.15384615384615385
0.07142857142857142
0.2564102564102564
0.2878787878787879
0.3387096774193548
0.38596491228070173
0.12962962962962962
0.5526315789473685
0.3333333333333333
0.07142857142857142
0.0
0.14285714285714285
0.12903225806451613
0.5857142857142857
0.20270270270270271
0.3877551020408163
0.3387096774193548
0.5512820512820513
0.17142857142857143
0.39655172413793105
0.37272727272727274
0.20512820512820512
0.5333333333333333
0.07575757575757576
0.15254237288135594
0.40425531914893614
0.29365079365079366
0.3
0.4189189189189189
0.7647058823529411
0.2631578947368421
0.07142857142857142
0.32051282051282054
0.42063492063492064
0.27906976744186046
0.2711864406779661
0.25203252032520324
0.6176470588235294
0.5
0.0
0.3918918918918919
0.5714285714285714
0.19387755102040816
0.35294117647058826
0.2391304347826087
0.5
0.3181818181818182
0.11538461538461539
0.3333333333333333
0.3076923076923077
0.42105263157894735
0.5
0.07692307692307693
0.11904761904761904
0.18181818181818182
0.24074074074074073
0.21428571428571427
0.38235294117647056
0.23170731707317074
0.13636363636363635
0.28
0.2857142857142857
0.29411764705882354
0.5952380952380952
0.5588235294117647
0.26666666666666666
0.7
0.3
0.37037037037037035
0.20588235294117646
0.2857142857142857
0.3333333333333333
0.19230769230769232
0.3181818181818182
0.21428571428571427
0.28
0.42857142857142855
0.22
0.3
0.16666666666666666
0.2602739726027397
0.2777777777777778
0.1935483870967742
0.3090909090909091
0.2978723404255319
0.3163265306122449
0.1206896551724138
0.0
0.3548387096774194
0.07142857142857142
0.211340206185567
0.47619047619047616
0.13793103448275862
0.0
0.2716049382716049
0.19298245614035087
0.0
0.24528301886792453
0.3181818181818182
0.16666666666666666
0.07142857142857142
0.19230769230769232
0.24
0.07894736842105263
0.23255813953488372
0.6206896551724138
0.3
0.09259259259259259
0.7142857142857143
0.45454545454545453
0.18518518518518517
0.5
0.3888888888888889
0.3333333333333333
0.5588235294117647
0.16666666666666666
0.0
0.07142857142857142
0.18181818181818182
0.10810810810810811
0.17346938775510204
0.32857142857142857
0.5945945945945946
0.4344262295081967
0.38271604938271603
0.19230769230769232
0.22580645161290322
0.18421052631578946
0.23529411764705882
0.0
0.2028985507246377
0.3279569892473118
0.34415584415584416
0.5121951219512195
0.39080459770114945
0.463768115942029
0.0
0.0
0.16666666666666666
0.0
0.6
0.14285714285714285
0.4827586206896552
0.24528301886792453
0.25806451612903225
0.29310344827586204
0.1511627906976744
0.26
0.3275862068965517
0.23076923076923078
0.24390243902439024
0.5925925925925926
0.17142857142857143
0.5
0.0
0.11764705882352941
0.363013698630137
0.30612244897959184
0.21052631578947367
0.24
0.35714285714285715
0.34210526315789475
0.24242424242424243
0.3939393939393939
0.15789473684210525
0.29411764705882354
0.11702127659574468
0.32051282051282054
0.32857142857142857
0.23846153846153847
0.34146341463414637
0.25925925925925924
0.41228070175438597
0.0
0.0
0.32456140350877194
0.5483870967741935
0.16666666666666666
0.3274336283185841
0.3333333333333333
0.35333333333333333
0.0
0.3723404255319149
0.25396825396825395
0.3888888888888889
0.1
0.3181818181818182
0.21428571428571427
0.22807017543859648
0.1206896551724138
0.3867924528301887
0.47058823529411764
0.379746835443038
0.23626373626373626
0.30952380952380953
0.16666666666666666
0.16666666666666666
0.6
0.16666666666666666
0.2222222222222222
0.24444444444444444
0.07692307692307693
0.3717948717948718
0.19230769230769232
0.24358974358974358
0.3333333333333333
0.0
0.3333333333333333
0.23529411764705882
0.25384615384615383
0.5
0.6111111111111112
0.44285714285714284
0.13157894736842105
0.38235294117647056
0.25757575757575757
0.13043478260869565
0.8260869565217391
0.40540540540540543
0.4069767441860465
0.3153846153846154
0.5
0.0
0.3333333333333333
0.18421052631578946
0.23404255319148937
0.44594594594594594
0.2571428571428571
0.3709677419354839
0.6571428571428571
0.19230769230769232
0.1724137931034483
0.35714285714285715
0.4523809523809524
0.15384615384615385
0.15151515151515152
0.19047619047619047
0.29797979797979796
0.41025641025641024
0.30612244897959184
0.2608695652173913
0.5373134328358209
0.1744186046511628
0.22448979591836735
0.12
0.4411764705882353
0.4411764705882353
0.11224489795918367
0.27483443708609273
0.17567567567567569
0.25925925925925924
0.30303030303030304
0.2710843373493976
0.35294117647058826
0.21621621621621623
0.38235294117647056
0.18421052631578946
0.6
0.7105263157894737
0.5370370370370371
0.42857142857142855
0.24074074074074073
0.23333333333333334
0.3333333333333333
0.5185185185185185
0.2073170731707317
0.1
0.27692307692307694
0.33962264150943394
0.35294117647058826
0.5
0.22727272727272727
0.3108108108108108
0.3
0.19047619047619047
0.5
0.22105263157894736
0.35772357723577236
0.41836734693877553
0.32
0.4222222222222222
0.34328358208955223
0.23529411764705882
0.45121951219512196
0.25609756097560976
0.24324324324324326
0.33783783783783783
0.30701754385964913
0.2692307692307692
0.3181818181818182
0.21428571428571427
0.17142857142857143
0.4
0.12121212121212122
0.36666666666666664
0.3620689655172414
0.16666666666666666
0.6
0.3023255813953488
0.21621621621621623
0.43103448275862066
0.30434782608695654
0.40476190476190477
0.047619047619047616
0.16666666666666666
0.26666666666666666
0.21052631578947367
0.043478260869565216
0.14814814814814814
0.17391304347826086
0.15151515151515152
0.23529411764705882
0.2872340425531915
0.16216216216216217
0.23809523809523808
0.19047619047619047
0.12962962962962962
0.2037037037037037
0.17647058823529413
0.4230769230769231
0.15517241379310345
0.14285714285714285
0.08888888888888889
0.45454545454545453
0.26595744680851063
0.21428571428571427
0.20909090909090908
0.20754716981132076
0.2714285714285714
0.25157232704402516
0.3333333333333333
0.1977401129943503
0.1
0.38524590163934425
0.19333333333333333
0.2948717948717949
0.2127659574468085
0.30851063829787234
0.22950819672131148
0.3979591836734694
0.43103448275862066
0.3484848484848485
0.12666666666666668
0.28823529411764703
0.09183673469387756
0.14
0.38235294117647056
0.13636363636363635
0.3148148148148148
0.16091954022988506
0.20967741935483872
0.25471698113207547
0.3058823529411765
0.14666666666666667
0.13414634146341464
0.6097560975609756
0.29365079365079366
0.26595744680851063
0.54
0.29069767441860467
0.2653061224489796
0.3712871287128713
0.313953488372093
0.58
0.44339622641509435
0.4230769230769231
0.2962962962962963
0.4024390243902439
0.5
0.1702127659574468
0.0
0.22727272727272727
0.2682926829268293
0.5454545454545454
0.39080459770114945
0.2974683544303797
0.36585365853658536
0.559322033898305
0.2857142857142857
0.35294117647058826
0.5408163265306123
0.24358974358974358
0.37735849056603776
0.5740740740740741
0.2
0.18604651162790697
0.3709677419354839
0.38461538461538464
0.27586206896551724
0.2
0.0
0.22413793103448276
0.23333333333333334
0.3769230769230769
0.07142857142857142
0.22857142857142856
0.39361702127659576
0.4418604651162791
0.3333333333333333
0.31343283582089554
0.8
0.4666666666666667
0.5555555555555556
0.24074074074074073
0.2608695652173913
0.19047619047619047
0.2
0.2
0.6176470588235294
0.14705882352941177
0.23684210526315788
0.38095238095238093
0.21052631578947367
0.3484848484848485
0.21428571428571427
0.43023255813953487
0.5263157894736842
0.1
0.2857142857142857
0.32857142857142857
0.2894736842105263
0.15384615384615385
0.4857142857142857
0.21621621621621623
0.6111111111111112
0.5
0.4827586206896552
0.40476190476190477
0.2872340425531915
0.5384615384615384
0.6956521739130435
0.1794871794871795
0.16
0.17142857142857143
0.28095238095238095
0.14814814814814814
0.5175438596491229
0.3333333333333333
0.5256410256410257
0.2
0.2
0.14545454545454545
0.3888888888888889
0.2948717948717949
0.24242424242424243
0.19696969696969696
0.3898305084745763
0.24324324324324326
0.44
0.3709677419354839
0.47674418604651164
0.45454545454545453
0.30303030303030304
0.4444444444444444
0.47560975609756095
0.2903225806451613
0.18518518518518517
0.36585365853658536
0.29310344827586204
0.06521739130434782
0.1206896551724138
0.1891891891891892
0.38235294117647056
0.2391304347826087
0.16
0.14814814814814814
0.425531914893617
0.23076923076923078
0.12162162162162163
0.26
0.39655172413793105
0.4069767441860465
0.35135135135135137
0.2682926829268293
0.3137254901960784
0.2
0.5135135135135135
0.16666666666666666
0.2619047619047619
0.15217391304347827
0.19696969696969696
0.2037037037037037
0.4482758620689655
0.3888888888888889
0.13513513513513514
0.25555555555555554
0.2647058823529412
0.5
0.3488372093023256
0.27586206896551724
0.38095238095238093
0.2619047619047619
0.35135135135135137
0.21052631578947367
0.4883720930232558
0.4696969696969697
0.10975609756097561
0.16666666666666666
0.23015873015873015
0.19230769230769232
0.5098039215686274
0.3333333333333333
0.3548387096774194
0.23255813953488372
0.5588235294117647
0.2692307692307692
0.543859649122807
0.2962962962962963
0.10256410256410256
0.16666666666666666
0.10606060606060606
0.16037735849056603
0.5862068965517241
0.3333333333333333
0.8666666666666667
0.2826086956521739
0.21428571428571427
0.43478260869565216
0.4846153846153846
0.8823529411764706
0.5714285714285714
0.2972972972972973
0.2619047619047619
0.14864864864864866
0.35185185185185186
0.2872340425531915
0.2857142857142857
0.5769230769230769
0.56
0.30612244897959184
0.30701754385964913
0.2818181818181818
0.42592592592592593
0.2719298245614035
0.0
0.18888888888888888
0.3352941176470588
0.35714285714285715
0.19607843137254902
0.19402985074626866
0.2391304347826087
0.2076923076923077
0.4142857142857143
0.5555555555555556
0.40476190476190477
0.2692307692307692
0.21739130434782608
0.32978723404255317
0.14705882352941177
0.1
0.34210526315789475
0.3384615384615385
0.3148148148148148
0.11904761904761904
0.3372093023255814
0.18181818181818182
0.4117647058823529
0.8666666666666667
0.36
0.44285714285714284
0.3813559322033898
0.41358024691358025
0.29775280898876405
0.2413793103448276
0.41025641025641024
0.2948717948717949
0.3723404255319149
0.21212121212121213
0.17647058823529413
0.06896551724137931
0.2
0.18888888888888888
0.32432432432432434
0.22
0.2948717948717949
0.27586206896551724
0.08695652173913043
0.44285714285714284
0.5434782608695652
0.4387755102040816
0.16216216216216217
0.74
0.10526315789473684
0.2878787878787879
0.30952380952380953
0.14285714285714285
0.24193548387096775
0.12857142857142856
0.2608695652173913
0.36363636363636365
0.2903225806451613
0.3
0.34
0.6578947368421053
0.5
0.5
0.0
0.14516129032258066
0.6511627906976745
0.313953488372093
0.2073170731707317
0.37755102040816324
0.15384615384615385
0.3048780487804878
0.19047619047619047
0.3275862068965517
0.5882352941176471
0.4788732394366197
0.36363636363636365
0.4482758620689655
0.3023255813953488
0.34782608695652173
0.23404255319148937
0.45161290322580644
0.35135135135135137
0.2698412698412698
0.41025641025641024
0.2153846153846154
0.23809523809523808
0.32857142857142857
0.6956521739130435
0.34285714285714286
0.4444444444444444
0.3888888888888889
0.4067796610169492
0.4528301886792453
0.4393939393939394
0.2972972972972973
0.2
0.21794871794871795
0.4024390243902439
0.32978723404255317
0.28
0.20512820512820512
0.32432432432432434
0.21951219512195122
0.11538461538461539
0.2073170731707317
0.36
0.1095890410958904
0.3783783783783784
0.3103448275862069
0.5476190476190477
0.425531914893617
0.3111111111111111
0.12903225806451613
0.43103448275862066
0.30303030303030304
0.1
0.1111111111111111
0.33783783783783783
0.17647058823529413
0.2727272727272727
0.22807017543859648
0.14285714285714285
0.22972972972972974
0.5915492957746479
0.5526315789473685
0.07142857142857142
0.5
0.12222222222222222
0.1836734693877551
0.16666666666666666
0.19047619047619047
0.17647058823529413
0.18518518518518517
0.20588235294117646
0.7777777777777778
0.3
0.2972972972972973
0.4230769230769231
0.18181818181818182
0.1
0.24193548387096775
0.10869565217391304
0.4
0.2391304347826087
0.14285714285714285
0.23076923076923078
0.22727272727272727
0.36363636363636365
0.2857142857142857
0.32
0.5
0.17647058823529413
0.3333333333333333
0.8666666666666667
0.14285714285714285
0.4782608695652174
0.15789473684210525
0.3
0.7647058823529411
0.30434782608695654
0.4594594594594595
0.7608695652173914
0.7777777777777778
0.23529411764705882
0.3076923076923077
0.7777777777777778
0.3888888888888889
0.3933333333333333
0.32
0.36
0.41935483870967744
0.2786885245901639
0.16666666666666666
0.34782608695652173
0.3225806451612903
0.3333333333333333
0.05714285714285714
0.3157894736842105
0.13725490196078433
0.2391304347826087
0.2537313432835821
0.1896551724137931
0.3870967741935484
0.4523809523809524
0.41379310344827586
0.18
0.2
0.1206896551724138
0.22
0.46153846153846156
0.2608695652173913
0.15151515151515152
0.7380952380952381
0.19047619047619047
0.13636363636363635
0.5
0.1744186046511628
0.5
0.23684210526315788
0.2608695652173913
0.43548387096774194
0.33969465648854963
0.2127659574468085
0.5952380952380952
0.3880597014925373
0.3333333333333333
0.3333333333333333
0.24193548387096775
0.17647058823529413
0.2037037037037037
0.15151515151515152
0.32857142857142857
0.5769230769230769
0.29411764705882354
0.6111111111111112
0.5245901639344263
0.3888888888888889
0.22093023255813954
0.3137254901960784
0.16
0.5283018867924528
0.5526315789473685
0.35714285714285715
0.18421052631578946
0.3
0.4
0.22727272727272727
0.35714285714285715
0.9130434782608695
0.18181818181818182
0.25675675675675674
0.391304347826087
0.2413793103448276
0.1111111111111111
0.3
0.1702127659574468
0.36666666666666664
0.7777777777777778
0.1111111111111111
0.11764705882352941
0.23529411764705882
0.3695652173913043
0.22727272727272727
0.0
0.2
0.5
0.2
0.8947368421052632
0.5217391304347826
0.1
0.4827586206896552
0.4523809523809524
0.2926829268292683
0.11764705882352941
0.2982456140350877
0.22131147540983606
0.19148936170212766
0.4230769230769231
0.16666666666666666
0.2692307692307692
0.3614457831325301
0.2966101694915254
0.30434782608695654
0.23333333333333334
0.32608695652173914
0.23255813953488372
0.12
0.0
0.0
0.16666666666666666
0.4230769230769231
0.2608695652173913
0.23529411764705882
0.14285714285714285
0.35294117647058826
0.20689655172413793
0.2682926829268293
0.35555555555555557
0.4838709677419355
0.16216216216216217
0.42857142857142855
0.23333333333333334
0.5
0.0
0.3163265306122449
0.2
0.26296296296296295
0.27607361963190186
0.27350427350427353
0.23529411764705882
0.06521739130434782
0.18421052631578946
0.7142857142857143
0.09523809523809523
0.47368421052631576
0.14814814814814814
0.4444444444444444
0.3
0.1
0.1076923076923077
0.32608695652173914
0.46226415094339623
0.07142857142857142
0.3333333333333333
0.5111111111111111
0.25862068965517243
0.19047619047619047
1.0
0.3923076923076923
0.2727272727272727
0.3333333333333333
0.4
0.2777777777777778
0.21428571428571427
0.3695652173913043
0.46
0.19230769230769232
0.4
0.20512820512820512
0.3333333333333333
0.14705882352941177
0.46551724137931033
0.20270270270270271
0.2872340425531915
0.44594594594594594
0.23333333333333334
0.1
0.7142857142857143
0.23529411764705882
0.21052631578947367
0.20967741935483872
0.15384615384615385
0.09090909090909091
0.34615384615384615
0.4032258064516129
0.5757575757575758
0.2692307692307692
0.41304347826086957
0.26744186046511625
0.10869565217391304
0.47619047619047616
0.1891891891891892
0.14705882352941177
0.11578947368421053
0.11538461538461539
0.16666666666666666
0.2962962962962963
0.3888888888888889
0.330188679245283
0.3888888888888889
0.7333333333333333
0.8666666666666667
0.21794871794871795
0.22727272727272727
0.058823529411764705
0.29411764705882354
0.25925925925925924
0.2037037037037037
0.21428571428571427
0.23809523809523808
0.5
0.2222222222222222
0.5882352941176471
0.2647058823529412
0.2222222222222222
0.5652173913043478
0.3333333333333333
0.07142857142857142
0.27049180327868855
0.2619047619047619
0.16
0.17032967032967034
0.2818181818181818
0.16091954022988506
0.43333333333333335
0.0
0.0
0.18571428571428572
0.1935483870967742
0.3484848484848485
0.1836734693877551
0.46
0.33146067415730335
0.28888888888888886
0.20930232558139536
0.21428571428571427
0.6
0.38311688311688313
0.16363636363636364
0.4230769230769231
0.35585585585585583
0.24157303370786518
0.3333333333333333
0.3877551020408163
0.5869565217391305
0.13157894736842105
0.3953488372093023
0.21739130434782608
0.37037037037037035
0.20967741935483872
0.21212121212121213
0.47619047619047616
0.3103448275862069
0.22727272727272727
0.22
0.5666666666666667
0.5777777777777777
0.2857142857142857
0.2971014492753623
0.18571428571428572
0.3225806451612903
0.37142857142857144
0.30434782608695654
0.2826086956521739
0.18181818181818182
0.13636363636363635
0.3090909090909091
0.1935483870967742
0.3103448275862069
0.4146341463414634
0.21830985915492956
0.2647058823529412
0.3333333333333333
0.4146341463414634
0.5303030303030303
0.3333333333333333
0.32727272727272727
0.3305084745762712
0.22340425531914893
0.4189189189189189
0.3235294117647059
0.23333333333333334
0.26
0.18085106382978725
0.6621621621621622
0.3108108108108108
0.12195121951219512
0.19047619047619047
0.25555555555555554
0.2222222222222222
0.2647058823529412
0.313953488372093
0.20512820512820512
0.10869565217391304
0.2692307692307692
0.6129032258064516
0.22093023255813954
0.20253164556962025
0.16666666666666666
0.3170731707317073
0.2982456140350877
0.32608695652173914
0.14285714285714285
0.30612244897959184
0.1896551724137931
0.16666666666666666
0.2714285714285714
0.14285714285714285
0.5652173913043478
0.18421052631578946
0.5
0.3157894736842105
0.21951219512195122
0.4594594594594595
0.2246376811594203
0.3
0.5
0.16393442622950818
0.391304347826087
0.35294117647058826
0.5384615384615384
0.27419354838709675
0.20588235294117646
0.42592592592592593
0.14285714285714285
0.24324324324324326
0.3108108108108108
0.2
0.3153846153846154
0.6086956521739131
0.8666666666666667
0.07894736842105263
0.22727272727272727
0.38095238095238093
0.3090909090909091
0.16666666666666666
0.5428571428571428
0.21052631578947367
0.5882352941176471
0.11688311688311688
0.09090909090909091
0.25925925925925924
0.24615384615384617
0.35294117647058826
0.6666666666666666
0.5526315789473685
0.5
0.3492063492063492
0.18
0.1956521739130435
0.2441860465116279
0.0
0.2558139534883721
0.3108108108108108
0.5689655172413793
0.13636363636363635
0.2037037037037037
0.42105263157894735
0.16
0.3412698412698413
0.2878787878787879
0.21739130434782608
0.8461538461538461
0.18181818181818182
0.3783783783783784
0.1744186046511628
0.41379310344827586
0.2876712328767123
0.20967741935483872
0.3888888888888889
0.10869565217391304
0.16279069767441862
0.17567567567567569
0.2037037037037037
0.14634146341463414
0.208955223880597
0.23529411764705882
0.3939393939393939
0.16666666666666666
0.17647058823529413
0.58
0.3108108108108108
0.2823529411764706
0.45698924731182794
0.22413793103448276
0.45384615384615384
0.601010101010101
0.3115942028985507
0.30952380952380953
0.46511627906976744
0.25384615384615383
0.27049180327868855
0.16363636363636364
0.2077922077922078
0.21428571428571427
0.13793103448275862
0.16666666666666666
0.41139240506329117
0.21428571428571427
0.2978723404255319
0.12121212121212122
0.21052631578947367
0.32727272727272727
0.06896551724137931
0.15217391304347827
0.3620689655172414
0.20212765957446807
0.2
0.07894736842105263
0.14444444444444443
0.24561403508771928
0.0
0.5
0.15384615384615385
0.25280898876404495
0.22033898305084745
0.36597938144329895
0.33544303797468356
0.31176470588235294
0.14516129032258066
0.18421052631578946
0.4032258064516129
0.30612244897959184
0.6333333333333333
0.5238095238095238
0.25675675675675674
0.35185185185185186
0.3424657534246575
0.26744186046511625
0.2413793103448276
0.3220338983050847
0.3709677419354839
0.3108108108108108
0.38235294117647056
0.5636363636363636
0.22857142857142856
0.18
0.3191489361702128
0.31690140845070425
0.47058823529411764
0.3448275862068966
0.3333333333333333
0.2682926829268293
0.4857142857142857
0.46938775510204084
0.38524590163934425
0.391304347826087
0.2441860465116279
0.3142857142857143
0.14516129032258066
0.18518518518518517
0.12
0.37623762376237624
0.3050847457627119
0.20149253731343283
0.34
0.4
0.42
0.3148148148148148
0.41304347826086957
0.12857142857142856
0.10526315789473684
0.14705882352941177
0.34285714285714286
0.15789473684210525
0.1836734693877551
0.26666666666666666
0.23255813953488372
0.46551724137931033
0.3333333333333333
0.14705882352941177
0.21428571428571427
0.1206896551724138
0.20588235294117646
0.2988505747126437
0.23015873015873015
0.34615384615384615
0.2714285714285714
0.21951219512195122
0.12790697674418605
0.12
0.0
0.3
0.23684210526315788
0.20860927152317882
0.2231833910034602
0.31210191082802546
0.2948717948717949
0.19662921348314608
0.4
0.3157894736842105
0.3048780487804878
0.25555555555555554
0.28688524590163933
0.32051282051282054
0.19811320754716982
0.56
0.34285714285714286
0.22580645161290322
0.22950819672131148
0.2804878048780488
0.3780487804878049
0.2978723404255319
0.2222222222222222
0.17346938775510204
0.2721518987341772
0.0
0.30303030303030304
0.5344827586206896
0.35106382978723405
0.4675324675324675
0.38235294117647056
0.5851063829787234
0.35106382978723405
0.36666666666666664
0.5106382978723404
0.42452830188679247
0.7959183673469388
0.29831932773109243
0.29714285714285715
0.3584905660377358
0.37209302325581395
0.1111111111111111
0.3
0.15384615384615385
0.5
0.13157894736842105
0.14705882352941177
0.5
0.17647058823529413
0.2413793103448276
0.14
0.22
0.23333333333333334
0.24074074074074073
0.18518518518518517
0.32051282051282054
0.16666666666666666
0.19047619047619047
0.4811320754716981
0.21311475409836064
0.29411764705882354
0.3235294117647059
0.6410256410256411
0.20930232558139536
0.21052631578947367
0.13559322033898305
0.43548387096774194
0.3588235294117647
0.36666666666666664
0.427536231884058
0.16666666666666666
0.19672131147540983
0.31690140845070425
0.17532467532467533
0.3888888888888889
0.6
0.3333333333333333
0.16666666666666666
0.19047619047619047
0.4
0.22105263157894736
0.18181818181818182
0.3709677419354839
0.2535211267605634
0.26666666666666666
0.18181818181818182
0.3333333333333333
0.5588235294117647
0.17647058823529413
0.5238095238095238
0.12903225806451613
0.16666666666666666
0.22340425531914893
0.47058823529411764
0.22857142857142856
0.23255813953488372
0.16666666666666666
0.14285714285714285
0.25675675675675674
0.13333333333333333
0.39473684210526316
0.5344827586206896
0.15789473684210525
0.5
0.6896551724137931
0.27906976744186046
0.2857142857142857
0.1
0.3076923076923077
0.15454545454545454
0.6923076923076923
0.46808510638297873
0.17073170731707318
0.41935483870967744
0.20754716981132076
0.21052631578947367
0.2826086956521739
0.17647058823529413
0.2222222222222222
0.3333333333333333
0.41836734693877553
0.3
0.3333333333333333
0.18571428571428572
0.1
0.20588235294117646
0.4393939393939394
0.22727272727272727
0.15789473684210525
0.18
0.2073170731707317
0.5151515151515151
0.34210526315789475
0.11538461538461539
0.5303030303030303
0.5483870967741935
0.44
0.15384615384615385
0.16666666666666666
0.0
0.08823529411764706
0.40350877192982454
0.4222222222222222
0.2835820895522388
0.20588235294117646
0.46153846153846156
0.2111111111111111
0.6
0.42424242424242425
0.4298245614035088
0.3
0.6551724137931034
0.4117647058823529
0.48936170212765956
0.3
0.2926829268292683
0.3076923076923077
0.5
0.2857142857142857
0.16666666666666666
0.15384615384615385
0.2391304347826087
0.37272727272727274
0.21428571428571427
0.3695652173913043
0.2222222222222222
0.288135593220339
0.19230769230769232
0.16666666666666666
0.3888888888888889
0.52
0.46078431372549017
0.20689655172413793
0.38596491228070173
0.15217391304347827
0.22093023255813954
0.20967741935483872
0.2441860465116279
0.3333333333333333
0.19767441860465115
0.9259259259259259
0.7142857142857143
0.0
0.23684210526315788
0.2631578947368421
0.2857142857142857
0.20930232558139536
0.16666666666666666
0.27586206896551724
0.2857142857142857
0.3695652173913043
0.36666666666666664
0.5
0.2857142857142857
0.43333333333333335
0.3037974683544304
0.35714285714285715
0.18421052631578946
0.14705882352941177
0.25609756097560976
0.14285714285714285
0.4
0.3191489361702128
0.28205128205128205
0.15517241379310345
0.24285714285714285
0.45901639344262296
0.4397590361445783
0.5
0.3709677419354839
0.7586206896551724
0.11538461538461539
0.5
0.0
0.14285714285714285
0.17142857142857143
0.41025641025641024
0.34444444444444444
0.2328767123287671
0.13725490196078433
0.18571428571428572
0.2537313432835821
0.28205128205128205
0.20512820512820512
0.38372093023255816
0.2886178861788618
0.1
0.39855072463768115
0.40540540540540543
0.44
0.21052631578947367
0.19047619047619047
0.2073170731707317
0.26666666666666666
0.13043478260869565
0.2222222222222222
0.2692307692307692
0.14285714285714285
0.2
0.2111111111111111
0.5
0.34615384615384615
0.0975609756097561
0.21794871794871795
0.43956043956043955
0.34210526315789475
0.09090909090909091
0.18316831683168316
0.2826086956521739
0.16666666666666666
0.5
0.14285714285714285
0.3225806451612903
0.20967741935483872
0.5
0.3588235294117647
0.4339622641509434
0.16666666666666666
0.39473684210526316
0.14285714285714285
0.24285714285714285
0.07894736842105263
0.2826086956521739
0.2826086956521739
0.2727272727272727
0.5714285714285714
0.2542372881355932
0.18292682926829268
0.25806451612903225
0.3235294117647059
0.3793103448275862
0.3064516129032258
0.2037037037037037
0.1792452830188679
0.32882882882882886
0.5434782608695652
0.58
0.47435897435897434
0.2804878048780488
0.44029850746268656
0.3761904761904762
0.3412698412698413
0.28378378378378377
0.2345679012345679
0.16666666666666666
0.379746835443038
0.2413793103448276
0.2602739726027397
0.2073170731707317
0.2727272727272727
0.42
0.3521739130434783
0.4523809523809524
0.4222222222222222
1.0
0.2777777777777778
0.26666666666666666
0.6111111111111112
0.39655172413793105
0.4883720930232558
0.30952380952380953
0.2619047619047619
0.26666666666666666
0.9130434782608695
0.40476190476190477
0.573170731707317
0.5769230769230769
0.4074074074074074
0.5769230769230769
0.23529411764705882
0.4714285714285714
0.2619047619047619
0.48148148148148145
0.16
0.17142857142857143
0.21212121212121213
0.15217391304347827
0.37209302325581395
0.37209302325581395
0.2948717948717949
0.46923076923076923
0.29411764705882354
0.5
0.2619047619047619
0.4
0.40540540540540543
0.23076923076923078
0.22448979591836735
0.11904761904761904
0.39759036144578314
0.2553191489361702
0.24
0.44
0.2619047619047619
0.14516129032258066
0.4864864864864865
0.30303030303030304
0.42105263157894735
0.5434782608695652
0.32456140350877194
0.4230769230769231
0.3275862068965517
0.20930232558139536
0.22641509433962265
0.2753623188405797
0.3082191780821918
0.12857142857142856
0.34
0.2857142857142857
0.26
0.20212765957446807
0.23684210526315788
0.21052631578947367
0.15384615384615385
0.38461538461538464
0.10344827586206896
0.6111111111111112
0.5806451612903226
0.30851063829787234
0.3076923076923077
0.19090909090909092
0.288135593220339
0.39655172413793105
0.2619047619047619
0.35555555555555557
0.17567567567567569
0.5384615384615384
0.11538461538461539
0.5
0.3431372549019608
0.22448979591836735
0.425531914893617
0.3157894736842105
0.28205128205128205
0.4117647058823529
0.24358974358974358
0.2641509433962264
0.4117647058823529
0.21794871794871795
0.24358974358974358
0.27419354838709675
0.4888888888888889
0.603448275862069
0.2972972972972973
0.5348837209302325
0.14705882352941177
0.18
0.5
0.42105263157894735
0.5
0.4117647058823529
0.1724137931034483
0.3333333333333333
0.25555555555555554
0.4016393442622951
0.30434782608695654
0.24528301886792453
0.4024390243902439
0.3925925925925926
0.47674418604651164
0.2818181818181818
0.2894736842105263
0.29411764705882354
0.3896551724137931
0.19672131147540983
0.2857142857142857
0.1
0.1111111111111111
0.10526315789473684
0.15217391304347827
0.20175438596491227
0.626984126984127
0.2982456140350877
0.38235294117647056
0.2807017543859649
0.34615384615384615
0.2111111111111111
0.136986301369863
0.3157894736842105
0.5
0.0
0.4074074074074074
0.0
0.35185185185185186
0.4230769230769231
0.21428571428571427
0.3111111111111111
0.5263157894736842
0.38028169014084506
0.4230769230769231
0.23770491803278687
0.3157894736842105
0.17391304347826086
0.11904761904761904
0.14705882352941177
0.35135135135135137
0.13333333333333333
0.3888888888888889
0.3655913978494624
0.10869565217391304
0.17391304347826086
0.4044943820224719
0.17647058823529413
0.3108108108108108
0.3780487804878049
0.48484848484848486
0.4074074074074074
0.52
0.5784313725490197
0.17567567567567569
0.3333333333333333
0.24444444444444444
0.4032258064516129
0.4098360655737705
0.34615384615384615
0.22448979591836735
0.46153846153846156
0.3709677419354839
0.3188405797101449
0.3584905660377358
0.6224489795918368
0.5882352941176471
0.5405405405405406
0.2222222222222222
0.3023255813953488
0.21794871794871795
0.5714285714285714
0.5350877192982456
0.3695652173913043
0.20588235294117646
0.22972972972972974
0.43333333333333335
0.3333333333333333
0.14285714285714285
0.3684210526315789
0.43333333333333335
0.3888888888888889
0.25862068965517243
0.43333333333333335
0.3076923076923077
0.7142857142857143
0.5740740740740741
0.3627450980392157
0.41935483870967744
0.18181818181818182
0.13157894736842105
0.25757575757575757
0.4
0.21951219512195122
0.425531914893617
0.15384615384615385
0.30952380952380953
0.23333333333333334
0.2857142857142857
0.3135593220338983
0.2857142857142857
0.19047619047619047
0.3
0.24468085106382978
0.24390243902439024
0.24390243902439024
0.6382978723404256
0.4878048780487805
0.3670886075949367
0.16
0.5
0.2
0.0
0.1
0.1774193548387097
0.3380281690140845
0.24
0.330188679245283
0.30303030303030304
0.3333333333333333
0.42424242424242425
0.44871794871794873
0.20491803278688525
0.5136986301369864
0.2777777777777778
0.24285714285714285
0.5662650602409639
0.6444444444444445
0.46808510638297873
0.4576271186440678
0.4
0.16666666666666666
0.20689655172413793
0.3684210526315789
0.3898305084745763
0.4126984126984127
0.3488372093023256
0.28169014084507044
0.2571428571428571
0.43661971830985913
0.5204081632653061
0.1282051282051282
0.43478260869565216
0.2702702702702703
0.41935483870967744
0.16
0.18888888888888888
0.5285714285714286
0.16666666666666666
0.22580645161290322
0.12222222222222222
0.20689655172413793
0.37735849056603776
0.43243243243243246
0.38235294117647056
0.4056603773584906
0.5
0.18
0.4444444444444444
0.24193548387096775
0.36046511627906974
0.5135135135135135
0.24
0.5857142857142857
0.29591836734693877
0.3230769230769231
0.2413793103448276
0.3230769230769231
0.2682926829268293
0.21428571428571427
0.42105263157894735
0.41025641025641024
0.4098360655737705
0.43617021276595747
0.23076923076923078
0.23529411764705882
0.22448979591836735
0.3181818181818182
0.15517241379310345
0.2962962962962963
0.8947368421052632
0.07692307692307693
0.4090909090909091
0.46
0.2926829268292683
0.3783783783783784
0.6304347826086957
0.36
0.28
0.21739130434782608
0.33783783783783783
0.25675675675675674
0.2702702702702703
0.3387096774193548
0.16853932584269662
0.1746031746031746
0.2
0.29473684210526313
0.43902439024390244
0.3983050847457627
0.2413793103448276
0.16666666666666666
0.5163934426229508
0.4411764705882353
0.2857142857142857
0.37037037037037035
0.34615384615384615
0.3620689655172414
0.23684210526315788
0.35294117647058826
0.22807017543859648
0.6363636363636364
0.336734693877551
0.3028169014084507
0.32926829268292684
0.3888888888888889
0.11538461538461539
0.0
0.16666666666666666
0.16666666666666666
0.5769230769230769
0.2
0.2540983606557377
0.41935483870967744
0.5068493150684932
0.14285714285714285
0.41044776119402987
0.21052631578947367
0.4
0.3333333333333333
0.0
0.41935483870967744
0.3108108108108108
0.3108108108108108
0.37735849056603776
0.43617021276595747
0.21212121212121213
0.3372093023255814
0.6395348837209303
0.33636363636363636
0.22549019607843138
0.6666666666666666
0.25862068965517243
0.27586206896551724
0.5128205128205128
0.38405797101449274
0.39855072463768115
0.19047619047619047
0.16981132075471697
0.32608695652173914
0.5202020202020202
0.13829787234042554
0.2962962962962963
0.23809523809523808
0.32653061224489793
0.2413793103448276
0.3787878787878788
0.35454545454545455
0.2795275590551181
0.43661971830985913
0.42783505154639173
0.3181818181818182
0.25806451612903225
0.5
0.2826086956521739
0.7391304347826086
0.23684210526315788
0.22727272727272727
0.48148148148148145
0.3387096774193548
0.5405405405405406
0.4
0.2631578947368421
0.40476190476190477
0.6052631578947368
0.2702702702702703
0.25862068965517243
0.38095238095238093
0.3492063492063492
0.25925925925925924
0.3333333333333333
0.5
0.19672131147540983
0.16666666666666666
0.28169014084507044
0.45918367346938777
0.5434782608695652
0.28688524590163933
0.23809523809523808
0.34146341463414637
0.26744186046511625
0.3873239436619718
0.38095238095238093
0.39436619718309857
0.2716049382716049
0.391304347826087
0.58
0.1
0.3333333333333333
0.22580645161290322
0.2682926829268293
0.3333333333333333
0.3220338983050847
0.3275862068965517
0.33098591549295775
0.5
0.2721518987341772
0.14285714285714285
0.038461538461538464
0.24358974358974358
0.19047619047619047
0.2441860465116279
0.21052631578947367
0.22
0.4056603773584906
0.4473684210526316
0.7162162162162162
0.43333333333333335
0.16666666666666666
0.0
0.7051282051282052
0.5853658536585366
0.5769230769230769
0.2714285714285714
0.21621621621621623
0.13043478260869565
0.23076923076923078
0.2878787878787879
0.3333333333333333
0.5238095238095238
0.5263157894736842
0.32051282051282054
0.2564102564102564
0.5454545454545454
0.29245283018867924
0.1794871794871795
1.0
0.35185185185185186
0.3148148148148148
0.4
0.3090909090909091
0.15151515151515152
0.48936170212765956
0.46
0.40476190476190477
0.38461538461538464
0.6351351351351351
0.36363636363636365
0.3968253968253968
0.47183098591549294
0.5161290322580645
0.2857142857142857
0.30952380952380953
0.6086956521739131
0.32857142857142857
0.40476190476190477
0.2727272727272727
0.5
0.5
0.23333333333333334
0.21739130434782608
0.38095238095238093
0.3709677419354839
0.12903225806451613
0.5232558139534884
0.4230769230769231
0.581081081081081
0.3860759493670886
0.1792452830188679
0.24324324324324326
0.7380952380952381
0.4117647058823529
0.36507936507936506
0.24390243902439024
0.19230769230769232
0.3333333333333333
0.19230769230769232
0.29069767441860467
0.1774193548387097
0.3793103448275862
0.2982456140350877
0.16
0.23655913978494625
0.24390243902439024
0.30392156862745096
0.25384615384615383
0.4
0.4098360655737705
0.3333333333333333
0.42857142857142855
0.46296296296296297
0.29310344827586204
0.20588235294117646
0.3111111111111111
0.08695652173913043
0.46551724137931033
0.35294117647058826
0.3333333333333333
0.2911392405063291
0.427536231884058
0.45652173913043476
0.15079365079365079
0.41566265060240964
0.31690140845070425
0.14285714285714285
0.18888888888888888
0.3275862068965517
0.20930232558139536
0.273972602739726
0.28378378378378377
0.45161290322580644
0.3333333333333333
0.25675675675675674
0.5675675675675675
0.5163934426229508
0.3076923076923077
0.0
0.0
0.1111111111111111
0.14705882352941177
0.3974358974358974
0.7142857142857143
0.3013698630136986
0.46226415094339623
0.32014388489208634
0.22388059701492538
0.41304347826086957
0.4
0.25925925925925924
0.12962962962962962
0.3275862068965517
0.39156626506024095
0.25675675675675674
0.32558139534883723
0.32653061224489793
0.8461538461538461
0.12903225806451613
0.37209302325581395
0.4067796610169492
0.21739130434782608
0.25862068965517243
0.20491803278688525
0.18421052631578946
0.14285714285714285
0.35714285714285715
0.46511627906976744
0.19047619047619047
0.3888888888888889
0.29411764705882354
0.15217391304347827
0.2222222222222222
0.3181818181818182
0.3275862068965517
0.16666666666666666
0.19148936170212766
0.10344827586206896
0.5
0.16666666666666666
0.2037037037037037
0.26
0.5333333333333333
0.18181818181818182
0.2857142857142857
0.2222222222222222
0.3431372549019608
0.22641509433962265
0.43859649122807015
0.19047619047619047
0.30434782608695654
0.36486486486486486
0.1282051282051282
0.24
0.1
0.21212121212121213
0.10869565217391304
0.18421052631578946
0.17391304347826086
0.2222222222222222
0.3333333333333333
0.19753086419753085
0.23469387755102042
0.23333333333333334
0.32075471698113206
0.3695652173913043
0.4148936170212766
0.21830985915492956
0.45384615384615384
0.8170731707317073
0.336734693877551
0.25862068965517243
0.22
0.6666666666666666
0.25308641975308643
0.74
0.27358490566037735
0.6585365853658537
0.4883720930232558
0.3795180722891566
0.46774193548387094
0.14814814814814814
0.24193548387096775
0.32558139534883723
0.38
0.19230769230769232
0.43243243243243246
0.4491525423728814
0.2
0.2826086956521739
0.32727272727272727
0.14516129032258066
0.2441860465116279
0.3488372093023256
0.2222222222222222
0.35714285714285715
0.20224719101123595
0.2
0.19047619047619047
0.16666666666666666
0.2857142857142857
0.7586206896551724
0.3275862068965517
0.34444444444444444
0.3181818181818182
0.18181818181818182
0.11538461538461539
0.2647058823529412
0.2786885245901639
0.41025641025641024
0.19047619047619047
0.34782608695652173
0.4222222222222222
0.41397849462365593
0.4152542372881356
0.05263157894736842
0.22972972972972974
0.1
0.4444444444444444
0.5238095238095238
0.4344262295081967
0.423728813559322
0.7608695652173914
0.36585365853658536
0.31679389312977096
0.5806451612903226
0.17796610169491525
0.16216216216216217
0.2727272727272727
0.16
0.3898305084745763
0.24193548387096775
0.5
0.19230769230769232
0.43333333333333335
0.5
0.13636363636363635
0.2962962962962963
0.09090909090909091
0.352112676056338
0.3670886075949367
0.26229508196721313
0.2564102564102564
0.28205128205128205
0.2631578947368421
0.3220338983050847
0.3253968253968254
0.28205128205128205
0.24193548387096775
0.312
0.28160919540229884
0.2608695652173913
0.3157894736842105
0.4069767441860465
0.4411764705882353
0.20175438596491227
0.2857142857142857
0.4358974358974359
0.2457627118644068
0.310126582278481
0.46923076923076923
0.4032258064516129
0.27011494252873564
0.3783783783783784
0.4148936170212766
0.3137254901960784
0.4074074074074074
0.14444444444444443
0.3627450980392157
0.2857142857142857
0.14705882352941177
0.32051282051282054
0.3275862068965517
0.4024390243902439
0.4
0.12121212121212122
0.43103448275862066
0.5217391304347826
0.3181818181818182
0.4230769230769231
0.38235294117647056
0.4358974358974359
0.18867924528301888
0.18518518518518517
0.39473684210526316
0.38
0.2972972972972973
0.3333333333333333
0.2719298245614035
0.42105263157894735
0.4019607843137255
0.2608695652173913
0.5
0.36363636363636365
0.18604651162790697
0.19148936170212766
0.2818181818181818
0.32432432432432434
0.23333333333333334
0.2536231884057971
0.39090909090909093
0.29069767441860467
0.24390243902439024
0.3235294117647059
0.16666666666666666
0.29365079365079366
0.7777777777777778
0.23404255319148937
0.319672131147541
0.22448979591836735
0.4230769230769231
0.3723404255319149
0.3305084745762712
0.391304347826087
0.4909090909090909
0.3148148148148148
0.35714285714285715
0.2922077922077922
0.3333333333333333
0.21686746987951808
0.3050847457627119
0.16666666666666666
0.16666666666666666
0.5
0.2222222222222222
0.16666666666666666
0.4
0.3979591836734694
0.7142857142857143
0.3181818181818182
0.22
0.19230769230769232
0.36231884057971014
0.6428571428571429
0.22093023255813954
0.18840579710144928
0.21359223300970873
0.23333333333333334
0.16666666666666666
0.0
0.3333333333333333
0.30434782608695654
0.1935483870967742
0.3787878787878788
0.11764705882352941
0.07142857142857142
0.4189189189189189
0.47058823529411764
0.38095238095238093
0.20588235294117646
0.3181818181818182
0.6509433962264151
0.21052631578947367
0.7777777777777778
0.26
0.35294117647058826
0.14705882352941177
0.6627906976744186
0.2
0.2857142857142857
0.8181818181818182
0.23684210526315788
0.4090909090909091
0.22549019607843138
0.2619047619047619
0.32105263157894737
0.32051282051282054
0.2826086956521739
0.24603174603174602
0.24489795918367346
0.34
0.16393442622950818
0.24390243902439024
0.37777777777777777
0.26153846153846155
0.21739130434782608
0.3888888888888889
0.43333333333333335
0.34444444444444444
0.25471698113207547
0.3412698412698413
0.13636363636363635
0.24
0.3698630136986301
0.30158730158730157
0.3548387096774194
0.5675675675675675
0.3021978021978022
0.4636363636363636
0.23376623376623376
0.3333333333333333
0.23469387755102042
0.30392156862745096
0.35294117647058826
0.5161290322580645
0.3516483516483517
0.16666666666666666
0.3188405797101449
0.7105263157894737
0.336734693877551
0.49019607843137253
0.2857142857142857
0.32608695652173914
0.3490566037735849
0.29245283018867924
0.24528301886792453
0.25609756097560976
0.32222222222222224
0.6
0.3
0.25806451612903225
0.3389830508474576
0.4827586206896552
0.38372093023255816
0.2631578947368421
0.4782608695652174
0.14285714285714285
0.38461538461538464
0.3142857142857143
0.5217391304347826
0.1956521739130435
0.23684210526315788
0.391304347826087
0.38372093023255816
0.10344827586206896
0.5571428571428572
0.4074074074074074
0.17647058823529413
0.45454545454545453
0.18181818181818182
0.36486486486486486
0.12
0.17391304347826086
0.2830188679245283
0.4074074074074074
0.29411764705882354
0.5172413793103449
0.3
0.42063492063492064
0.36666666666666664
0.2826086956521739
0.22549019607843138
0.3333333333333333
0.3333333333333333
0.3333333333333333
0.1951219512195122
0.16666666666666666
0.16666666666666666
0.44
0.42105263157894735
0.5555555555555556
0.2
0.3181818181818182
0.47560975609756095
0.6475409836065574
0.3333333333333333
0.1774193548387097
0.24390243902439024
0.07142857142857142
0.27586206896551724
0.25925925925925924
0.3
0.23333333333333334
0.46551724137931033
0.5
0.24285714285714285
0.2948717948717949
0.2647058823529412
0.18518518518518517
0.2631578947368421
0.1702127659574468
0.3939393939393939
0.28378378378378377
0.47297297297297297
0.13636363636363635
0.5555555555555556
0.21604938271604937
0.2413793103448276
0.2878787878787879
0.32558139534883723
0.4367816091954023
0.2727272727272727
0.22
0.26666666666666666
0.4111111111111111
0.20967741935483872
0.21052631578947367
0.6507936507936508
0.3484848484848485
0.38524590163934425
0.3617886178861789
0.24390243902439024
0.2264957264957265
0.2913907284768212
0.2702702702702703
0.5263157894736842
0.5384615384615384
0.3333333333333333
0.4315068493150685
0.3888888888888889
0.2781456953642384
0.38317757009345793
0.4298245614035088
0.2948717948717949
0.3220338983050847
0.26
0.15517241379310345
0.2647058823529412
0.16666666666666666
0.6333333333333333
0.3282828282828283
0.18831168831168832
0.25333333333333335
0.30303030303030304
0.19230769230769232
0.24
0.23170731707317074
0.6428571428571429
0.3220338983050847
0.2676056338028169
0.20634920634920634
0.6585365853658537
0.5652173913043478
0.5284552845528455
0.5217391304347826
0.36046511627906974
0.15789473684210525
0.4230769230769231
0.21052631578947367
0.3
0.3114754098360656
0.3048780487804878
0.3050847457627119
0.4098360655737705
0.38028169014084506
0.4439252336448598
0.42105263157894735
0.4029126213592233
0.2974683544303797
0.27058823529411763
0.3333333333333333
0.47560975609756095
0.21818181818181817
0.2112676056338028
0.4215686274509804
0.33636363636363636
0.2804878048780488
0.3979591836734694
0.358974358974359
0.3333333333333333
0.2111111111111111
0.41025641025641024
0.5303030303030303
0.28205128205128205
0.2786885245901639
0.3584905660377358
0.2222222222222222
0.12962962962962962
0.18181818181818182
0.9534883720930233
0.41935483870967744
0.16666666666666666
0.27419354838709675
0.4794520547945205
0.4393939393939394
0.2714285714285714
0.35185185185185186
0.3114754098360656
0.6012658227848101
0.6304347826086957
0.44285714285714284
0.2898550724637681
0.3023255813953488
0.25757575757575757
0.8461538461538461
0.32222222222222224
0.42771084337349397
0.3225806451612903
0.13829787234042554
0.5465116279069767
0.391304347826087
0.6176470588235294
0.3114754098360656
0.3860759493670886
0.38
0.2641509433962264
0.4056603773584906
0.2903225806451613
0.43902439024390244
0.19230769230769232
0.34782608695652173
0.3484848484848485
0.48507462686567165
0.2037037037037037
0.45555555555555555
0.3023255813953488
0.39655172413793105
0.3103448275862069
0.30851063829787234
0.27586206896551724
0.34444444444444444
0.19811320754716982
0.5
0.23684210526315788
0.5862068965517241
0.2413793103448276
0.25806451612903225
0.36585365853658536
0.3220338983050847
0.058823529411764705
0.47435897435897434
0.16129032258064516
0.5303030303030303
0.41025641025641024
0.7142857142857143
0.3148148148148148
0.3484848484848485
0.48484848484848486
0.2962962962962963
0.2631578947368421
0.2647058823529412
0.36046511627906974
0.47058823529411764
0.3103448275862069
0.27419354838709675
0.6666666666666666
0.6132075471698113
0.30701754385964913
0.3291139240506329
0.3888888888888889
0.44
0.5930232558139535
0.45454545454545453
0.42
0.36666666666666664
0.5816326530612245
0.2462686567164179
0.3157894736842105
0.6571428571428571
0.3387096774193548
0.5507246376811594
0.14285714285714285
0.2777777777777778
0.15151515151515152
0.6224489795918368
0.42857142857142855
0.48148148148148145
0.5181818181818182
0.6818181818181818
0.4222222222222222
0.3684210526315789
0.4864864864864865
0.2876712328767123
0.47674418604651164
0.6774193548387096
0.32075471698113206
0.4142857142857143
0.46078431372549017
0.3305084745762712
0.34146341463414637
0.2540983606557377
0.4339622641509434
0.42105263157894735
0.2671232876712329
0.2413793103448276
0.34579439252336447
0.38461538461538464
0.42592592592592593
0.44761904761904764
0.34782608695652173
0.5444444444444444
0.4339622641509434
0.4268292682926829
0.35454545454545455
0.23684210526315788
0.23404255319148937
0.23333333333333334
0.48
0.4714285714285714
0.3181818181818182
0.39344262295081966
0.47530864197530864
0.5
0.18604651162790697
0.13793103448275862
0.2727272727272727
0.32432432432432434
0.2898550724637681
0.17543859649122806
0.20491803278688525
0.31690140845070425
0.22857142857142856
0.3877551020408163
0.36363636363636365
0.25609756097560976
0.33116883116883117
0.38461538461538464
0.3116883116883117
0.3013698630136986
0.13513513513513514
0.35714285714285715
0.46153846153846156
0.330188679245283
0.6190476190476191
0.34210526315789475
0.29411764705882354
0.35714285714285715
0.35333333333333333
0.35185185185185186
0.3333333333333333
0.5
0.33783783783783783
0.25806451612903225
0.7777777777777778
0.5
0.3287671232876712
0.2391304347826087
0.21621621621621623
0.3563218390804598
0.2981651376146789
0.38095238095238093
0.22093023255813954
0.1111111111111111
0.42105263157894735
0.4069767441860465
0.21014492753623187
0.42857142857142855
0.41379310344827586
0.3548387096774194
0.3137254901960784
0.6764705882352942
0.4230769230769231
0.47368421052631576
0.3333333333333333
0.5555555555555556
0.5
0.3469387755102041
0.29850746268656714
0.3333333333333333
0.47619047619047616
0.23469387755102042
0.19767441860465115
0.18181818181818182
0.18181818181818182
0.17567567567567569
0.30402010050251255
0.3787878787878788
0.5303030303030303
0.16666666666666666
0.43103448275862066
0.64
0.35443037974683544
0.47058823529411764
0.5116279069767442
0.2391304347826087
0.45652173913043476
0.4230769230769231
0.2804878048780488
0.6666666666666666
0.3627450980392157
0.5645161290322581
0.4
0.25280898876404495
0.45918367346938777
0.28
0.4152542372881356
0.37168141592920356
0.3548387096774194
0.1896551724137931
0.29365079365079366
0.16666666666666666
0.22
0.5350877192982456
0.19047619047619047
0.2777777777777778
0.36486486486486486
0.34285714285714286
0.6122448979591837
0.4452054794520548
0.32051282051282054
0.34328358208955223
0.3805309734513274
0.5256410256410257
0.5303030303030303
0.56
0.5232558139534884
0.17567567567567569
0.2926829268292683
0.2631578947368421
0.3508771929824561
0.3561643835616438
0.37606837606837606
0.5346534653465347
0.3870967741935484
0.5888888888888889
0.3246753246753247
0.30434782608695654
0.3473684210526316
0.3974358974358974
0.4470588235294118
0.2222222222222222
0.39473684210526316
0.35034013605442177
0.35714285714285715
0.5
0.20588235294117646
0.29591836734693877
0.25203252032520324
0.25333333333333335
0.3170731707317073
0.24719101123595505
0.24675324675324675
0.2391304347826087
0.22
0.3263157894736842
0.25170068027210885
0.3448275862068966
0.36363636363636365
0.16666666666666666
0.3717948717948718
0.2777777777777778
0.410958904109589
0.4339622641509434
0.6428571428571429
0.5161290322580645
0.2857142857142857
0.30303030303030304
0.21951219512195122
0.1989247311827957
0.2558139534883721
0.26229508196721313
0.24157303370786518
0.43333333333333335
0.5081967213114754
0.46226415094339623
0.3
0.34146341463414637
0.44594594594594594
0.21428571428571427
0.4782608695652174
0.19047619047619047
0.3181818181818182
0.30327868852459017
0.39215686274509803
0.5882352941176471
0.4787234042553192
0.18627450980392157
0.3559322033898305
0.6162790697674418
0.34146341463414637
0.26666666666666666
0.42105263157894735
0.22727272727272727
0.4
0.4696969696969697
0.6923076923076923
0.3431372549019608
0.5769230769230769
0.3170731707317073
0.3939393939393939
0.35964912280701755
0.12857142857142856
0.6923076923076923
0.32075471698113206
0.3076923076923077
0.3620689655172414
0.3275862068965517
0.3584905660377358
0.20930232558139536
0.18181818181818182
0.41379310344827586
0.29850746268656714
0.13793103448275862
0.36231884057971014
0.3974358974358974
0.3
0.43670886075949367
0.5
0.4024390243902439
0.47560975609756095
0.3695652173913043
0.4420289855072464
0.4358974358974359
0.45348837209302323
0.4701492537313433
0.2413793103448276
0.4090909090909091
0.4576271186440678
0.23076923076923078
0.3983050847457627
0.27848101265822783
0.38288288288288286
0.3902439024390244
0.4888888888888889
0.5483870967741935
0.3
0.5149253731343284
0.35443037974683544
0.6428571428571429
0.3271604938271605
0.2692307692307692
0.09090909090909091
0.18292682926829268
0.3157894736842105
0.35714285714285715
0.14705882352941177
0.2
0.3933333333333333
0.26153846153846155
0.46153846153846156
0.2755102040816326
0.21428571428571427
0.43548387096774194
0.5769230769230769
0.5
0.4430379746835443
0.24074074074074073
0.4842105263157895
0.32222222222222224
0.17142857142857143
0.4657534246575342
0.4142857142857143
0.6428571428571429
0.44
0.5294117647058824
0.20754716981132076
0.4389312977099237
1.0
0.4
0.5294117647058824
0.32222222222222224
0.23333333333333334
0.3695652173913043
0.13725490196078433
0.35454545454545455
0.40816326530612246
0.29411764705882354
0.5333333333333333
0.38461538461538464
0.3113207547169811
0.35294117647058826
0.3617021276595745
0.2898550724637681
0.25609756097560976
0.2641509433962264
0.25252525252525254
0.24489795918367346
0.14814814814814814
0.3684210526315789
0.6904761904761905
0.2727272727272727
0.22033898305084745
0.1935483870967742
0.20512820512820512
0.1935483870967742
0.2413793103448276
0.28431372549019607
0.32
0.2948717948717949
0.48717948717948717
0.15789473684210525
0.3902439024390244
0.3333333333333333
0.2636363636363636
0.37681159420289856
0.3492063492063492
0.24545454545454545
0.2422680412371134
0.4076923076923077
0.5512820512820513
0.17164179104477612
0.5714285714285714
0.35185185185185186
0.2391304347826087
0.40476190476190477
0.34615384615384615
0.3924050632911392
0.6896551724137931
0.26666666666666666
0.27906976744186046
0.4393939393939394
0.24358974358974358
0.42424242424242425
0.3076923076923077
0.47619047619047616
0.3735632183908046
0.5606060606060606
0.28651685393258425
0.5697674418604651
0.2
0.33783783783783783
0.5975609756097561
0.3142857142857143
0.2898550724637681
0.5465116279069767
0.21014492753623187
0.2777777777777778
0.4
0.21428571428571427
0.1282051282051282
0.26666666666666666
0.2796610169491525
0.3
0.36923076923076925
0.3953488372093023
0.32222222222222224
0.3170731707317073
0.5714285714285714
0.3602150537634409
0.3508771929824561
0.2
0.7741935483870968
0.4473684210526316
0.2966101694915254
0.6666666666666666
0.45081967213114754
0.3404255319148936
0.4152542372881356
0.3153846153846154
0.5
0.2631578947368421
0.35185185185185186
0.4298245614035088
0.43478260869565216
0.4154929577464789
0.3227848101265823
0.3728813559322034
0.3148148148148148
0.487012987012987
0.5054945054945055
0.3018867924528302
0.2796610169491525
0.34782608695652173
0.358974358974359
0.36
0.21739130434782608
0.22413793103448276
0.32608695652173914
0.4489795918367347
0.18518518518518517
0.3783783783783784
0.37037037037037035
0.3695652173913043
0.391304347826087
0.2692307692307692
0.34210526315789475
0.5
0.26
0.2
0.2
0.5263157894736842
0.43333333333333335
0.524390243902439
0.41935483870967744
0.25555555555555554
0.26
0.32432432432432434
0.18888888888888888
0.21621621621621623
0.3979591836734694
0.2926829268292683
0.3225806451612903
0.36363636363636365
0.6951219512195121
0.5945945945945946
0.313953488372093
0.21739130434782608
0.32558139534883723
0.29508196721311475
0.2830188679245283
0.32608695652173914
0.3170731707317073
0.15151515151515152
0.3157894736842105
0.5135135135135135
0.4787234042553192
0.30303030303030304
0.4117647058823529
0.30434782608695654
0.34
0.4090909090909091
0.3333333333333333
0.36666666666666664
0.2807017543859649
0.4716981132075472
0.46808510638297873
0.35714285714285715
0.3508771929824561
0.4716981132075472
0.44155844155844154
0.26119402985074625
0.44
0.36666666666666664
0.5849056603773585
0.37272727272727274
0.33962264150943394
0.5531914893617021
0.25862068965517243
0.40540540540540543
0.2909090909090909
0.44680851063829785
0.24193548387096775
0.3983050847457627
0.23170731707317074
0.2
0.17796610169491525
0.3709677419354839
0.3157894736842105
0.7647058823529411
0.37341772151898733
0.37037037037037035
0.21428571428571427
0.22413793103448276
0.5714285714285714
0.4523809523809524
0.2619047619047619
0.4830508474576271
0.12962962962962962
0.3333333333333333
0.2542372881355932
0.3148148148148148
0.43137254901960786
0.32941176470588235
0.41935483870967744
0.26229508196721313
0.28421052631578947
0.3380281690140845
0.21568627450980393
0.19047619047619047
0.40816326530612246
0.6901408450704225
0.34146341463414637
0.5483870967741935
0.48717948717948717
0.3888888888888889
0.25949367088607594
0.5510204081632653
0.3064516129032258
0.3469387755102041
0.3548387096774194
0.7272727272727273
0.25675675675675674
0.42424242424242425
0.45081967213114754
0.4931506849315068
0.46153846153846156
0.31868131868131866
0.3780487804878049
0.3225806451612903
0.5645161290322581
0.23809523809523808
0.4230769230769231
0.42424242424242425
0.35294117647058826
0.42592592592592593
0.3765432098765432
0.47058823529411764
0.2872340425531915
0.5925925925925926
0.18
0.5740740740740741
0.37623762376237624
0.13636363636363635
0.5540540540540541
0.44339622641509435
0.47368421052631576
0.3723404255319149
0.2894736842105263
0.4090909090909091
0.34146341463414637
0.2878787878787879
0.4827586206896552
0.7777777777777778
0.3548387096774194
0.24
0.3076923076923077
0.2391304347826087
0.44285714285714284
0.5444444444444444
0.2945205479452055
0.4090909090909091
0.3953488372093023
0.28651685393258425
0.43859649122807015
0.22641509433962265
0.13636363636363635
0.30851063829787234
0.3333333333333333
0.2073170731707317
0.52
0.36585365853658536
0.3181818181818182
0.3387096774193548
0.7702702702702703
0.32857142857142857
0.10526315789473684
0.16981132075471697
0.21428571428571427
0.30434782608695654
0.38571428571428573
0.4594594594594595
0.42727272727272725
0.25471698113207547
0.48484848484848486
0.16
0.3709677419354839
0.2857142857142857
0.16129032258064516
0.10526315789473684
0.23684210526315788
0.7777777777777778
0.3148148148148148
0.696969696969697
0.27586206896551724
0.32456140350877194
0.4589041095890411
0.5909090909090909
0.3684210526315789
0.4222222222222222
0.32608695652173914
0.36363636363636365
0.3787878787878788
0.8823529411764706
0.21428571428571427
0.07142857142857142
0.3780487804878049
0.18
0.6451612903225806
0.6276595744680851
0.21794871794871795
0.4387755102040816
0.2602739726027397
0.18604651162790697
0.25510204081632654
0.1774193548387097
0.24468085106382978
0.46774193548387094
0.2804878048780488
0.2
0.26
0.3076923076923077
0.4387755102040816
0.4716981132075472
0.4803921568627451
0.3888888888888889
0.4152542372881356
0.21951219512195122
0.20512820512820512
0.22972972972972974
0.3150684931506849
0.5
0.6632653061224489
0.5196078431372549
0.3111111111111111
0.3103448275862069
0.18181818181818182
0.25806451612903225
0.5333333333333333
0.3275862068965517
0.36
0.14516129032258066
0.15384615384615385
0.21052631578947367
0.9259259259259259
0.17142857142857143
0.30434782608695654
0.42105263157894735
0.22340425531914893
0.2111111111111111
0.5641025641025641
0.5666666666666667
0.16666666666666666
0.4
0.16666666666666666
0.34210526315789475
0.47058823529411764
0.3023255813953488
0.11538461538461539
0.4827586206896552
0.28
0.43103448275862066
0.23404255319148937
0.13636363636363635
0.30434782608695654
0.2920353982300885
0.48
0.24528301886792453
0.3953488372093023
0.2462686567164179
0.352112676056338
0.34210526315789475
0.1746031746031746
0.35555555555555557
0.13636363636363635
0.1111111111111111
0.2
0.17272727272727273
0.32075471698113206
0.2755102040816326
0.28888888888888886
0.4142857142857143
0.7272727272727273
0.44
0.31690140845070425
0.3793103448275862
0.46
0.27611940298507465
0.4382716049382716
0.35384615384615387
0.3888888888888889
0.2974683544303797
0.27906976744186046
0.4019607843137255
0.2
0.15714285714285714
0.18
0.358974358974359
0.3333333333333333
0.35714285714285715
0.3695652173913043
0.24074074074074073
0.3333333333333333
0.1774193548387097
0.13157894736842105
0.42105263157894735
0.3918918918918919
0.46153846153846156
0.3333333333333333
0.3148148148148148
0.24675324675324675
0.4186046511627907
0.3157894736842105
0.4883720930232558
0.3333333333333333
0.2391304347826087
0.36666666666666664
0.3617021276595745
0.34
0.4090909090909091
0.313953488372093
0.40476190476190477
0.3148148148148148
0.41379310344827586
0.2246376811594203
0.34615384615384615
0.2804878048780488
0.3148148148148148
0.2857142857142857
0.24324324324324326
0.2857142857142857
0.22857142857142856
0.43023255813953487
0.3404255319148936
0.35714285714285715
0.18085106382978725
0.36046511627906974
0.16666666666666666
0.05555555555555555
0.23404255319148937
0.58
0.2358490566037736
0.3018867924528302
0.37272727272727274
0.41935483870967744
0.39473684210526316
0.17391304347826086
0.38461538461538464
0.3191489361702128
0.37593984962406013
0.38524590163934425
0.14
0.43103448275862066
0.15714285714285714
0.3873239436619718
0.3333333333333333
0.22580645161290322
0.2826086956521739
0.6764705882352942
0.2627118644067797
0.3372093023255814
0.34210526315789475
0.3135593220338983
0.2765957446808511
0.7857142857142857
0.45454545454545453
0.08571428571428572
0.29393939393939394
0.3023255813953488
0.21739130434782608
0.3225806451612903
0.3559322033898305
0.25555555555555554
0.26666666666666666
0.24242424242424243
0.21212121212121213
0.37037037037037035
0.14705882352941177
0.18421052631578946
0.21739130434782608
0.18181818181818182
0.5641025641025641
0.35294117647058826
0.38571428571428573
0.2571428571428571
0.3333333333333333
0.5
0.32653061224489793
0.24390243902439024
0.4268292682926829
0.6
0.13333333333333333
0.19230769230769232
0.13157894736842105
0.13157894736842105
0.5370370370370371
0.35507246376811596
0.5256410256410257
0.25609756097560976
0.4069767441860465
0.19148936170212766
0.8666666666666667
0.2391304347826087
0.3902439024390244
0.3333333333333333
0.20270270270270271
0.29411764705882354
0.48148148148148145
0.45121951219512196
0.32653061224489793
0.34
0.18571428571428572
0.28378378378378377
0.45121951219512196
0.33783783783783783
0.35714285714285715
0.3548387096774194
0.28378378378378377
0.5
0.45652173913043476
0.38
0.7647058823529411
0.5
0.4180327868852459
0.6
0.3275862068965517
0.5111111111111111
0.35135135135135137
0.5
0.3888888888888889
0.19696969696969696
0.5925925925925926
0.29310344827586204
0.3492063492063492
0.41304347826086957
0.1917808219178082
0.5882352941176471
0.3979591836734694
0.3783783783783784
0.30952380952380953
0.46
0.36666666666666664
0.1694915254237288
0.4057971014492754
0.5555555555555556
0.2830188679245283
0.5945945945945946
0.47297297297297297
0.3188405797101449
Min Sentence GLEU Score: 0.0
Max Sentence GLEU Score: 1.0
Average Sentence GLEU Score: 0.31163153484348194
Corpus Sentence GLEU Score: 0.3188405797101449
