0.9126984126984127
0.8245614035087719
0.36046511627906974
0.4745762711864407
0.7058823529411765
0.4
0.3717948717948718
0.2978723404255319
0.26744186046511625
0.39622641509433965
0.7181818181818181
0.46153846153846156
0.4142857142857143
0.4
0.28378378378378377
0.8148148148148148
0.24489795918367346
0.5363636363636364
0.4186046511627907
0.43902439024390244
0.5
1.0
0.38
0.36046511627906974
0.4
0.16666666666666666
0.14285714285714285
0.0
1.0
0.2459016393442623
0.2857142857142857
0.42727272727272725
0.16666666666666666
0.6153846153846154
0.6612903225806451
0.3684210526315789
0.4076923076923077
0.13636363636363635
0.45714285714285713
0.527027027027027
0.18518518518518517
0.12962962962962962
0.1935483870967742
0.3076923076923077
0.13793103448275862
1.0
0.14285714285714285
0.5555555555555556
0.2878787878787879
0.10344827586206896
0.5384615384615384
0.5425531914893617
0.696969696969697
0.48
0.5617283950617284
0.4413793103448276
0.5522388059701493
1.0
0.36792452830188677
0.3333333333333333
0.18
0.41935483870967744
0.38
0.2469879518072289
0.3
0.7254901960784313
0.44285714285714284
0.6956521739130435
0.26744186046511625
0.17346938775510204
0.07692307692307693
0.15384615384615385
0.43243243243243246
0.5851063829787234
0.7407407407407407
0.08695652173913043
0.15384615384615385
0.3333333333333333
0.3888888888888889
0.8703703703703703
0.527027027027027
0.5
0.5263157894736842
0.56
0.7391304347826086
0.5344827586206896
0.47297297297297297
0.21794871794871795
0.3333333333333333
0.19047619047619047
0.4074074074074074
0.19672131147540983
0.23076923076923078
0.28
0.4523809523809524
0.24074074074074073
0.3
0.2222222222222222
0.5609756097560976
0.48
0.4
0.6818181818181818
0.66
0.39473684210526316
0.3390804597701149
0.92
0.26666666666666666
0.412568306010929
0.26
0.39473684210526316
0.5344827586206896
0.5581395348837209
0.1
1.0
0.36363636363636365
0.5272727272727272
0.28205128205128205
0.2636363636363636
0.6571428571428571
0.26666666666666666
0.40350877192982454
0.3137254901960784
0.6571428571428571
0.4205298013245033
0.3150684931506849
0.0
0.36923076923076925
0.3364485981308411
0.4
0.3333333333333333
0.4316546762589928
0.4594594594594595
0.5
0.3
0.3387096774193548
0.16666666666666666
0.4
1.0
0.2698412698412698
0.38405797101449274
0.44285714285714284
0.5
0.4878048780487805
0.25675675675675674
0.5
1.0
0.3888888888888889
0.47619047619047616
0.5263157894736842
0.6304347826086957
0.391304347826087
0.2857142857142857
1.0
0.29411764705882354
0.7666666666666667
0.16666666666666666
0.23076923076923078
0.45652173913043476
0.2391304347826087
0.3181818181818182
0.6538461538461539
0.24324324324324326
0.23423423423423423
0.4046242774566474
0.3413173652694611
0.38202247191011235
0.34782608695652173
0.42528735632183906
0.21739130434782608
0.23684210526315788
0.2
0.3333333333333333
0.23529411764705882
0.5344827586206896
0.1774193548387097
0.4444444444444444
0.34545454545454546
0.32432432432432434
0.4
0.64
0.34705882352941175
0.3235294117647059
0.2777777777777778
1.0
0.1724137931034483
0.7333333333333333
0.3918918918918919
0.6744186046511628
0.28205128205128205
0.38095238095238093
0.2894736842105263
0.07692307692307693
0.5
0.3023255813953488
1.0
0.22972972972972974
0.2
1.0
0.3
0.1111111111111111
0.23809523809523808
0.7111111111111111
0.5
0.7313432835820896
0.3181818181818182
0.3902439024390244
0.20689655172413793
0.6515151515151515
0.4879518072289157
0.6923076923076923
0.5609756097560976
0.6111111111111112
0.3709677419354839
0.16666666666666666
0.7142857142857143
0.3448275862068966
0.34210526315789475
0.24242424242424243
0.3235294117647059
0.5454545454545454
0.2777777777777778
0.27647058823529413
0.39622641509433965
0.35294117647058826
0.35294117647058826
0.8157894736842105
0.3488372093023256
0.3877551020408163
0.32857142857142857
0.29310344827586204
0.16666666666666666
0.2857142857142857
0.1111111111111111
0.4142857142857143
0.40816326530612246
0.4
0.34615384615384615
0.3
0.5256410256410257
0.5232558139534884
0.34615384615384615
0.14
0.3283582089552239
0.4827586206896552
0.4550561797752809
0.8793103448275862
0.23684210526315788
0.23333333333333334
0.17647058823529413
1.0
0.42
0.8372093023255814
0.16666666666666666
0.5454545454545454
0.1724137931034483
0.3113207547169811
0.07142857142857142
0.5
1.0
0.4883720930232558
0.32608695652173914
0.6842105263157895
0.3225806451612903
0.2
0.0
0.2631578947368421
0.54
0.4523809523809524
0.33783783783783783
0.6296296296296297
0.05555555555555555
0.07142857142857142
0.5862068965517241
0.5581395348837209
0.4
0.6206896551724138
0.2391304347826087
0.7666666666666667
0.5
0.0
0.21657754010695188
0.39622641509433965
0.4675324675324675
0.14545454545454545
0.3153846153846154
0.6486486486486487
0.5
0.47191011235955055
0.20967741935483872
0.2978723404255319
0.2391304347826087
0.3181818181818182
0.5508474576271186
0.09090909090909091
0.17391304347826086
0.44594594594594594
0.3870967741935484
0.2692307692307692
0.47058823529411764
0.39361702127659576
0.5507246376811594
0.4626865671641791
0.41228070175438597
0.6363636363636364
0.5
0.7857142857142857
0.43478260869565216
0.84
0.4857142857142857
0.17567567567567569
0.23684210526315788
1.0
0.27586206896551724
0.42
0.14
0.18181818181818182
0.16666666666666666
0.8793103448275862
0.2631578947368421
1.0
0.8157894736842105
0.42592592592592593
0.5
0.6363636363636364
0.16666666666666666
0.3181818181818182
0.2
1.0
0.2966101694915254
0.3181818181818182
0.38181818181818183
0.421259842519685
0.5116279069767442
0.45652173913043476
0.5344827586206896
0.5263157894736842
0.5164835164835165
1.0
0.5952380952380952
0.15789473684210525
0.6891891891891891
0.4873417721518987
0.15384615384615385
0.5142857142857142
0.3148148148148148
0.564935064935065
0.6372549019607843
0.3983050847457627
0.5
0.2903225806451613
0.2692307692307692
0.35365853658536583
0.3591549295774648
0.5490196078431373
0.4857142857142857
1.0
0.5740740740740741
0.4019607843137255
0.1774193548387097
0.22972972972972974
0.4117647058823529
0.2887323943661972
0.3505747126436782
0.1
0.4787234042553192
0.42105263157894735
0.5
0.15384615384615385
0.2831858407079646
0.3157894736842105
0.47540983606557374
0.38461538461538464
0.34782608695652173
0.373134328358209
0.43103448275862066
0.2662337662337662
0.46078431372549017
0.2641509433962264
0.2358490566037736
0.5757575757575758
0.3163265306122449
0.32051282051282054
0.3763440860215054
0.29508196721311475
0.3769230769230769
0.24509803921568626
1.0
1.0
0.7352941176470589
0.6470588235294118
0.23684210526315788
0.4482758620689655
0.6612903225806451
0.37037037037037035
0.3783783783783784
0.5247524752475248
0.3333333333333333
0.6851851851851852
0.6481481481481481
0.5
0.16666666666666666
0.4189189189189189
0.5051546391752577
0.3333333333333333
0.12222222222222222
0.5235294117647059
0.2966101694915254
0.2857142857142857
0.15217391304347827
0.5882352941176471
0.4864864864864865
0.19230769230769232
0.5
0.46511627906976744
0.8484848484848485
0.25925925925925924
0.5689655172413793
0.4
0.7352941176470589
0.7142857142857143
0.5
0.4482758620689655
0.5952380952380952
0.2037037037037037
0.38
0.5425531914893617
0.11904761904761904
0.3888888888888889
0.16666666666666666
0.16666666666666666
0.7352941176470589
0.2974683544303797
0.3880597014925373
0.35714285714285715
0.22727272727272727
1.0
0.0
0.4811320754716981
0.3492063492063492
0.4777777777777778
0.5151515151515151
0.47297297297297297
0.7
0.5333333333333333
0.8666666666666667
0.13636363636363635
0.14285714285714285
0.52
0.5161290322580645
0.3
0.5
0.6764705882352942
0.16666666666666666
0.6868686868686869
0.19230769230769232
0.05263157894736842
0.36666666666666664
0.5540540540540541
0.20689655172413793
0.5483870967741935
0.4864864864864865
0.18518518518518517
0.19230769230769232
0.15517241379310345
0.5263157894736842
0.39622641509433965
0.20588235294117646
0.7407407407407407
0.3076923076923077
0.08888888888888889
0.36363636363636365
0.2727272727272727
0.46629213483146065
0.6111111111111112
0.64
0.36324786324786323
0.3709677419354839
0.16666666666666666
0.15217391304347827
0.41935483870967744
0.38
0.8148148148148148
0.058823529411764705
0.35714285714285715
0.30952380952380953
0.27049180327868855
0.39361702127659576
0.23529411764705882
0.6153846153846154
0.8181818181818182
0.8666666666666667
0.19767441860465115
0.6923076923076923
0.4148148148148148
0.5
0.30434782608695654
0.16666666666666666
0.5
0.39344262295081966
0.24193548387096775
0.6724137931034483
0.3137254901960784
0.5697674418604651
0.45652173913043476
0.45161290322580644
0.6111111111111112
0.24390243902439024
0.5070422535211268
0.6147540983606558
0.3050847457627119
0.1935483870967742
0.3684210526315789
0.20175438596491227
0.3877551020408163
0.4636363636363636
0.34210526315789475
0.8333333333333334
0.6521739130434783
0.0
0.3333333333333333
0.2
1.0
0.2631578947368421
0.2571428571428571
0.23333333333333334
0.2571428571428571
0.11428571428571428
0.24242424242424243
0.18181818181818182
0.8260869565217391
0.7368421052631579
0.2765957446808511
0.2647058823529412
0.16666666666666666
0.16666666666666666
0.21052631578947367
0.17391304347826086
0.3620689655172414
0.5151515151515151
0.2391304347826087
0.5
0.25675675675675674
0.35714285714285715
0.2413793103448276
0.2692307692307692
0.22
0.24
0.42857142857142855
0.2692307692307692
0.3684210526315789
0.5058823529411764
0.26744186046511625
0.5294117647058824
0.16666666666666666
0.5641025641025641
0.6545454545454545
0.4909090909090909
0.5256410256410257
0.5212765957446809
0.6206896551724138
1.0
0.16666666666666666
0.3333333333333333
0.7222222222222222
0.24
0.24324324324324326
0.3709677419354839
0.86
0.2826086956521739
0.32298136645962733
0.16666666666666666
0.7894736842105263
0.46296296296296297
0.3888888888888889
0.2619047619047619
0.3888888888888889
0.6956521739130435
0.23333333333333334
1.0
0.18181818181818182
0.47297297297297297
0.11538461538461539
1.0
0.37037037037037035
0.6351351351351351
0.4189189189189189
0.40476190476190477
0.23809523809523808
0.09090909090909091
0.74
0.5909090909090909
1.0
0.34210526315789475
0.34210526315789475
0.6666666666666666
0.2
0.7051282051282052
0.21052631578947367
0.24285714285714285
0.2631578947368421
0.4634146341463415
0.4787234042553192
0.1956521739130435
0.19047619047619047
0.2391304347826087
0.45918367346938777
0.14285714285714285
0.423728813559322
0.3484848484848485
0.5
0.24324324324324326
0.23684210526315788
0.31092436974789917
0.41228070175438597
0.3627450980392157
0.41379310344827586
0.2903225806451613
0.24675324675324675
0.3412698412698413
1.0
0.16666666666666666
0.0
0.16666666666666666
0.16666666666666666
0.05555555555555555
0.07142857142857142
0.4
0.5
0.4
0.6
1.0
0.3333333333333333
0.16666666666666666
0.08823529411764706
0.6
0.1
0.1111111111111111
0.16666666666666666
0.5
0.5
0.8181818181818182
0.2
0.32926829268292684
0.3
0.15151515151515152
0.2127659574468085
0.5
0.22857142857142856
0.25757575757575757
0.3695652173913043
0.1511627906976744
0.2962962962962963
1.0
0.16666666666666666
0.3698630136986301
0.5666666666666667
0.13559322033898305
0.15384615384615385
0.58
0.21428571428571427
0.1111111111111111
0.19696969696969696
0.1111111111111111
0.36046511627906974
0.7571428571428571
0.2
0.46153846153846156
0.3793103448275862
0.14285714285714285
0.42857142857142855
0.5571428571428572
0.7368421052631579
0.5882352941176471
0.22
0.7777777777777778
0.3157894736842105
0.36153846153846153
0.5697674418604651
0.3548387096774194
0.3493975903614458
0.3283582089552239
0.17333333333333334
0.3918918918918919
0.1984126984126984
0.2857142857142857
0.11904761904761904
0.3805970149253731
0.6159420289855072
0.41509433962264153
0.3076923076923077
0.3403361344537815
0.4666666666666667
0.5121951219512195
0.3333333333333333
0.32786885245901637
0.45081967213114754
0.2857142857142857
0.3
0.6111111111111112
0.22727272727272727
0.5714285714285714
0.23529411764705882
0.3728813559322034
0.19047619047619047
0.28
0.35714285714285715
0.39215686274509803
0.22
0.6304347826086957
0.391304347826087
0.1111111111111111
0.16666666666666666
0.43023255813953487
0.28313253012048195
0.2807017543859649
0.24324324324324326
0.5
0.3695652173913043
0.6818181818181818
0.36
1.0
0.15555555555555556
0.6888888888888889
1.0
0.2
0.15384615384615385
0.14285714285714285
0.22580645161290322
0.7121212121212122
0.36
0.5757575757575758
0.2
0.5555555555555556
0.6111111111111112
0.38461538461538464
0.3469387755102041
0.42
0.3380281690140845
0.15789473684210525
0.21428571428571427
0.5897435897435898
0.4482758620689655
0.6153846153846154
0.41836734693877553
0.48360655737704916
0.23076923076923078
0.5263157894736842
1.0
0.6764705882352942
0.43333333333333335
0.313953488372093
0.3181818181818182
0.6444444444444445
0.5540540540540541
0.3979591836734694
0.7608695652173914
0.5686274509803921
0.6063829787234043
0.19148936170212766
0.2608695652173913
0.38095238095238093
0.29310344827586204
0.3389830508474576
0.18
0.21428571428571427
0.36363636363636365
0.24390243902439024
0.5517241379310345
0.3275862068965517
0.26
1.0
0.64
0.36
0.4
0.5857142857142857
0.6351351351351351
0.3902439024390244
0.7924528301886793
0.3225806451612903
0.4523809523809524
0.6935483870967742
0.11538461538461539
0.6333333333333333
0.1956521739130435
0.6774193548387096
0.5116279069767442
0.7058823529411765
0.4523809523809524
0.17647058823529413
0.5
0.5
0.8478260869565217
0.26
0.2898550724637681
0.11764705882352941
0.07142857142857142
0.48484848484848486
0.43023255813953487
0.0
0.0
0.16666666666666666
0.7142857142857143
0.0
0.1
0.0
0.20689655172413793
0.2719298245614035
0.7558139534883721
0.3695652173913043
0.22727272727272727
0.16666666666666666
0.0
0.5
0.13829787234042554
0.37777777777777777
0.5
0.5263157894736842
1.0
0.4444444444444444
0.13333333333333333
0.3684210526315789
0.41025641025641024
0.2
0.5952380952380952
0.4223300970873786
0.22580645161290322
0.11538461538461539
0.5263157894736842
0.6379310344827587
0.5483870967741935
0.38
0.1935483870967742
0.1111111111111111
0.6111111111111112
0.22727272727272727
0.3620689655172414
0.35714285714285715
0.36666666666666664
0.3695652173913043
0.5
0.3225806451612903
0.15517241379310345
0.5
0.4696969696969697
0.13157894736842105
0.2631578947368421
0.4074074074074074
0.30303030303030304
0.4230769230769231
0.23809523809523808
0.4189189189189189
0.3333333333333333
0.42105263157894735
0.3448275862068966
0.43333333333333335
0.2619047619047619
0.39473684210526316
0.5135135135135135
1.0
0.30158730158730157
0.2
0.29245283018867924
0.8627450980392157
0.5425531914893617
0.4883720930232558
0.6212121212121212
0.4636363636363636
0.512987012987013
0.8444444444444444
0.7428571428571429
0.4484536082474227
0.6914893617021277
0.4222222222222222
0.30952380952380953
0.7558139534883721
0.2727272727272727
0.3
0.1111111111111111
0.33116883116883117
0.18421052631578946
0.27710843373493976
0.38095238095238093
0.2653061224489796
0.1111111111111111
0.1206896551724138
0.2727272727272727
0.09523809523809523
0.14814814814814814
0.36666666666666664
1.0
0.3333333333333333
0.19696969696969696
0.5348837209302325
0.5888888888888889
0.3888888888888889
0.3787878787878788
0.1
0.0
0.5169491525423728
0.3181818181818182
0.6190476190476191
0.38613861386138615
0.4387755102040816
0.6
0.37058823529411766
0.35365853658536583
0.5634920634920635
0.2413793103448276
1.0
0.8095238095238095
0.524390243902439
0.3163265306122449
0.3148148148148148
0.1896551724137931
0.14285714285714285
1.0
0.5
0.19230769230769232
0.2692307692307692
0.47530864197530864
0.5
0.6
0.3888888888888889
0.8
0.30303030303030304
0.3108108108108108
0.22727272727272727
0.16
0.2631578947368421
0.4
0.058823529411764705
0.22413793103448276
0.2777777777777778
0.4
0.5344827586206896
0.7619047619047619
0.5476190476190477
0.7741935483870968
0.11538461538461539
0.36486486486486486
0.46
0.30952380952380953
0.16666666666666666
0.1
0.22413793103448276
0.2222222222222222
0.6363636363636364
0.6
0.1896551724137931
0.1935483870967742
0.23636363636363636
0.2
0.7068965517241379
0.4827586206896552
0.3431372549019608
0.3
0.23469387755102042
0.5
0.3782608695652174
0.4482758620689655
0.6621621621621622
0.19230769230769232
0.38571428571428573
0.7857142857142857
0.5666666666666667
0.30303030303030304
0.37037037037037035
0.5
0.5869565217391305
0.5121951219512195
0.22972972972972974
0.5753424657534246
0.24324324324324326
0.8148148148148148
1.0
0.18
0.23529411764705882
0.2926829268292683
0.358974358974359
0.4838709677419355
0.46
0.313953488372093
0.5
0.54
0.36
0.4864864864864865
0.2814814814814815
0.4489795918367347
0.3333333333333333
0.05555555555555555
0.2857142857142857
0.35135135135135137
0.43333333333333335
0.5851063829787234
0.3333333333333333
0.7777777777777778
0.2222222222222222
0.38461538461538464
0.5769230769230769
0.5185185185185185
0.3252279635258359
0.46923076923076923
0.2857142857142857
0.5350877192982456
0.4367816091954023
0.12318840579710146
0.6428571428571429
0.7666666666666667
0.6481481481481481
0.1206896551724138
0.47368421052631576
0.3333333333333333
0.4117647058823529
0.6363636363636364
0.3181818181818182
0.48148148148148145
0.4418604651162791
0.5
0.24193548387096775
0.7
0.4818181818181818
0.3709677419354839
0.43333333333333335
0.5454545454545454
0.24193548387096775
0.42857142857142855
0.46
0.5444444444444444
0.28888888888888886
0.5212765957446809
0.4777777777777778
0.3469387755102041
1.0
0.33783783783783783
0.5
0.35294117647058826
0.11904761904761904
0.16666666666666666
0.3142857142857143
0.11538461538461539
0.19047619047619047
0.32051282051282054
0.30303030303030304
0.3709677419354839
0.42105263157894735
0.12962962962962962
0.631578947368421
0.5
0.07142857142857142
0.0
0.42857142857142855
0.3548387096774194
0.8648648648648649
0.36486486486486486
0.47959183673469385
0.4032258064516129
0.6153846153846154
0.22727272727272727
0.46551724137931033
0.33636363636363636
0.2692307692307692
1.0
0.10606060606060606
0.22033898305084745
0.574468085106383
0.40476190476190477
0.38571428571428573
0.7567567567567568
0.7941176470588235
0.5263157894736842
0.07142857142857142
0.313953488372093
0.6111111111111112
0.5465116279069767
0.5169491525423728
0.4268292682926829
0.7352941176470589
0.5
0.0
0.3918918918918919
1.0
0.3469387755102041
0.7058823529411765
0.2826086956521739
0.6052631578947368
0.3181818181818182
0.15384615384615385
0.47058823529411764
0.46153846153846156
0.6904761904761905
0.5769230769230769
0.15384615384615385
0.11904761904761904
0.22727272727272727
0.46296296296296297
0.16666666666666666
0.5882352941176471
0.36585365853658536
0.5
0.46
0.14285714285714285
0.7941176470588235
0.8333333333333334
0.5588235294117647
0.5666666666666667
1.0
0.62
0.3225806451612903
0.23529411764705882
0.7142857142857143
0.3333333333333333
0.3076923076923077
0.5
0.16666666666666666
0.25862068965517243
0.5
0.3333333333333333
0.3
0.2972972972972973
0.3561643835616438
0.43333333333333335
0.35185185185185186
0.34210526315789475
0.24444444444444444
0.3979591836734694
0.1724137931034483
0.0
0.41935483870967744
0.07142857142857142
0.30927835051546393
0.6190476190476191
0.3793103448275862
0.0
0.30246913580246915
0.2719298245614035
0.0
0.4811320754716981
0.5757575757575758
0.3333333333333333
0.07142857142857142
0.2692307692307692
0.28
0.3
0.3488372093023256
0.6206896551724138
0.4666666666666667
0.24285714285714285
1.0
0.45454545454545453
0.4074074074074074
0.7666666666666667
1.0
0.48148148148148145
0.6764705882352942
0.1
0.0
0.07142857142857142
0.5
0.17567567567567569
0.30612244897959184
0.32051282051282054
0.8648648648648649
0.5084745762711864
0.43670886075949367
0.38461538461538464
0.36363636363636365
0.21052631578947367
0.5588235294117647
0.16666666666666666
0.45652173913043476
0.3602150537634409
0.6428571428571429
0.5365853658536586
0.4425287356321839
0.6712328767123288
0.0
0.0
0.16666666666666666
0.0
0.4
0.5
0.6551724137931034
0.3113207547169811
0.46774193548387094
0.3448275862068966
0.32558139534883723
0.52
0.6896551724137931
0.23076923076923078
0.4268292682926829
0.5925925925925926
0.4
0.5
0.0
0.14285714285714285
0.647887323943662
0.39215686274509803
0.21052631578947367
0.29333333333333333
0.4523809523809524
0.34210526315789475
0.3787878787878788
0.5483870967741935
0.13043478260869565
0.47058823529411764
0.20212765957446807
0.37209302325581395
0.35714285714285715
0.36153846153846153
0.36585365853658536
0.3888888888888889
0.45614035087719296
0.0
0.0
0.7105263157894737
0.7741935483870968
0.16666666666666666
0.29646017699115046
0.3333333333333333
0.4533333333333333
0.0
0.425531914893617
0.23809523809523808
0.6111111111111112
0.4
0.5151515151515151
0.35714285714285715
0.37719298245614036
0.16129032258064516
0.32075471698113206
0.5294117647058824
0.5379746835443038
0.3076923076923077
0.40476190476190477
0.16666666666666666
0.5
1.0
0.2222222222222222
1.0
0.5185185185185185
0.16923076923076924
0.6282051282051282
0.2
0.5
0.3333333333333333
0.0
0.3333333333333333
0.47058823529411764
0.47619047619047616
0.5172413793103449
0.7413793103448276
0.4714285714285714
0.15789473684210525
0.5882352941176471
0.42424242424242425
0.13043478260869565
0.8260869565217391
0.782051282051282
0.6395348837209303
0.5
0.16666666666666666
0.0
0.3333333333333333
0.18421052631578946
0.2553191489361702
0.6081081081081081
0.42857142857142855
0.7741935483870968
0.8571428571428571
0.46153846153846156
0.5172413793103449
0.5428571428571428
0.7619047619047619
0.4230769230769231
0.25757575757575757
0.30952380952380953
0.41414141414141414
0.5128205128205128
0.45918367346938777
0.41304347826086957
0.8955223880597015
0.3333333333333333
0.3877551020408163
0.18
0.3235294117647059
0.6176470588235294
0.19387755102040816
0.38079470198675497
0.22972972972972974
0.66
0.7424242424242424
0.45180722891566266
0.4117647058823529
0.22972972972972974
0.5
0.5263157894736842
1.0
0.8947368421052632
1.0
0.6274509803921569
0.52
0.26666666666666666
0.7666666666666667
0.6481481481481481
0.2926829268292683
0.1
0.4461538461538462
0.4811320754716981
0.4019607843137255
0.5
0.4393939393939394
0.6486486486486487
0.23333333333333334
0.30952380952380953
0.6320754716981132
0.3021978021978022
0.44715447154471544
0.4387755102040816
0.36
0.7558139534883721
0.47101449275362317
0.29411764705882354
0.44871794871794873
0.4024390243902439
0.36486486486486486
0.43243243243243246
0.5789473684210527
0.4307692307692308
0.6111111111111112
0.5102040816326531
0.527027027027027
0.6
0.14285714285714285
0.4
0.41379310344827586
0.2878787878787879
1.0
0.45348837209302323
0.21951219512195122
0.8103448275862069
0.34782608695652173
0.5526315789473685
0.09523809523809523
1.0
0.7666666666666667
0.21052631578947367
0.17391304347826086
0.2962962962962963
0.2608695652173913
0.3181818181818182
0.2631578947368421
0.2978723404255319
0.2702702702702703
0.21428571428571427
0.24
0.35185185185185186
0.42592592592592593
0.3235294117647059
0.4230769230769231
0.3103448275862069
0.34210526315789475
0.39361702127659576
0.4090909090909091
0.30851063829787234
0.5370370370370371
0.30392156862745096
0.25471698113207547
0.45714285714285713
0.33647798742138363
0.7358490566037735
0.2655367231638418
0.2
0.45901639344262296
0.273972602739726
0.48717948717948717
0.2978723404255319
0.3979591836734694
0.639344262295082
0.4489795918367347
0.4827586206896552
0.42424242424242425
0.3333333333333333
0.3253012048192771
0.21428571428571427
0.1
0.47058823529411764
0.3939393939393939
0.5370370370370371
0.3275862068965517
0.3870967741935484
0.36363636363636365
0.4411764705882353
0.25333333333333335
0.23170731707317074
1.0
0.3888888888888889
0.3723404255319149
0.56
0.43902439024390244
0.5106382978723404
0.49504950495049505
0.37777777777777777
0.8
0.2636363636363636
0.4230769230769231
0.6851851851851852
0.5487804878048781
0.5136986301369864
0.2553191489361702
0.0
0.5757575757575758
0.32926829268292684
0.7424242424242424
0.5
0.2848101265822785
0.4268292682926829
0.7288135593220338
0.2857142857142857
0.4235294117647059
0.6122448979591837
0.23076923076923078
0.4528301886792453
0.6481481481481481
0.27692307692307694
0.3488372093023256
0.532258064516129
0.6153846153846154
0.29310344827586204
0.2
0.0
0.3620689655172414
0.23333333333333334
0.6153846153846154
0.07142857142857142
0.18571428571428572
0.425531914893617
0.45121951219512196
0.3333333333333333
0.43283582089552236
1.0
0.5
1.0
0.2777777777777778
0.2608695652173913
0.2857142857142857
0.26666666666666666
0.2857142857142857
0.7058823529411765
0.17647058823529413
0.4473684210526316
0.8333333333333334
0.39473684210526316
0.36363636363636365
0.21428571428571427
0.5465116279069767
0.631578947368421
0.08823529411764706
0.14285714285714285
0.5405405405405406
0.3157894736842105
0.15384615384615385
0.5
0.3108108108108108
0.3888888888888889
0.7619047619047619
0.5862068965517241
0.7619047619047619
0.43617021276595747
0.6923076923076923
0.72
0.47297297297297297
0.16
0.4142857142857143
0.3333333333333333
0.16
0.6929824561403509
0.5194805194805194
0.7564102564102564
0.5158730158730159
0.22
0.29245283018867924
1.0
0.5128205128205128
0.2878787878787879
0.27419354838709675
0.3898305084745763
0.2972972972972973
0.56
0.43548387096774194
0.7906976744186046
0.42424242424242425
0.42857142857142855
0.5
0.4418604651162791
0.3387096774193548
0.86
0.5121951219512195
0.3620689655172414
0.13043478260869565
0.29310344827586204
0.32432432432432434
0.4117647058823529
0.41304347826086957
0.24
0.14814814814814814
0.5102040816326531
0.3717948717948718
0.17567567567567569
0.22
0.5517241379310345
0.3723404255319149
0.5945945945945946
0.2682926829268293
0.6176470588235294
0.37777777777777777
0.4594594594594595
0.18421052631578946
0.4782608695652174
0.3695652173913043
0.21212121212121213
0.5
0.46551724137931033
0.42592592592592593
0.14864864864864866
0.3888888888888889
0.2647058823529412
0.8243243243243243
0.5348837209302325
0.43103448275862066
0.5714285714285714
0.3333333333333333
0.4864864864864865
0.7058823529411765
0.5465116279069767
0.4696969696969697
0.10975609756097561
0.2857142857142857
0.20634920634920634
0.19230769230769232
0.6078431372549019
0.43333333333333335
0.4838709677419355
0.45121951219512196
0.5588235294117647
0.4
0.8157894736842105
0.3620689655172414
0.16279069767441862
0.24489795918367346
0.18181818181818182
0.19811320754716982
0.6379310344827587
0.43333333333333335
1.0
0.43478260869565216
0.2857142857142857
0.6086956521739131
0.7538461538461538
0.8823529411764706
0.5714285714285714
0.2972972972972973
0.30952380952380953
0.13513513513513514
0.2777777777777778
0.43617021276595747
0.38095238095238093
1.0
0.56
0.336734693877551
0.32456140350877194
0.32727272727272727
0.4691358024691358
0.40350877192982454
0.0
0.4777777777777778
0.32941176470588235
0.32653061224489793
0.5098039215686274
0.31343283582089554
0.2608695652173913
0.4307692307692308
0.6571428571428571
0.48148148148148145
0.5
0.7307692307692307
0.42
0.4666666666666667
0.23529411764705882
0.06666666666666667
0.5882352941176471
0.6587301587301587
0.2
0.10526315789473684
0.5116279069767442
0.45454545454545453
0.5
1.0
0.8
0.4857142857142857
0.5423728813559322
0.47530864197530864
0.6179775280898876
0.2413793103448276
0.48717948717948717
0.5
0.3829787234042553
0.6818181818181818
0.2647058823529412
0.1206896551724138
0.4
0.4777777777777778
0.25675675675675674
0.22
0.5405405405405406
0.1896551724137931
0.08695652173913043
0.6142857142857143
1.0
0.5510204081632653
0.16216216216216217
1.0
0.13157894736842105
0.36363636363636365
0.40476190476190477
0.42857142857142855
0.6290322580645161
0.1
0.35714285714285715
0.5757575757575758
0.6290322580645161
0.6727272727272727
0.46
0.7631578947368421
1.0
0.5
0.0
0.24193548387096775
0.573170731707317
0.313953488372093
0.35365853658536583
0.7857142857142857
0.15384615384615385
0.6341463414634146
0.11904761904761904
0.46774193548387094
0.7058823529411765
0.6971830985915493
0.5428571428571428
0.46551724137931033
0.36046511627906974
0.30434782608695654
0.3829787234042553
0.5645161290322581
0.3918918918918919
0.3333333333333333
0.38461538461538464
0.41044776119402987
0.7619047619047619
0.5151515151515151
0.782608695652174
0.581081081081081
0.6851851851851852
0.6111111111111112
0.4406779661016949
0.5
0.696969696969697
0.35135135135135137
0.2714285714285714
0.21794871794871795
0.5365853658536586
0.7021276595744681
0.78
0.2692307692307692
0.48717948717948717
0.4878048780487805
0.19230769230769232
0.45121951219512196
0.4
0.16901408450704225
0.6216216216216216
0.3103448275862069
0.6428571428571429
0.5
0.5
0.0967741935483871
0.6206896551724138
0.44285714285714284
0.1
0.16666666666666666
0.25675675675675674
0.5
0.45454545454545453
0.5
0.19047619047619047
0.35135135135135137
0.704225352112676
0.5526315789473685
0.07142857142857142
0.5952380952380952
0.18888888888888888
0.22448979591836735
0.3888888888888889
0.23809523809523808
0.17647058823529413
0.34
0.3235294117647059
1.0
0.66
0.5135135135135135
0.5769230769230769
0.3939393939393939
0.18571428571428572
0.3548387096774194
0.13043478260869565
0.7666666666666667
0.44
0.1111111111111111
0.23076923076923078
0.4393939393939394
0.6666666666666666
0.5
0.64
0.5
0.29411764705882354
0.3333333333333333
1.0
0.5
0.6304347826086957
0.13157894736842105
0.3333333333333333
0.47058823529411764
0.30434782608695654
0.6756756756756757
0.32608695652173914
0.7777777777777778
0.42105263157894735
0.5769230769230769
0.7777777777777778
0.5555555555555556
0.5666666666666667
0.4666666666666667
0.36
0.6021505376344086
0.4016393442622951
1.0
0.5434782608695652
0.5689655172413793
0.7666666666666667
0.06756756756756757
0.34210526315789475
0.29411764705882354
0.6304347826086957
0.4552238805970149
0.27586206896551724
0.3709677419354839
0.38095238095238093
0.7068965517241379
0.2
0.3888888888888889
0.29310344827586204
0.22
0.6153846153846154
0.74
0.42857142857142855
1.0
0.31746031746031744
0.5
0.5
0.22093023255813954
0.48484848484848486
0.2982456140350877
0.2608695652173913
0.6612903225806451
0.38549618320610685
0.30612244897959184
0.6190476190476191
0.5149253731343284
0.28888888888888886
0.8484848484848485
0.5483870967741935
0.47058823529411764
0.5555555555555556
0.18181818181818182
0.7571428571428571
1.0
0.5882352941176471
1.0
0.7459016393442623
0.6296296296296297
0.3488372093023256
0.46078431372549017
0.2
0.6176470588235294
0.7352941176470589
0.5952380952380952
1.0
0.5333333333333333
0.58
0.5909090909090909
0.19047619047619047
1.0
0.5
0.8108108108108109
0.45652173913043476
0.3448275862068966
0.1111111111111111
0.6
0.23404255319148937
0.5
1.0
0.1111111111111111
0.11764705882352941
0.23529411764705882
0.6304347826086957
0.3181818181818182
0.0
0.2857142857142857
0.6333333333333333
0.22
1.0
0.58
0.2
0.7758620689655172
0.4523809523809524
0.3170731707317073
0.24509803921568626
0.7
0.4672131147540984
0.35106382978723405
1.0
1.0
0.5384615384615384
0.5843373493975904
0.4152542372881356
0.3695652173913043
0.23333333333333334
0.2826086956521739
0.5348837209302325
0.26
0.0
0.0
0.3333333333333333
0.5769230769230769
0.30434782608695654
0.4117647058823529
0.2391304347826087
0.35294117647058826
0.4482758620689655
0.4634146341463415
0.4444444444444444
0.7741935483870968
0.21621621621621623
0.6904761904761905
0.5
0.5
0.0
0.6224489795918368
0.18
0.3851851851851852
0.35276073619631904
0.4188034188034188
0.15789473684210525
0.13043478260869565
0.23684210526315788
1.0
0.13043478260869565
0.8947368421052632
0.2222222222222222
0.782608695652174
0.5818181818181818
0.1
0.14615384615384616
0.5652173913043478
0.4811320754716981
0.07142857142857142
0.47619047619047616
0.3953488372093023
0.3793103448275862
0.14285714285714285
1.0
0.49230769230769234
0.4
0.5952380952380952
0.5333333333333333
0.3170731707317073
0.35714285714285715
0.782608695652174
0.8
0.23076923076923078
0.62
0.21794871794871795
0.24074074074074073
0.20588235294117646
0.4827586206896552
0.2948717948717949
0.7142857142857143
0.7702702702702703
0.43333333333333335
0.12962962962962962
1.0
0.4117647058823529
0.5263157894736842
0.41935483870967744
0.15384615384615385
0.3181818181818182
0.34615384615384615
0.43548387096774194
0.6363636363636364
0.2564102564102564
0.45652173913043476
0.36046511627906974
0.15217391304347827
0.5217391304347826
0.1891891891891892
0.20588235294117646
0.14736842105263157
0.20512820512820512
0.3333333333333333
0.3
0.5
0.33962264150943394
0.3888888888888889
0.7333333333333333
1.0
0.20512820512820512
0.22727272727272727
0.08823529411764706
0.7105263157894737
0.39655172413793105
0.2222222222222222
0.2857142857142857
0.5
0.5
0.3888888888888889
0.6224489795918368
0.17647058823529413
0.3333333333333333
0.46296296296296297
0.3333333333333333
0.5
0.5409836065573771
0.5317460317460317
0.25333333333333335
0.521505376344086
0.6545454545454545
0.3795180722891566
1.0
0.0
0.0
0.21428571428571427
0.3870967741935484
0.42424242424242425
0.5714285714285714
0.72
0.3924731182795699
0.5333333333333333
0.20930232558139536
0.35714285714285715
1.0
0.3246753246753247
0.38181818181818183
0.4230769230769231
0.527027027027027
0.4044943820224719
0.43137254901960786
0.5408163265306123
0.6
0.18421052631578946
0.6046511627906976
0.2
0.5740740740740741
0.3064516129032258
0.18181818181818182
0.6666666666666666
0.27586206896551724
0.5
0.36
0.7
0.5888888888888889
0.4714285714285714
0.5579710144927537
0.17567567567567569
0.6129032258064516
0.4714285714285714
0.45652173913043476
0.45652173913043476
0.22727272727272727
0.13636363636363635
0.41818181818181815
0.3709677419354839
0.5
0.3902439024390244
0.4014084507042254
0.4215686274509804
0.36885245901639346
0.45121951219512196
0.6818181818181818
0.6111111111111112
0.38181818181818183
0.3813559322033898
0.35106382978723405
0.4189189189189189
0.3333333333333333
0.7666666666666667
0.44
0.2127659574468085
0.9054054054054054
0.28205128205128205
0.23170731707317074
0.2857142857142857
0.26666666666666666
0.24444444444444444
0.37254901960784315
0.6511627906976745
0.48717948717948717
0.08695652173913043
0.5
0.5967741935483871
0.4069767441860465
0.22151898734177214
0.05555555555555555
0.6744186046511628
0.45614035087719296
0.6956521739130435
0.14285714285714285
0.5102040816326531
0.6724137931034483
0.4
0.38571428571428573
0.3548387096774194
0.782608695652174
0.23684210526315788
0.5
0.5
0.5465116279069767
0.3974358974358974
0.34782608695652173
1.0
0.6666666666666666
0.28688524590163933
0.52
0.7941176470588235
0.6363636363636364
0.22727272727272727
0.20588235294117646
0.42592592592592593
0.19696969696969696
0.2702702702702703
0.44594594594594594
0.66
0.45384615384615384
0.76
0.7
0.10526315789473684
0.5
0.7619047619047619
0.4727272727272727
0.6296296296296297
0.6285714285714286
0.35714285714285715
0.7058823529411765
0.4675324675324675
0.09090909090909091
0.3333333333333333
0.2692307692307692
0.7058823529411765
1.0
0.5
0.36666666666666664
0.5476190476190477
0.2037037037037037
0.28
0.4444444444444444
0.0
0.46511627906976744
0.4864864864864865
0.6379310344827587
1.0
0.27586206896551724
0.8157894736842105
0.2391304347826087
0.4126984126984127
0.3333333333333333
0.30434782608695654
0.8461538461538461
0.18181818181818182
0.4864864864864865
0.29069767441860467
0.4444444444444444
0.38311688311688313
0.20967741935483872
0.6111111111111112
0.15217391304347827
0.23333333333333334
0.3974358974358974
0.25925925925925924
0.23076923076923078
0.39552238805970147
0.2647058823529412
0.7121212121212122
0.5555555555555556
0.4117647058823529
0.8
0.5285714285714286
0.38823529411764707
0.5806451612903226
0.6379310344827587
0.5384615384615384
0.6767676767676768
0.5153846153846153
0.31746031746031744
0.7674418604651163
0.31343283582089554
0.4098360655737705
0.2631578947368421
0.2662337662337662
0.40540540540540543
0.41379310344827586
0.3
0.5
0.4897959183673469
0.425531914893617
0.13636363636363635
0.3157894736842105
0.45454545454545453
0.1206896551724138
0.15217391304347827
0.3387096774193548
0.10784313725490197
0.2909090909090909
0.15789473684210525
0.25555555555555554
0.47368421052631576
0.0
0.5
0.2692307692307692
0.47191011235955055
0.37272727272727274
0.4263157894736842
0.3674698795180723
0.5180722891566265
0.3181818181818182
0.19047619047619047
0.6290322580645161
0.45555555555555555
0.5
0.6904761904761905
0.3918918918918919
0.58
0.4859154929577465
0.2558139534883721
0.4827586206896552
0.4576271186440678
0.4393939393939394
0.7567567567567568
0.47058823529411764
0.5636363636363636
0.35714285714285715
0.3
0.3404255319148936
0.6304347826086957
0.5882352941176471
0.8103448275862069
0.3333333333333333
0.2682926829268293
0.5
0.5510204081632653
0.4262295081967213
0.4782608695652174
0.3372093023255814
0.4
0.1935483870967742
0.25925925925925924
0.16
0.4801980198019802
0.4152542372881356
0.208955223880597
0.391304347826087
0.7878787878787878
0.8
0.35185185185185186
0.6086956521739131
0.15714285714285714
0.21052631578947367
0.23684210526315788
0.8571428571428571
0.2894736842105263
0.40816326530612246
0.4222222222222222
0.2441860465116279
0.43103448275862066
0.3924731182795699
0.11904761904761904
0.21428571428571427
0.1206896551724138
0.5686274509803921
0.6404494382022472
0.3888888888888889
0.3780487804878049
0.42857142857142855
0.4268292682926829
0.2441860465116279
0.38
0.0
0.3
0.3105263157894737
0.2684563758389262
0.27335640138408307
0.33121019108280253
0.38461538461538464
0.5112359550561798
0.3148148148148148
0.22807017543859648
0.4878048780487805
0.3111111111111111
0.3253968253968254
0.32051282051282054
0.330188679245283
0.74
0.6714285714285714
0.22580645161290322
0.47540983606557374
0.4268292682926829
0.4878048780487805
0.3163265306122449
0.28888888888888886
0.24468085106382978
0.5126582278481012
0.16666666666666666
0.5142857142857142
1.0
0.4574468085106383
0.5866666666666667
0.3235294117647059
0.6702127659574468
0.5212765957446809
0.3111111111111111
0.5
0.5471698113207547
0.8627450980392157
0.4579831932773109
0.33714285714285713
0.37735849056603776
0.37209302325581395
0.16666666666666666
0.29411764705882354
0.5
1.0
0.4411764705882353
0.14705882352941177
0.782608695652174
0.2647058823529412
0.34
0.16
0.2037037037037037
0.23333333333333334
0.4074074074074074
0.16666666666666666
0.34615384615384615
0.3466666666666667
0.19047619047619047
0.5882352941176471
0.23770491803278687
0.38235294117647056
0.21052631578947367
0.6923076923076923
0.23076923076923078
0.3157894736842105
0.2543859649122807
0.7068965517241379
0.4470588235294118
0.44
0.6594202898550725
0.3333333333333333
0.3524590163934426
0.5140845070422535
0.44805194805194803
0.07692307692307693
1.0
0.3333333333333333
0.3333333333333333
0.23809523809523808
0.3783783783783784
0.30526315789473685
0.22727272727272727
0.44086021505376344
0.34507042253521125
0.3
0.18181818181818182
0.3333333333333333
0.8823529411764706
0.7058823529411765
0.6739130434782609
0.22727272727272727
0.16666666666666666
0.3191489361702128
0.5882352941176471
0.2857142857142857
0.26744186046511625
0.14285714285714285
0.22857142857142856
0.24324324324324326
0.2
0.7631578947368421
0.8275862068965517
0.42105263157894735
0.5
0.5517241379310345
0.4186046511627907
0.37142857142857144
0.26666666666666666
0.5769230769230769
0.2818181818181818
0.6923076923076923
0.648936170212766
0.4024390243902439
0.45161290322580644
0.27358490566037735
0.23684210526315788
0.5869565217391305
0.29411764705882354
0.16666666666666666
0.5
0.3163265306122449
0.5447761194029851
0.42857142857142855
0.2714285714285714
0.1
0.330188679245283
0.7121212121212122
0.5757575757575758
0.24561403508771928
0.24
0.3902439024390244
0.6515151515151515
0.3684210526315789
0.38461538461538464
0.696969696969697
0.8387096774193549
0.62
0.15384615384615385
0.16666666666666666
0.14285714285714285
0.14705882352941177
0.45454545454545453
0.8888888888888888
0.26119402985074625
0.2647058823529412
0.6461538461538462
0.32978723404255317
0.6222222222222222
0.6060606060606061
0.5877192982456141
0.3333333333333333
0.5689655172413793
0.5
0.5
0.4636363636363636
0.43902439024390244
0.6538461538461539
1.0
0.2857142857142857
0.3333333333333333
0.07692307692307693
0.4782608695652174
0.4727272727272727
0.2619047619047619
0.6086956521739131
0.3888888888888889
0.3157894736842105
0.19230769230769232
0.16666666666666666
0.3888888888888889
0.8
0.5490196078431373
0.4032258064516129
0.6578947368421053
0.2391304347826087
0.37209302325581395
0.7741935483870968
0.45348837209302323
0.6666666666666666
0.34444444444444444
1.0
1.0
0.0
0.7631578947368421
0.2631578947368421
0.2857142857142857
0.22093023255813954
0.4074074074074074
0.3275862068965517
0.2857142857142857
0.6956521739130435
0.4
0.5
0.2857142857142857
0.4666666666666667
0.3433734939759036
0.4
0.18421052631578946
0.14705882352941177
0.2682926829268293
0.14285714285714285
0.43243243243243246
0.4148936170212766
0.6025641025641025
0.46774193548387094
0.5
0.6538461538461539
0.5843373493975904
0.6774193548387096
0.3870967741935484
0.7741935483870968
0.15384615384615385
1.0
0.0
0.17391304347826086
0.5909090909090909
0.6538461538461539
0.4222222222222222
0.5616438356164384
0.17647058823529413
0.44285714285714284
0.3283582089552239
0.2948717948717949
0.41025641025641024
0.6511627906976745
0.3943089430894309
0.26666666666666666
0.5072463768115942
0.8648648648648649
0.72
0.34210526315789475
0.38095238095238093
0.21951219512195122
0.23255813953488372
0.15217391304347827
0.2413793103448276
0.2846153846153846
0.2792207792207792
0.2
0.4777777777777778
0.5
0.44871794871794873
0.13414634146341464
0.3076923076923077
0.45054945054945056
0.39473684210526316
0.18181818181818182
0.27722772277227725
0.2826086956521739
0.21794871794871795
0.16666666666666666
0.07142857142857142
0.2903225806451613
0.20967741935483872
0.5
0.4647058823529412
0.5849056603773585
0.3620689655172414
0.5
0.12857142857142856
0.24285714285714285
0.07894736842105263
0.32608695652173914
0.2962962962962963
0.3181818181818182
0.7
0.3389830508474576
0.27906976744186046
0.28378378378378377
0.5098039215686274
0.41379310344827586
0.6612903225806451
0.48148148148148145
0.2641509433962264
0.33783783783783783
0.6739130434782609
0.66
0.8717948717948718
0.35365853658536583
0.5671641791044776
0.3476190476190476
0.5
0.2702702702702703
0.27848101265822783
0.21794871794871795
0.41139240506329117
0.3275862068965517
0.3356164383561644
0.2804878048780488
0.5303030303030303
0.46
0.34347826086956523
0.6428571428571429
0.6777777777777778
0.3333333333333333
0.2777777777777778
0.2
0.6111111111111112
0.4032258064516129
0.6046511627906976
0.5652173913043478
0.30952380952380953
0.3333333333333333
0.9130434782608695
0.3333333333333333
0.6219512195121951
0.8461538461538461
0.4444444444444444
0.7307692307692307
0.22549019607843138
0.5142857142857142
0.5
0.5517241379310345
0.2
0.2
0.3939393939393939
0.32608695652173914
0.46511627906976744
0.5
0.44871794871794873
0.8692307692307693
0.35294117647058826
1.0
0.47619047619047616
0.74
0.40540540540540543
0.3333333333333333
0.32075471698113206
0.11904761904761904
0.45180722891566266
0.3404255319148936
0.4074074074074074
0.5925925925925926
0.5238095238095238
0.3548387096774194
0.7567567567567568
0.5757575757575758
0.5714285714285714
0.8043478260869565
0.5350877192982456
0.2692307692307692
0.6379310344827587
0.23333333333333334
0.29245283018867924
0.41304347826086957
0.547945205479452
0.2571428571428571
0.6
1.0
0.32
0.39361702127659576
0.2857142857142857
0.2894736842105263
0.15384615384615385
0.6538461538461539
0.13793103448275862
0.6851851851851852
0.7258064516129032
0.39361702127659576
0.6153846153846154
0.12727272727272726
0.3050847457627119
0.5161290322580645
0.38095238095238093
0.4
0.14285714285714285
0.7307692307692307
0.11538461538461539
0.8
0.47058823529411764
0.3979591836734694
0.574468085106383
0.32456140350877194
0.4358974358974359
0.4411764705882353
0.3717948717948718
0.330188679245283
0.47058823529411764
0.34615384615384615
0.41025641025641024
0.5483870967741935
0.8444444444444444
0.8275862068965517
0.44594594594594594
0.5813953488372093
0.14705882352941177
0.2
0.6818181818181818
0.5789473684210527
0.4076923076923077
0.7058823529411765
0.22413793103448276
0.532258064516129
0.4777777777777778
0.5163934426229508
0.30434782608695654
0.42727272727272725
0.7317073170731707
0.43703703703703706
0.5232558139534884
0.4090909090909091
0.2894736842105263
0.3333333333333333
0.41379310344827586
0.2459016393442623
0.3469387755102041
0.1
0.5
0.39473684210526316
0.2826086956521739
0.543859649122807
0.6190476190476191
0.2894736842105263
0.2647058823529412
0.32456140350877194
0.4153846153846154
0.35555555555555557
0.2808219178082192
0.5263157894736842
0.16666666666666666
0.0
0.48148148148148145
0.0
0.5925925925925926
0.4878048780487805
0.5714285714285714
0.39361702127659576
0.631578947368421
0.5070422535211268
0.5
0.5983606557377049
0.5526315789473685
0.28
0.09523809523809523
0.14705882352941177
0.5945945945945946
0.13333333333333333
0.6111111111111112
0.5
0.21739130434782608
0.34
0.6404494382022472
0.7941176470588235
0.5
0.5609756097560976
0.5909090909090909
0.3333333333333333
0.5
0.6568627450980392
0.2972972972972973
0.37777777777777777
0.32222222222222224
0.4
0.4180327868852459
0.3651685393258427
0.25510204081632654
0.7926829268292683
0.43548387096774194
0.427536231884058
0.36792452830188677
0.7857142857142857
0.7058823529411765
0.7162162162162162
0.2978723404255319
0.5930232558139535
0.3170731707317073
0.7619047619047619
0.7456140350877193
0.5797101449275363
0.29411764705882354
0.3108108108108108
0.5666666666666667
0.35185185185185186
0.5
0.7105263157894737
0.8666666666666667
0.3888888888888889
0.3793103448275862
0.43333333333333335
0.34146341463414637
1.0
1.0
0.5882352941176471
0.5483870967741935
0.22727272727272727
0.15789473684210525
0.3484848484848485
0.4666666666666667
0.24390243902439024
0.6063829787234043
0.38461538461538464
0.42857142857142855
0.36666666666666664
0.2857142857142857
0.4830508474576271
0.42857142857142855
0.30952380952380953
0.5
0.22340425531914893
0.4878048780487805
0.2682926829268293
0.7553191489361702
0.6219512195121951
0.35443037974683544
0.4
0.8461538461538461
0.2
0.0
0.1
0.14516129032258066
0.5352112676056338
0.5
0.4528301886792453
0.803030303030303
0.3333333333333333
0.6363636363636364
0.4017094017094017
0.45901639344262296
0.5753424657534246
0.3888888888888889
0.4
0.6987951807228916
0.7777777777777778
0.5333333333333333
0.711864406779661
0.6777777777777778
0.16666666666666666
0.27586206896551724
0.6578947368421053
0.3474576271186441
0.5555555555555556
0.5465116279069767
0.28169014084507044
0.32432432432432434
0.6126760563380281
0.8061224489795918
0.24390243902439024
0.41304347826086957
0.43243243243243246
0.5967741935483871
0.28
0.2777777777777778
0.6285714285714286
0.2
0.5161290322580645
0.2222222222222222
0.43103448275862066
0.5849056603773585
0.6216216216216216
0.38235294117647056
0.4811320754716981
0.6428571428571429
0.34
0.6666666666666666
0.25806451612903225
0.5
0.7297297297297297
0.26
0.5714285714285714
0.3163265306122449
0.5384615384615384
0.8793103448275862
0.45384615384615384
0.4146341463414634
0.42857142857142855
0.5631578947368421
0.6025641025641025
0.4672131147540984
0.6224489795918368
0.24358974358974358
0.3235294117647059
0.4489795918367347
0.4898989898989899
0.22413793103448276
0.8148148148148148
1.0
0.07692307692307693
0.6111111111111112
0.52
0.32926829268292684
0.5428571428571428
0.6304347826086957
0.36
0.62
0.21739130434782608
0.47297297297297297
0.527027027027027
0.40540540540540543
0.6129032258064516
0.4044943820224719
0.19047619047619047
0.28
0.3298245614035088
0.4146341463414634
0.5338983050847458
0.27586206896551724
0.3333333333333333
0.639344262295082
0.4117647058823529
0.2857142857142857
0.48148148148148145
0.3717948717948718
0.3620689655172414
0.39473684210526316
0.47058823529411764
0.24561403508771928
0.7878787878787878
0.37755102040816324
0.39436619718309857
0.5465116279069767
0.6111111111111112
0.11538461538461539
0.0
0.16666666666666666
0.16666666666666666
0.5769230769230769
1.0
0.45901639344262296
0.7741935483870968
0.863013698630137
0.5
0.6384615384615384
0.3157894736842105
0.5
0.3333333333333333
0.0
0.6612903225806451
0.33783783783783783
0.4594594594594595
0.6226415094339622
0.574468085106383
0.3484848484848485
1.0
0.8837209302325582
0.43636363636363634
0.4117647058823529
1.0
0.5
0.39655172413793105
0.5365853658536586
0.5985915492957746
0.47101449275362317
0.23809523809523808
0.18627450980392157
0.6086956521739131
0.6443298969072165
0.2872340425531915
0.5117647058823529
0.30158730158730157
0.6938775510204082
0.2413793103448276
0.6451612903225806
0.5545454545454546
0.428
0.7323943661971831
0.5773195876288659
0.3181818181818182
0.4838709677419355
0.8043478260869565
0.2826086956521739
0.7608695652173914
0.34210526315789475
0.18181818181818182
0.25925925925925924
0.6290322580645161
1.0
0.58
0.2894736842105263
0.23809523809523808
0.6403508771929824
0.5945945945945946
0.5862068965517241
0.4365079365079365
0.5081967213114754
0.2037037037037037
0.4666666666666667
0.6126760563380281
0.22950819672131148
0.3333333333333333
0.4154929577464789
0.47959183673469385
0.8043478260869565
0.29508196721311475
0.5
0.7439024390243902
0.32926829268292684
0.7112676056338029
0.5238095238095238
0.49295774647887325
0.4012345679012346
0.45652173913043476
0.58
0.1
0.3333333333333333
0.3548387096774194
0.5853658536585366
0.26666666666666666
0.5423728813559322
0.6724137931034483
0.528169014084507
0.8333333333333334
0.47468354430379744
0.5
0.038461538461538464
0.3076923076923077
0.5952380952380952
0.5
0.2631578947368421
0.62
0.6509433962264151
0.4473684210526316
0.6891891891891891
1.0
0.16666666666666666
0.0
0.8205128205128205
0.6707317073170732
0.5769230769230769
0.2714285714285714
0.2702702702702703
0.21739130434782608
0.6
0.3787878787878788
0.5769230769230769
0.5476190476190477
0.631578947368421
0.5128205128205128
0.32051282051282054
0.36363636363636365
0.29245283018867924
0.48717948717948717
1.0
0.4444444444444444
0.3448275862068966
0.4
0.5818181818181818
0.18181818181818182
0.6063829787234043
0.6
0.40476190476190477
0.43956043956043955
0.6891891891891891
0.36363636363636365
0.373015873015873
0.5563380281690141
0.7258064516129032
0.2857142857142857
0.30952380952380953
0.782608695652174
0.32857142857142857
0.5
0.2727272727272727
0.7380952380952381
0.5
0.7
0.21739130434782608
1.0
0.5454545454545454
0.14516129032258066
0.5813953488372093
0.4230769230769231
0.8648648648648649
0.41139240506329117
0.3113207547169811
0.25675675675675674
0.8333333333333334
0.6320754716981132
0.4523809523809524
0.43902439024390244
0.4146341463414634
0.4298245614035088
0.3076923076923077
0.45348837209302323
0.45161290322580644
0.5862068965517241
0.4
0.09259259259259259
0.19662921348314608
0.2692307692307692
0.5
0.33076923076923076
0.5923076923076923
0.5573770491803278
0.6176470588235294
0.44285714285714284
0.4827586206896552
0.39655172413793105
0.5686274509803921
0.6888888888888889
0.4782608695652174
0.4827586206896552
0.6764705882352942
0.5
0.3037974683544304
0.4057971014492754
0.45652173913043476
0.2698412698412698
0.41566265060240964
0.4666666666666667
0.14285714285714285
0.25555555555555554
0.39655172413793105
0.3372093023255814
0.4520547945205479
0.47297297297297297
0.5757575757575758
0.425531914893617
0.46153846153846156
0.7051282051282052
0.8305084745762712
0.4230769230769231
0.0
0.0
0.16666666666666666
0.20588235294117646
0.4358974358974359
0.7380952380952381
0.4520547945205479
0.44545454545454544
0.4064748201438849
0.23134328358208955
0.66
0.4444444444444444
0.25925925925925924
0.35185185185185186
0.3387096774193548
0.42168674698795183
0.2857142857142857
0.46511627906976744
0.46938775510204084
0.6923076923076923
0.12121212121212122
0.7948717948717948
0.5254237288135594
0.6086956521739131
0.22580645161290322
0.22131147540983606
0.21052631578947367
0.14285714285714285
0.5
0.686046511627907
0.19047619047619047
0.7777777777777778
0.17647058823529413
0.15217391304347827
0.6111111111111112
0.3181818181818182
0.46551724137931033
0.3333333333333333
0.32978723404255317
0.1724137931034483
1.0
0.19047619047619047
0.3148148148148148
0.48
0.6666666666666666
0.3181818181818182
0.3888888888888889
0.2777777777777778
0.30392156862745096
0.32075471698113206
0.5
0.19047619047619047
0.5434782608695652
0.44594594594594594
0.23076923076923078
0.42
0.1
0.22727272727272727
0.15217391304347827
0.18181818181818182
0.1956521739130435
0.2777777777777778
0.3974358974358974
0.2289156626506024
0.25510204081632654
0.23333333333333334
0.46226415094339623
0.5869565217391305
0.6808510638297872
0.2112676056338028
0.43478260869565216
0.8658536585365854
0.336734693877551
0.3103448275862069
0.22
0.6666666666666666
0.5432098765432098
0.82
0.32727272727272727
0.7804878048780488
0.4666666666666667
0.5301204819277109
0.7413793103448276
0.20689655172413793
0.27419354838709675
0.37209302325581395
0.38
0.14634146341463414
0.32432432432432434
0.559322033898305
0.16
0.6739130434782609
0.5169491525423728
0.4838709677419355
0.32558139534883723
0.5487804878048781
0.37777777777777777
0.38571428571428573
0.25842696629213485
0.5
0.18
0.43137254901960786
0.3
0.8275862068965517
0.43103448275862066
0.3469387755102041
1.0
0.24242424242424243
0.11538461538461539
0.2647058823529412
0.6557377049180327
0.5384615384615384
0.23809523809523808
0.5869565217391305
0.5
0.41397849462365593
0.5338983050847458
0.21052631578947367
0.4189189189189189
0.2
0.4111111111111111
0.6261682242990654
0.5
0.5084745762711864
0.7608695652173914
0.573170731707317
0.4844961240310077
0.5806451612903226
0.211864406779661
0.5675675675675675
0.5636363636363636
0.21739130434782608
0.4915254237288136
0.30303030303030304
0.5
0.6333333333333333
0.42105263157894735
0.4090909090909091
0.09090909090909091
0.42592592592592593
0.09090909090909091
0.3591549295774648
0.3670886075949367
0.22950819672131148
0.3170731707317073
0.38461538461538464
0.32748538011695905
0.34545454545454546
0.5555555555555556
0.5
0.2903225806451613
0.384
0.46551724137931033
0.41304347826086957
0.5
0.4069767441860465
0.47058823529411764
0.19298245614035087
0.2857142857142857
0.5512820512820513
0.2796610169491525
0.31645569620253167
0.5461538461538461
0.4032258064516129
0.43103448275862066
0.3783783783783784
0.45918367346938777
0.43137254901960786
0.4074074074074074
0.35555555555555557
0.5980392156862745
0.5
0.2647058823529412
0.44871794871794873
0.5517241379310345
0.5853658536585366
1.0
0.24193548387096775
0.8275862068965517
1.0
0.3181818181818182
0.5
0.47058823529411764
0.5256410256410257
0.5754716981132075
0.5172413793103449
0.34210526315789475
0.56
0.3783783783783784
0.8793103448275862
0.30701754385964913
0.5614035087719298
0.4019607843137255
0.3695652173913043
0.5370370370370371
0.5727272727272728
0.37209302325581395
0.2111111111111111
0.41509433962264153
0.40540540540540543
0.4444444444444444
0.37681159420289856
0.6363636363636364
0.43023255813953487
0.47560975609756095
0.46629213483146065
0.16666666666666666
0.3333333333333333
1.0
0.3673469387755102
0.373015873015873
0.3673469387755102
0.46153846153846156
0.4574468085106383
0.3524590163934426
0.34782608695652173
0.5098039215686274
0.3333333333333333
0.6571428571428571
0.44155844155844154
0.36036036036036034
0.21686746987951808
0.4491525423728814
0.16666666666666666
0.16666666666666666
0.5
0.2222222222222222
0.3333333333333333
0.6754385964912281
0.6428571428571429
1.0
0.30303030303030304
0.54
0.3076923076923077
0.38028169014084506
0.7142857142857143
0.3023255813953488
0.34782608695652173
0.3446601941747573
1.0
0.5
0.0
0.5555555555555556
0.4782608695652174
0.41935483870967744
0.6818181818181818
0.08823529411764706
0.1111111111111111
0.8648648648648649
0.7941176470588235
0.30952380952380953
0.29411764705882354
0.5303030303030303
0.6
0.4473684210526316
0.5555555555555556
0.24
0.4117647058823529
0.20588235294117646
0.6111111111111112
0.2
0.2857142857142857
0.5454545454545454
0.21052631578947367
1.0
0.6020408163265306
0.5
0.5368421052631579
0.6666666666666666
0.43478260869565216
0.31746031746031744
0.5408163265306123
0.5533333333333333
0.2540983606557377
0.3902439024390244
0.4222222222222222
0.34615384615384615
0.6956521739130435
0.72
0.4777777777777778
0.6111111111111112
0.5377358490566038
0.38095238095238093
0.3
0.16666666666666666
0.4863013698630137
0.6111111111111112
0.4838709677419355
0.7027027027027027
0.33516483516483514
0.6363636363636364
0.474025974025974
0.3333333333333333
0.30612244897959184
0.330188679245283
0.47058823529411764
0.8387096774193549
0.2692307692307692
0.35714285714285715
0.35507246376811596
0.7631578947368421
0.4897959183673469
0.6666666666666666
0.4155844155844156
0.32608695652173914
0.3867924528301887
0.4056603773584906
0.3898305084745763
0.4024390243902439
0.2127659574468085
1.0
0.5
0.22580645161290322
0.5084745762711864
0.603448275862069
0.5888888888888889
0.2894736842105263
0.5434782608695652
0.14285714285714285
0.8717948717948718
0.3142857142857143
0.5217391304347826
0.43478260869565216
0.23684210526315788
0.6304347826086957
0.43023255813953487
0.1896551724137931
0.6142857142857143
0.3148148148148148
0.29411764705882354
0.5606060606060606
0.13636363636363635
0.40540540540540543
0.12
0.3333333333333333
0.41509433962264153
0.46296296296296297
0.23684210526315788
0.5862068965517241
0.6
0.4846153846153846
0.36666666666666664
0.30434782608695654
0.24509803921568626
0.3333333333333333
0.3333333333333333
0.3333333333333333
0.17073170731707318
0.2962962962962963
0.16666666666666666
0.52
0.7368421052631579
0.8148148148148148
0.2
0.3
0.686046511627907
0.639344262295082
0.3333333333333333
0.4142857142857143
0.43902439024390244
0.07142857142857142
0.4032258064516129
0.25925925925925924
0.3275862068965517
0.5666666666666667
0.5
0.6333333333333333
0.4857142857142857
0.6538461538461539
0.47368421052631576
0.2037037037037037
0.13157894736842105
0.2978723404255319
0.696969696969697
0.6060606060606061
0.7702702702702703
0.16666666666666666
0.7666666666666667
0.3888888888888889
0.47701149425287354
0.696969696969697
0.4444444444444444
0.5689655172413793
0.5909090909090909
0.16
0.23529411764705882
0.5333333333333333
0.20967741935483872
0.42105263157894735
0.7857142857142857
0.5303030303030303
0.4307692307692308
0.4268292682926829
0.5121951219512195
0.23504273504273504
0.3609271523178808
0.38461538461538464
0.4473684210526316
0.5641025641025641
0.3333333333333333
0.5205479452054794
0.4567901234567901
0.2682119205298013
0.45794392523364486
0.5877192982456141
0.4117647058823529
0.5423728813559322
0.4
0.1896551724137931
0.3235294117647059
0.16666666666666666
0.7666666666666667
0.398989898989899
0.2922077922077922
0.3933333333333333
0.5645161290322581
0.19230769230769232
0.4074074074074074
0.36585365853658536
0.7
0.4672131147540984
0.49295774647887325
0.31746031746031744
0.7073170731707317
0.6086956521739131
0.5487804878048781
0.5434782608695652
0.5
0.13157894736842105
0.7307692307692307
0.2
0.4
0.45901639344262296
0.4146341463414634
0.6967213114754098
0.6475409836065574
0.47183098591549294
0.5
0.4745762711864407
0.5728155339805825
0.37341772151898733
0.4588235294117647
0.43333333333333335
0.7195121951219512
0.24528301886792453
0.19718309859154928
0.5392156862745098
0.38181818181818183
0.4634146341463415
0.6122448979591837
0.5512820512820513
0.42063492063492064
0.28888888888888886
0.41025641025641024
0.7272727272727273
0.5128205128205128
0.4672131147540984
0.5660377358490566
0.3333333333333333
0.12962962962962962
0.18181818181818182
0.872093023255814
0.3548387096774194
0.41025641025641024
0.43548387096774194
0.4794520547945205
0.48484848484848486
0.45714285714285713
0.4482758620689655
0.4426229508196721
0.6772151898734177
0.8260869565217391
0.5857142857142857
0.38028169014084506
0.5
0.19696969696969696
0.6153846153846154
0.6222222222222222
0.463855421686747
0.3548387096774194
0.1276595744680851
0.6888888888888889
0.5652173913043478
0.7058823529411765
0.36065573770491804
0.47468354430379744
0.58
0.27358490566037735
0.509090909090909
0.3064516129032258
0.6744186046511628
0.7307692307692307
0.45652173913043476
0.3939393939393939
0.5447761194029851
0.4074074074074074
0.6333333333333333
0.36046511627906974
0.4090909090909091
0.4032258064516129
0.5106382978723404
0.43103448275862066
0.4777777777777778
0.2641509433962264
1.0
0.2807017543859649
0.6774193548387096
0.3103448275862069
0.20967741935483872
0.6707317073170732
0.4745762711864407
0.17647058823529413
0.6410256410256411
0.27419354838709675
0.5303030303030303
0.5897435897435898
0.7142857142857143
0.5370370370370371
0.5454545454545454
0.6818181818181818
0.6666666666666666
0.2631578947368421
0.2647058823529412
0.3372093023255814
0.42105263157894735
0.603448275862069
0.2903225806451613
0.7121212121212122
0.9339622641509434
0.45614035087719296
0.5
0.3888888888888889
0.38
0.5930232558139535
0.5363636363636364
0.34
0.4111111111111111
0.5816326530612245
0.23134328358208955
0.34210526315789475
0.7702702702702703
0.3709677419354839
0.6232876712328768
0.14285714285714285
0.35185185185185186
0.18571428571428572
0.7857142857142857
0.7285714285714285
0.43103448275862066
0.5181818181818182
0.6727272727272727
0.4111111111111111
0.47619047619047616
0.6216216216216216
0.2808219178082192
0.6170212765957447
0.8387096774193549
0.35454545454545455
0.38571428571428573
0.5686274509803921
0.3983050847457627
0.6463414634146342
0.47540983606557374
0.7735849056603774
0.6578947368421053
0.5342465753424658
0.3448275862068966
0.319047619047619
0.7692307692307693
0.6111111111111112
0.5190476190476191
0.34782608695652173
0.5888888888888889
0.3584905660377358
0.4146341463414634
0.5272727272727272
0.4649122807017544
0.45918367346938777
0.3333333333333333
0.72
0.4857142857142857
0.35454545454545455
0.3114754098360656
0.6975308641975309
1.0
0.3372093023255814
0.25862068965517243
0.37012987012987014
0.4189189189189189
0.3115942028985507
0.30701754385964913
0.29508196721311475
0.4647887323943662
0.43243243243243246
0.5
0.5
0.2682926829268293
0.7207792207792207
0.6538461538461539
0.5064935064935064
0.4246575342465753
0.3783783783783784
0.5714285714285714
0.46923076923076923
0.36792452830188677
0.5
0.3135593220338983
0.29411764705882354
0.45054945054945056
0.38666666666666666
0.4482758620689655
0.3333333333333333
0.7384615384615385
0.4189189189189189
0.45161290322580644
1.0
0.5245901639344263
0.3493150684931507
0.2608695652173913
0.22857142857142856
0.46551724137931033
0.40825688073394495
0.46923076923076923
0.2558139534883721
0.26666666666666666
0.42105263157894735
0.45555555555555555
0.4084507042253521
0.4603174603174603
0.5806451612903226
0.46774193548387094
0.3333333333333333
0.6764705882352942
0.41025641025641024
0.3684210526315789
0.4111111111111111
0.6777777777777778
0.6463414634146342
0.2755102040816326
0.417910447761194
0.6666666666666666
0.9047619047619048
0.2857142857142857
0.13953488372093023
0.15151515151515152
0.24545454545454545
0.2564102564102564
0.39949748743718594
0.4595959595959596
0.8484848484848485
0.16129032258064516
0.43103448275862066
0.64
0.43670886075949367
0.42105263157894735
0.6627906976744186
0.28
0.4492753623188406
0.49145299145299143
0.2073170731707317
0.46296296296296297
0.3627450980392157
0.7419354838709677
0.36363636363636365
0.38764044943820225
0.6020408163265306
0.32
0.5254237288135594
0.5132743362831859
0.42105263157894735
0.2413793103448276
0.43846153846153846
0.6666666666666666
0.22
0.6052631578947368
0.2619047619047619
0.42063492063492064
0.44594594594594594
0.4142857142857143
0.8571428571428571
0.6986301369863014
0.3974358974358974
0.43283582089552236
0.5170940170940171
0.7051282051282052
0.8181818181818182
0.92
0.627906976744186
0.43243243243243246
0.3902439024390244
0.4830508474576271
0.35964912280701755
0.43333333333333335
0.3418803418803419
0.6881188118811881
0.6451612903225806
0.7444444444444445
0.44805194805194803
0.30434782608695654
0.43010752688172044
0.35365853658536583
0.5529411764705883
0.2222222222222222
0.47368421052631576
0.46258503401360546
0.45604395604395603
0.8717948717948718
0.3235294117647059
0.40816326530612246
0.24796747967479674
0.47333333333333333
0.34444444444444444
0.4157303370786517
0.2922077922077922
0.45652173913043476
0.2777777777777778
0.4052631578947368
0.3129251700680272
0.39655172413793105
0.3484848484848485
0.18888888888888888
0.43162393162393164
0.35185185185185186
0.3356164383561644
0.5754716981132075
0.7380952380952381
0.8387096774193549
0.38095238095238093
0.5909090909090909
0.5853658536585366
0.3279569892473118
0.43023255813953487
0.6065573770491803
0.5689655172413793
0.38235294117647056
0.47540983606557374
0.5181818181818182
0.36666666666666664
0.5365853658536586
0.5540540540540541
0.14285714285714285
0.6086956521739131
0.14285714285714285
0.5
0.6065573770491803
0.5980392156862745
0.5882352941176471
0.4411764705882353
0.2549019607843137
0.4152542372881356
0.6744186046511628
0.2804878048780488
0.4666666666666667
0.5263157894736842
0.22727272727272727
0.34285714285714286
0.48484848484848486
0.6923076923076923
0.3431372549019608
0.5
0.4268292682926829
0.3333333333333333
0.543859649122807
0.34285714285714286
0.7307692307692307
0.5094339622641509
0.3717948717948718
0.43548387096774194
0.3225806451612903
0.4716981132075472
0.4111111111111111
0.18181818181818182
0.5862068965517241
0.26865671641791045
0.25862068965517243
0.34057971014492755
0.38461538461538464
0.32857142857142857
0.47468354430379744
0.6666666666666666
0.573170731707317
0.524390243902439
0.5
0.4492753623188406
0.46153846153846156
0.5232558139534884
0.6268656716417911
0.3793103448275862
1.0
0.47368421052631576
0.28205128205128205
0.4576271186440678
0.4177215189873418
0.5137614678899083
0.43902439024390244
0.6666666666666666
0.5483870967741935
0.36
0.43846153846153846
0.35443037974683544
0.7551020408163265
0.3291139240506329
1.0
0.18181818181818182
0.37209302325581395
0.5
0.46825396825396826
0.35294117647058826
0.35555555555555557
0.6533333333333333
0.4461538461538462
0.5128205128205128
0.5
0.2857142857142857
0.7150537634408602
0.23333333333333334
0.2857142857142857
0.41139240506329117
0.18518518518518517
0.5894736842105263
0.35555555555555557
0.22857142857142856
0.5684931506849316
0.8571428571428571
0.7380952380952381
0.44
0.6666666666666666
0.16981132075471697
0.45038167938931295
1.0
0.7666666666666667
0.32075471698113206
0.36666666666666664
0.3157894736842105
0.4
0.21568627450980393
0.35454545454545455
0.37272727272727274
0.29411764705882354
0.5333333333333333
0.4153846153846154
0.41509433962264153
0.5
0.2872340425531915
0.43478260869565216
0.2804878048780488
0.20754716981132076
0.24242424242424243
0.25510204081632654
0.20689655172413793
0.4649122807017544
0.7619047619047619
0.4090909090909091
0.3135593220338983
0.24193548387096775
0.21794871794871795
0.16129032258064516
0.4827586206896552
0.4019607843137255
0.4
0.46153846153846156
0.7564102564102564
0.24561403508771928
0.5853658536585366
0.45652173913043476
0.43636363636363634
0.5342465753424658
0.42857142857142855
0.39090909090909093
0.31958762886597936
0.46153846153846156
0.5512820512820513
0.2835820895522388
0.7142857142857143
0.3888888888888889
0.2391304347826087
0.44954128440366975
0.4
0.5253164556962026
0.8275862068965517
0.34444444444444444
0.27906976744186046
0.3787878787878788
0.3783783783783784
0.4393939393939394
0.3780487804878049
0.47619047619047616
0.4942528735632184
0.5606060606060606
0.33707865168539325
0.5697674418604651
0.14285714285714285
0.5405405405405406
0.5975609756097561
0.44285714285714284
0.30434782608695654
0.5465116279069767
0.2463768115942029
0.29310344827586204
0.4
0.4186046511627907
0.20512820512820512
0.13829787234042554
0.576271186440678
0.3880597014925373
0.4461538461538462
0.4222222222222222
0.4888888888888889
0.3170731707317073
0.7
0.3817204301075269
0.631578947368421
0.37142857142857144
0.8387096774193549
0.5
0.5
0.7407407407407407
0.5491803278688525
0.425531914893617
0.423728813559322
0.36923076923076925
0.6555555555555556
0.6190476190476191
0.35185185185185186
0.37719298245614036
0.5434782608695652
0.5915492957746479
0.34810126582278483
0.4915254237288136
0.5185185185185185
0.564935064935065
0.489010989010989
0.5094339622641509
0.3220338983050847
0.34782608695652173
0.41025641025641024
0.34
0.2391304347826087
0.25806451612903225
0.5869565217391305
0.6530612244897959
0.12962962962962962
0.6216216216216216
0.37037037037037035
0.41304347826086957
0.391304347826087
0.46153846153846156
0.40476190476190477
0.48
0.32
0.24285714285714285
0.39655172413793105
0.6666666666666666
0.4666666666666667
0.573170731707317
0.45161290322580644
0.28888888888888886
0.26
0.2564102564102564
0.37777777777777777
0.40540540540540543
0.37755102040816324
0.32926829268292684
0.3870967741935484
0.5151515151515151
0.6951219512195121
0.6153846153846154
0.29069767441860467
0.391304347826087
0.5232558139534884
0.35714285714285715
0.4
0.39855072463768115
0.47560975609756095
0.24242424242424243
0.47368421052631576
0.581081081081081
0.5714285714285714
0.48484848484848486
0.5
0.34507042253521125
0.38
1.0
0.32857142857142857
0.7
0.38596491228070173
0.6981132075471698
0.7448979591836735
0.42857142857142855
0.4298245614035088
0.5614035087719298
0.6455696202531646
0.4552238805970149
0.64
0.5454545454545454
0.6792452830188679
0.43636363636363634
0.44339622641509435
0.6702127659574468
0.42696629213483145
0.4594594594594595
0.41818181818181815
0.6914893617021277
0.7258064516129032
0.576271186440678
0.3048780487804878
0.3
0.2288135593220339
0.6774193548387096
0.47368421052631576
0.7941176470588235
0.4430379746835443
0.2962962962962963
0.19047619047619047
0.2413793103448276
0.6190476190476191
0.6746031746031746
0.5952380952380952
0.6885245901639344
0.10344827586206896
0.5686274509803921
0.3474576271186441
0.4444444444444444
0.4411764705882353
0.3941176470588235
0.45161290322580644
0.3442622950819672
0.2789473684210526
0.38028169014084506
0.47058823529411764
0.21052631578947367
0.7040816326530612
0.7535211267605634
0.5
0.8225806451612904
0.573170731707317
0.42857142857142855
0.2777777777777778
0.7244897959183674
0.3387096774193548
0.5816326530612245
0.4838709677419355
0.8939393939393939
0.527027027027027
0.7878787878787878
0.7295081967213115
0.7066666666666667
0.6119402985074627
0.3626373626373626
0.5232558139534884
0.5645161290322581
0.6290322580645161
0.5434782608695652
0.15384615384615385
0.5454545454545454
0.47058823529411764
0.7777777777777778
0.5802469135802469
0.5882352941176471
0.35106382978723405
0.7777777777777778
0.18
0.5740740740740741
0.3910891089108911
0.13636363636363635
0.6486486486486487
0.6132075471698113
0.5789473684210527
0.3723404255319149
0.5526315789473685
0.4090909090909091
0.36585365853658536
0.5303030303030303
0.6551724137931034
0.7777777777777778
0.532258064516129
0.24
0.6153846153846154
0.78
0.5571428571428572
0.6666666666666666
0.4295774647887324
0.37142857142857144
0.4418604651162791
0.5224719101123596
0.5175438596491229
0.27358490566037735
0.13636363636363635
0.3829787234042553
0.5
0.13414634146341464
0.58
0.5975609756097561
0.3181818181818182
0.46774193548387094
0.8108108108108109
0.2878787878787879
0.18421052631578946
0.39622641509433965
0.12857142857142856
0.34782608695652173
0.5285714285714286
0.5428571428571428
0.5188679245283019
0.44339622641509435
0.45454545454545453
0.16666666666666666
0.3709677419354839
0.5
0.10606060606060606
0.10526315789473684
0.34210526315789475
1.0
0.4506172839506173
0.7272727272727273
0.5344827586206896
0.4915254237288136
0.589041095890411
0.7878787878787878
0.5
0.45555555555555555
0.3695652173913043
0.4090909090909091
0.7424242424242424
0.8823529411764706
0.21428571428571427
0.07142857142857142
0.7926829268292683
0.18
0.8709677419354839
0.7127659574468085
0.24358974358974358
0.40816326530612246
0.2945205479452055
0.37209302325581395
0.3163265306122449
0.41935483870967744
0.5094339622641509
0.5285714285714286
0.3780487804878049
0.34444444444444444
0.43478260869565216
0.3076923076923077
0.826530612244898
0.5754716981132075
0.696078431372549
0.5404040404040404
0.5847457627118644
0.3902439024390244
0.21794871794871795
0.40540540540540543
0.46
0.5701754385964912
0.6632653061224489
0.37254901960784315
0.5222222222222223
0.45454545454545453
0.5454545454545454
0.4696969696969697
0.5333333333333333
0.4827586206896552
0.5
0.1935483870967742
0.23333333333333334
0.3684210526315789
0.8148148148148148
0.42857142857142855
0.6304347826086957
0.5263157894736842
0.32978723404255317
0.2111111111111111
0.6923076923076923
0.7
0.16666666666666666
0.4076923076923077
0.3181818181818182
0.5526315789473685
0.7058823529411765
0.313953488372093
0.23076923076923078
0.6896551724137931
0.4
0.4827586206896552
0.6170212765957447
0.5
0.48
0.29646017699115046
0.52
0.3584905660377358
0.4418604651162791
0.3582089552238806
0.5492957746478874
0.6021505376344086
0.3490566037735849
0.6888888888888889
0.13636363636363635
0.1111111111111111
0.15151515151515152
0.24545454545454545
0.46226415094339623
0.3333333333333333
0.4574468085106383
0.6818181818181818
0.7285714285714285
0.62
0.3732394366197183
0.41379310344827586
0.5205479452054794
0.44029850746268656
0.46296296296296297
0.5230769230769231
0.5
0.3037974683544304
0.3111111111111111
0.4215686274509804
0.34
0.33783783783783783
0.34
0.43243243243243246
0.3333333333333333
0.42857142857142855
0.2608695652173913
0.25925925925925924
0.4666666666666667
0.1774193548387097
0.07142857142857142
0.5526315789473685
0.43243243243243246
0.6153846153846154
0.25555555555555554
0.3148148148148148
0.35064935064935066
0.37209302325581395
0.37719298245614036
0.4883720930232558
0.34615384615384615
0.5869565217391305
0.4
0.5851063829787234
0.5
0.4090909090909091
0.41509433962264153
0.7142857142857143
0.35185185185185186
0.41379310344827586
0.2246376811594203
0.2692307692307692
0.34444444444444444
0.3148148148148148
0.2857142857142857
0.20270270270270271
0.5476190476190477
0.3142857142857143
0.5930232558139535
0.425531914893617
0.2857142857142857
0.26595744680851063
0.36046511627906974
0.19230769230769232
0.5555555555555556
0.5212765957446809
0.52
0.3867924528301887
0.5094339622641509
0.4909090909090909
0.46774193548387094
0.6842105263157895
0.17391304347826086
0.28688524590163933
0.3617021276595745
0.4849624060150376
0.3770491803278688
0.26
0.6551724137931034
0.2857142857142857
0.38028169014084506
0.3508771929824561
0.3548387096774194
0.41304347826086957
0.38235294117647056
0.3389830508474576
0.36046511627906974
0.30952380952380953
0.4016393442622951
0.32978723404255317
0.5540540540540541
0.42857142857142855
0.08571428571428572
0.3484848484848485
0.29069767441860467
0.21739130434782608
0.4032258064516129
0.4406779661016949
0.23333333333333334
0.4111111111111111
0.19696969696969696
0.34285714285714286
0.7037037037037037
0.11764705882352941
0.18421052631578946
0.21739130434782608
0.36363636363636365
0.6538461538461539
0.23684210526315788
0.6714285714285714
0.2
0.4444444444444444
1.0
0.30612244897959184
0.24390243902439024
0.524390243902439
0.6
0.2
0.46153846153846156
0.42105263157894735
0.18421052631578946
0.5555555555555556
0.38028169014084506
0.5897435897435898
0.5487804878048781
0.313953488372093
0.23404255319148937
1.0
0.3695652173913043
0.627906976744186
0.43333333333333335
0.3108108108108108
0.5294117647058824
0.5555555555555556
0.4268292682926829
0.35714285714285715
0.4
0.2571428571428571
0.4189189189189189
0.6707317073170732
0.581081081081081
0.47959183673469385
0.5645161290322581
0.47435897435897434
0.7058823529411765
0.6956521739130435
0.58
1.0
0.48717948717948717
0.5737704918032787
1.0
0.3484848484848485
0.6777777777777778
0.47297297297297297
0.8717948717948718
0.4701492537313433
0.3
0.6666666666666666
0.46551724137931033
0.45384615384615384
0.6086956521739131
0.22602739726027396
1.0
0.42857142857142855
0.5675675675675675
0.47619047619047616
0.52
0.4666666666666667
0.22033898305084745
0.5507246376811594
0.2222222222222222
0.3584905660377358
0.7432432432432432
0.28378378378378377
0.39855072463768115
Min Sentence GLEU Score: 0.0
Max Sentence GLEU Score: 1.0
Average Sentence GLEU Score: 0.43540104320100526
Corpus Sentence GLEU Score: 0.39855072463768115
