0.536
0.3724137931034483
0.3893805309734513
0.4918032786885246
0.5794701986754967
0.43302180685358255
0.44964028776978415
0.4972972972972973
0.44594594594594594
0.4913294797687861
0.47604790419161674
0.4786096256684492
0.5708661417322834
0.5663716814159292
0.594059405940594
0.46846846846846846
0.4619377162629758
0.5042735042735043
0.6407407407407407
0.4415204678362573
0.40993788819875776
0.5294117647058824
0.41732283464566927
0.6262135922330098
0.6336633663366337
0.6043478260869565
0.42
0.4645390070921986
0.41185410334346506
0.6
0.4329896907216495
0.6238938053097345
0.6111111111111112
0.6788079470198676
0.5365853658536586
0.46540880503144655
0.4519774011299435
0.6039603960396039
0.6333333333333333
0.5038167938931297
0.6814814814814815
0.5858895705521472
0.6111111111111112
0.8648648648648649
0.7929292929292929
0.6368421052631579
0.4664429530201342
0.39273356401384085
0.5732484076433121
0.6342857142857142
0.580952380952381
0.6504065040650406
0.6216216216216216
0.5857142857142857
0.6260869565217392
0.5925925925925926
0.7275862068965517
0.6581196581196581
0.45614035087719296
0.7272727272727273
0.6744186046511628
0.845360824742268
0.6726618705035972
0.5952380952380952
0.9523809523809523
0.8217054263565892
0.5497076023391813
0.656
0.5045045045045045
0.49514563106796117
0.5447154471544715
0.5641025641025641
0.48013245033112584
0.46688741721854304
0.5467289719626168
0.43902439024390244
0.7073170731707317
0.6869158878504673
0.6310679611650486
0.719626168224299
0.8428571428571429
0.5871559633027523
0.5
0.6767676767676768
0.6794871794871795
0.8565217391304348
0.7035398230088495
0.6196581196581197
0.7821782178217822
0.5306122448979592
0.6829268292682927
0.47959183673469385
0.7008547008547008
0.7477477477477478
0.49236641221374045
0.6857142857142857
0.6732673267326733
0.6946902654867256
0.5960591133004927
0.5413533834586466
0.4909090909090909
Min Sentence GLEU Score: 0.3724137931034483
Max Sentence GLEU Score: 0.9523809523809523
Average Sentence GLEU Score: 0.5854712534658724
Corpus Sentence GLEU Score: 0.4909090909090909
