0.44
0.3586206896551724
0.24324324324324326
0.22404371584699453
0.5
0.3099688473520249
0.24825174825174826
0.4243243243243243
0.3963963963963964
0.37572254335260113
0.3772455089820359
0.25935828877005346
0.452755905511811
0.4778761061946903
0.33663366336633666
0.3153153153153153
0.38581314878892736
0.2692307692307692
0.4148148148148148
0.30701754385964913
0.3532934131736527
0.37815126050420167
0.31512605042016806
0.5242718446601942
0.5594059405940595
0.28695652173913044
0.42
0.39361702127659576
0.29635258358662614
0.47560975609756095
0.28350515463917525
0.5575221238938053
0.3888888888888889
0.38079470198675497
0.46747967479674796
0.4276729559748428
0.3502824858757062
0.43564356435643564
0.49523809523809526
0.4541984732824427
0.4185185185185185
0.5214723926380368
0.3803418803418803
0.4774774774774775
0.6363636363636364
0.3865979381443299
0.38741721854304634
0.3771626297577855
0.4171974522292994
0.5028571428571429
0.4380952380952381
0.43089430894308944
0.3783783783783784
0.44761904761904764
0.48695652173913045
0.44074074074074077
0.5517241379310345
0.5598290598290598
0.40350877192982454
0.5404040404040404
0.5866141732283464
0.6443298969072165
0.5971223021582733
0.45714285714285713
0.7238095238095238
0.5419847328244275
0.4590643274853801
0.472
0.4369369369369369
0.35436893203883496
0.44715447154471544
0.4358974358974359
0.4470198675496689
0.45364238410596025
0.43457943925233644
0.3974358974358974
0.6504065040650406
0.5467289719626168
0.48058252427184467
0.5467289719626168
0.6666666666666666
0.43119266055045874
0.48743718592964824
0.5858585858585859
0.5341880341880342
0.7566371681415929
0.6150442477876106
0.7393162393162394
0.7425742574257426
0.4931972789115646
0.6300813008130082
0.41496598639455784
0.6196581196581197
0.6666666666666666
0.41603053435114506
0.6095238095238096
0.5396039603960396
0.5132743362831859
0.5394088669950738
0.45112781954887216
0.44242424242424244
Min Sentence GLEU Score: 0.22404371584699453
Max Sentence GLEU Score: 0.7566371681415929
Average Sentence GLEU Score: 0.4609171062884508
Corpus Sentence GLEU Score: 0.44242424242424244
