1.0
1.0
0.0
0.2857142857142857
1.0
1.0
0.5384615384615384
1.0
0.14285714285714285
0.07692307692307693
0.5
0.5263157894736842
0.6111111111111112
1.0
0.1
1.0
1.0
0.0
0.3333333333333333
0.16666666666666666
1.0
0.5
1.0
0.7142857142857143
0.6111111111111112
0.3333333333333333
1.0
1.0
0.34615384615384615
1.0
1.0
0.7666666666666667
0.07692307692307693
0.5
0.6
1.0
0.6
1.0
1.0
0.7666666666666667
1.0
0.5454545454545454
0.6
0.5
0.09090909090909091
0.07142857142857142
0.23076923076923078
0.0
0.3888888888888889
0.5
1.0
0.0
0.8181818181818182
0.6153846153846154
0.5
0.4090909090909091
0.16666666666666666
0.5
0.42857142857142855
0.09090909090909091
0.13636363636363635
0.5454545454545454
1.0
1.0
1.0
0.5769230769230769
1.0
0.38461538461538464
1.0
1.0
1.0
1.0
0.3333333333333333
0.8461538461538461
0.7142857142857143
0.0
0.5
0.5909090909090909
1.0
0.0
1.0
0.14285714285714285
0.16666666666666666
0.5
0.3684210526315789
0.8666666666666667
0.5769230769230769
0.3333333333333333
0.2727272727272727
0.6111111111111112
0.7307692307692307
0.11538461538461539
0.34615384615384615
0.2777777777777778
0.6111111111111112
0.0
0.3333333333333333
0.2
0.18181818181818182
0.16666666666666666
0.16666666666666666
0.38461538461538464
0.16666666666666666
1.0
0.5
0.3333333333333333
0.16666666666666666
0.6111111111111112
0.3888888888888889
0.4
0.8181818181818182
0.34615384615384615
1.0
0.35714285714285715
0.4090909090909091
1.0
0.16666666666666666
0.2
0.5
0.3333333333333333
0.3333333333333333
0.1111111111111111
1.0
0.3888888888888889
0.2
1.0
1.0
0.4090909090909091
0.5
0.6
0.1
0.3888888888888889
0.5
0.16666666666666666
0.16666666666666666
0.3181818181818182
0.2222222222222222
0.42857142857142855
1.0
0.7307692307692307
0.2
0.42857142857142855
0.7777777777777778
1.0
0.4
0.4
0.5
1.0
0.13636363636363635
1.0
1.0
0.7777777777777778
0.38235294117647056
0.21428571428571427
0.6111111111111112
1.0
0.38461538461538464
0.6
0.23076923076923078
0.5
0.0
0.0
0.16666666666666666
0.7142857142857143
0.0
0.4
0.0
0.34615384615384615
0.16666666666666666
0.0
1.0
0.6111111111111112
0.7
0.5
0.6111111111111112
0.19230769230769232
0.7777777777777778
0.5
0.3333333333333333
1.0
0.0
0.2727272727272727
0.2
1.0
0.42857142857142855
0.5
1.0
1.0
0.5384615384615384
0.5
0.2777777777777778
1.0
1.0
0.3333333333333333
0.8181818181818182
0.4
0.7307692307692307
0.2777777777777778
1.0
0.6111111111111112
0.13333333333333333
0.36363636363636365
0.6923076923076923
0.7307692307692307
1.0
0.3181818181818182
1.0
1.0
0.3076923076923077
0.16666666666666666
0.21428571428571427
0.5
0.42857142857142855
0.0
0.14285714285714285
0.05555555555555555
0.5
0.0
1.0
0.09090909090909091
0.5769230769230769
0.19230769230769232
1.0
1.0
0.2857142857142857
0.34615384615384615
0.2857142857142857
0.7142857142857143
0.05555555555555555
0.7307692307692307
1.0
0.3181818181818182
1.0
0.0
0.07142857142857142
0.0
0.0
0.3333333333333333
1.0
0.6538461538461539
1.0
1.0
1.0
0.16666666666666666
0.0
0.14285714285714285
0.5
1.0
0.29411764705882354
0.16666666666666666
0.0
0.0
0.16666666666666666
0.0
0.4
0.42857142857142855
0.5
0.0
0.4473684210526316
0.07142857142857142
0.0
0.5
0.3333333333333333
0.0
0.6111111111111112
0.4
0.16666666666666666
0.3333333333333333
1.0
1.0
0.3333333333333333
0.0
0.3333333333333333
0.16666666666666666
0.0
0.46153846153846156
0.38461538461538464
0.8666666666666667
0.3333333333333333
1.0
1.0
0.6
0.38461538461538464
0.6
0.4230769230769231
0.2857142857142857
0.1
0.0
0.7142857142857143
0.3333333333333333
0.18181818181818182
0.4
0.6
0.2222222222222222
0.7307692307692307
0.7777777777777778
0.6923076923076923
0.5
0.5
1.0
1.0
0.5769230769230769
0.4230769230769231
0.5909090909090909
1.0
1.0
0.5
0.0
0.7777777777777778
0.4230769230769231
1.0
0.16666666666666666
0.14285714285714285
0.3888888888888889
1.0
0.2857142857142857
0.34615384615384615
0.2857142857142857
0.4230769230769231
0.3333333333333333
1.0
0.6333333333333333
1.0
0.6153846153846154
1.0
0.2222222222222222
0.16666666666666666
0.6153846153846154
0.3181818181818182
1.0
0.7307692307692307
0.8181818181818182
0.8181818181818182
0.3333333333333333
0.6
1.0
0.7777777777777778
0.5909090909090909
0.0
1.0
1.0
1.0
0.3333333333333333
0.4
0.3333333333333333
0.0
0.3333333333333333
1.0
0.43333333333333335
1.0
0.0
1.0
0.36666666666666664
0.14285714285714285
1.0
0.5333333333333333
0.5526315789473685
0.5
0.43333333333333335
0.8181818181818182
0.7307692307692307
0.16666666666666666
1.0
1.0
1.0
0.2222222222222222
1.0
0.3333333333333333
0.5
0.0
0.0
1.0
1.0
0.5
0.5454545454545454
0.3181818181818182
0.8461538461538461
0.16666666666666666
0.2857142857142857
1.0
0.6666666666666666
0.18181818181818182
0.09090909090909091
0.16666666666666666
0.2727272727272727
0.2692307692307692
0.6818181818181818
0.6111111111111112
0.0
0.8181818181818182
1.0
0.3333333333333333
0.7142857142857143
0.0
0.3
0.0
0.3181818181818182
0.7333333333333333
0.6153846153846154
0.3333333333333333
0.07692307692307693
1.0
0.3333333333333333
0.3333333333333333
0.2692307692307692
0.3333333333333333
0.7
0.5
0.6923076923076923
1.0
1.0
0.6153846153846154
0.16666666666666666
0.14285714285714285
0.34615384615384615
1.0
0.8461538461538461
0.5
0.2692307692307692
0.16666666666666666
0.5555555555555556
0.42857142857142855
0.0
0.42857142857142855
0.4
0.5769230769230769
0.21428571428571427
0.42857142857142855
1.0
0.5
0.0
0.5
0.09090909090909091
1.0
0.2857142857142857
0.7777777777777778
0.5
0.5
1.0
1.0
0.8461538461538461
0.5
0.23076923076923078
0.7307692307692307
1.0
1.0
0.16666666666666666
0.1
1.0
0.5
0.0
0.0
0.6153846153846154
1.0
1.0
0.42857142857142855
0.6818181818181818
0.3076923076923077
0.2857142857142857
0.7142857142857143
0.43333333333333335
0.2
0.0
0.1
0.0
0.3
0.4230769230769231
0.6111111111111112
1.0
1.0
1.0
0.0
0.16666666666666666
0.16666666666666666
0.5769230769230769
0.2857142857142857
0.5
0.3333333333333333
0.0
1.0
0.3333333333333333
0.6
0.3333333333333333
1.0
0.42857142857142855
0.07692307692307693
0.5
0.0
0.3333333333333333
1.0
0.2857142857142857
0.045454545454545456
0.6538461538461539
0.7307692307692307
1.0
1.0
0.3333333333333333
0.0
0.3888888888888889
0.6923076923076923
1.0
0.3888888888888889
1.0
0.8181818181818182
1.0
1.0
1.0
0.3888888888888889
0.8181818181818182
0.4230769230769231
0.5
0.6538461538461539
1.0
0.13636363636363635
1.0
1.0
1.0
0.2692307692307692
1.0
0.38461538461538464
0.16666666666666666
0.16666666666666666
0.5
0.7777777777777778
0.3333333333333333
1.0
1.0
0.5
0.0
0.2777777777777778
0.5
0.5454545454545454
1.0
0.3333333333333333
0.4
0.14285714285714285
0.5454545454545454
0.3333333333333333
0.3333333333333333
0.3333333333333333
0.16666666666666666
0.6
0.3333333333333333
0.14285714285714285
0.3695652173913043
0.4666666666666667
0.3076923076923077
0.4090909090909091
0.43333333333333335
1.0
0.7142857142857143
1.0
0.21428571428571427
0.3333333333333333
1.0
0.6111111111111112
0.36363636363636365
0.8461538461538461
0.7307692307692307
0.36666666666666664
0.6818181818181818
1.0
1.0
0.5909090909090909
0.7
0.2857142857142857
1.0
0.6
0.7307692307692307
1.0
0.6333333333333333
0.3181818181818182
0.3181818181818182
0.7777777777777778
0.6923076923076923
0.45454545454545453
1.0
1.0
0.2222222222222222
0.7
0.5454545454545454
0.6538461538461539
0.6153846153846154
0.2727272727272727
0.2727272727272727
0.1111111111111111
0.6111111111111112
0.8181818181818182
0.38461538461538464
0.5
0.5555555555555556
0.8181818181818182
1.0
0.5384615384615384
1.0
1.0
Min Sentence GLEU Score: 0.0
Max Sentence GLEU Score: 1.0
Average Sentence GLEU Score: 0.5235225290711184
Corpus Sentence GLEU Score: 1.0
