0.2857142857142857
0.3333333333333333
0.0
0.14285714285714285
0.16666666666666666
0.5
0.4230769230769231
0.8461538461538461
0.14285714285714285
0.15384615384615385
0.5
0.43333333333333335
0.5555555555555556
0.34615384615384615
0.3
0.3888888888888889
0.3888888888888889
0.0
0.3333333333333333
0.0
0.7333333333333333
0.2857142857142857
0.3333333333333333
0.7142857142857143
0.3888888888888889
0.2222222222222222
0.5769230769230769
0.8181818181818182
0.4090909090909091
0.3888888888888889
0.5
0.6
0.07692307692307693
0.2857142857142857
0.6
0.6
0.6
0.5555555555555556
0.16666666666666666
0.8461538461538461
0.2857142857142857
0.11538461538461539
0.6
0.5
0.13636363636363635
0.07142857142857142
0.15384615384615385
0.0
0.3333333333333333
0.07142857142857142
1.0
0.0
0.09090909090909091
0.2692307692307692
0.2857142857142857
0.09090909090909091
0.0
0.3333333333333333
0.2857142857142857
0.045454545454545456
0.16666666666666666
0.3181818181818182
0.6
0.3888888888888889
0.6923076923076923
0.2692307692307692
0.2222222222222222
0.4230769230769231
0.8461538461538461
0.2
0.7777777777777778
0.16666666666666666
0.16666666666666666
0.8461538461538461
0.7142857142857143
0.5
0.16666666666666666
0.5
1.0
0.0
0.8181818181818182
0.14285714285714285
0.16666666666666666
0.5
0.3684210526315789
0.3333333333333333
0.2692307692307692
0.23076923076923078
0.45454545454545453
0.6111111111111112
0.4230769230769231
0.15384615384615385
0.34615384615384615
0.2222222222222222
0.2222222222222222
0.0
0.3333333333333333
0.0
0.22727272727272727
0.16666666666666666
0.5
0.19230769230769232
0.16666666666666666
0.6923076923076923
0.5
0.3333333333333333
0.16666666666666666
0.2222222222222222
0.3333333333333333
0.3
0.8181818181818182
0.11538461538461539
0.6
0.35714285714285715
0.2727272727272727
0.6
0.16666666666666666
0.1
0.5
0.16666666666666666
0.3333333333333333
0.1111111111111111
0.6
0.7142857142857143
0.2
0.6
0.6
0.3333333333333333
0.3888888888888889
0.3
0.1
0.2222222222222222
0.5
0.16666666666666666
0.16666666666666666
0.3181818181818182
0.2
0.42857142857142855
0.7777777777777778
0.8461538461538461
0.1
0.7142857142857143
1.0
0.5
0.2
0.2
0.5555555555555556
0.4090909090909091
0.15384615384615385
0.16666666666666666
0.4090909090909091
0.7777777777777778
0.3076923076923077
0.14285714285714285
0.5555555555555556
0.3888888888888889
0.2692307692307692
0.6
0.11538461538461539
0.14285714285714285
0.0
0.0
0.16666666666666666
0.2857142857142857
0.0
0.0
0.0
0.2727272727272727
0.5
0.0
0.2857142857142857
0.3888888888888889
0.3333333333333333
0.3333333333333333
0.3888888888888889
0.19230769230769232
0.2222222222222222
0.5
0.5
0.1
0.0
0.45454545454545453
0.2
0.7142857142857143
0.42857142857142855
0.2857142857142857
0.16666666666666666
0.6923076923076923
0.2692307692307692
0.16666666666666666
0.16666666666666666
0.5555555555555556
0.6
0.5555555555555556
0.4090909090909091
0.43333333333333335
0.2692307692307692
0.2777777777777778
0.16666666666666666
0.3888888888888889
0.3
0.36363636363636365
0.6923076923076923
0.7307692307692307
0.5
0.13636363636363635
0.7142857142857143
0.7777777777777778
0.2692307692307692
0.16666666666666666
0.16666666666666666
0.3333333333333333
0.42857142857142855
0.0
0.14285714285714285
0.07142857142857142
0.5
0.0
0.8181818181818182
0.038461538461538464
0.5769230769230769
0.23076923076923078
0.46153846153846156
0.2727272727272727
0.2857142857142857
0.22727272727272727
0.2857142857142857
0.7142857142857143
0.05555555555555555
0.4230769230769231
0.8181818181818182
0.2857142857142857
0.6
0.0
0.07142857142857142
0.0
0.0
0.16666666666666666
0.42857142857142855
0.5769230769230769
0.7142857142857143
0.8181818181818182
0.7777777777777778
0.16666666666666666
0.0
0.07142857142857142
0.09090909090909091
0.8461538461538461
0.11764705882352941
0.0
0.0
0.0
0.16666666666666666
0.0
0.6
0.14285714285714285
0.5
0.0
0.21052631578947367
0.0
0.0
0.5
0.3333333333333333
0.0
0.3888888888888889
0.1
0.16666666666666666
0.16666666666666666
0.6
0.8461538461538461
0.3333333333333333
0.0
0.3333333333333333
0.5
0.0
0.19230769230769232
0.2692307692307692
0.6
0.3
0.8461538461538461
0.22727272727272727
0.6
0.2692307692307692
0.1
0.4230769230769231
0.2857142857142857
0.1
0.0
0.7142857142857143
0.3333333333333333
0.2222222222222222
0.3
0.21428571428571427
0.21428571428571427
0.4230769230769231
1.0
0.5384615384615384
0.3333333333333333
0.5
0.5
0.21428571428571427
0.5769230769230769
0.19230769230769232
0.22727272727272727
0.14285714285714285
0.5
0.5
0.0
0.7777777777777778
0.2692307692307692
0.6
0.1111111111111111
0.07142857142857142
0.2222222222222222
0.8461538461538461
0.2857142857142857
0.23076923076923078
0.21428571428571427
0.34615384615384615
0.3333333333333333
0.2857142857142857
0.6
0.7777777777777778
0.34615384615384615
0.3888888888888889
0.2222222222222222
0.16666666666666666
0.34615384615384615
0.22727272727272727
0.16666666666666666
0.4230769230769231
0.5
0.3181818181818182
0.2222222222222222
0.3
0.7777777777777778
0.5555555555555556
0.4090909090909091
0.0
0.6
0.1
0.6923076923076923
0.16666666666666666
0.3076923076923077
0.3333333333333333
0.0
0.16666666666666666
0.8461538461538461
0.3
0.5
0.0
0.7142857142857143
0.26666666666666666
0.2857142857142857
1.0
0.5
0.20588235294117646
0.2857142857142857
0.2692307692307692
0.18181818181818182
0.34615384615384615
0.16666666666666666
0.7777777777777778
0.7777777777777778
0.7142857142857143
0.1111111111111111
0.3333333333333333
0.3333333333333333
0.07142857142857142
0.0
0.0
0.6
0.5
0.18181818181818182
0.2727272727272727
0.3181818181818182
0.5769230769230769
0.16666666666666666
0.14285714285714285
0.5
0.4
0.15384615384615385
0.18181818181818182
0.0
0.3181818181818182
0.2692307692307692
0.3181818181818182
0.2222222222222222
0.0
0.4090909090909091
0.5
0.3333333333333333
0.42857142857142855
0.0
0.3
0.0
0.2222222222222222
0.8461538461538461
0.5
0.16666666666666666
0.2222222222222222
0.6
0.3333333333333333
0.16666666666666666
0.18181818181818182
0.3333333333333333
0.3333333333333333
0.5
0.6923076923076923
0.1
0.11538461538461539
0.2692307692307692
0.16666666666666666
0.07142857142857142
0.2692307692307692
0.5
0.5
0.3333333333333333
0.2692307692307692
0.16666666666666666
0.2222222222222222
0.42857142857142855
0.0
0.7142857142857143
0.36666666666666664
0.22727272727272727
0.2857142857142857
0.14285714285714285
0.8461538461538461
0.5
0.0
0.5
0.13636363636363635
0.5
0.2857142857142857
0.7777777777777778
0.2777777777777778
0.2777777777777778
0.6923076923076923
0.3076923076923077
0.8461538461538461
0.14285714285714285
0.15384615384615385
0.38461538461538464
0.8461538461538461
0.34615384615384615
0.22727272727272727
0.1
0.1111111111111111
0.5
0.0
0.0
0.4230769230769231
0.3888888888888889
0.2857142857142857
0.42857142857142855
0.5
0.46153846153846156
0.2857142857142857
0.7142857142857143
0.34615384615384615
0.2
0.0
0.1
0.0
0.5
0.46153846153846156
0.4090909090909091
0.16666666666666666
0.7777777777777778
0.8461538461538461
0.0
0.16666666666666666
0.16666666666666666
0.3076923076923077
0.1
0.14285714285714285
0.3333333333333333
0.0
0.6363636363636364
0.16666666666666666
0.3
0.3333333333333333
0.5333333333333333
0.14285714285714285
0.038461538461538464
0.5
0.0
0.3076923076923077
1.0
0.2857142857142857
0.09090909090909091
0.5769230769230769
0.4230769230769231
0.14285714285714285
0.8461538461538461
0.3333333333333333
0.0
0.2222222222222222
0.46153846153846156
0.2857142857142857
0.3888888888888889
0.7777777777777778
0.8181818181818182
0.5
0.8181818181818182
0.7142857142857143
0.2222222222222222
0.5
0.2692307692307692
0.5
0.2692307692307692
0.5
0.13636363636363635
0.4090909090909091
0.7142857142857143
0.6363636363636364
0.19230769230769232
0.7777777777777778
0.19230769230769232
0.16666666666666666
0.16666666666666666
0.5
0.7777777777777778
0.16666666666666666
0.42857142857142855
0.5
0.16666666666666666
0.0
0.2857142857142857
0.2222222222222222
0.8181818181818182
0.8181818181818182
0.3333333333333333
0.2
0.14285714285714285
0.3181818181818182
0.3333333333333333
0.3333333333333333
0.3333333333333333
0.16666666666666666
0.6
0.3333333333333333
0.07142857142857142
0.5
0.5769230769230769
0.3076923076923077
0.4090909090909091
0.5
0.6923076923076923
0.7142857142857143
0.7777777777777778
0.21428571428571427
0.3333333333333333
0.7777777777777778
0.5555555555555556
0.18181818181818182
0.8461538461538461
0.5769230769230769
0.4230769230769231
0.6363636363636364
0.22727272727272727
0.2692307692307692
0.5
0.8461538461538461
0.5
1.0
0.6
0.6923076923076923
0.4090909090909091
0.6923076923076923
0.3181818181818182
0.2727272727272727
0.7777777777777778
0.38461538461538464
0.22727272727272727
0.7777777777777778
0.7142857142857143
0.21428571428571427
0.8461538461538461
0.4090909090909091
0.5
0.3076923076923077
0.3181818181818182
0.13636363636363635
0.1111111111111111
0.5555555555555556
0.8181818181818182
0.34615384615384615
0.14285714285714285
0.16666666666666666
0.8181818181818182
0.6
0.4230769230769231
0.6
0.2222222222222222
Min Sentence GLEU Score: 0.0
Max Sentence GLEU Score: 1.0
Average Sentence GLEU Score: 0.3576550059397525
Corpus Sentence GLEU Score: 0.2222222222222222
