0.7307692307692307
0.7105263157894737
0.4186046511627907
0.4406779661016949
0.5882352941176471
0.6666666666666666
0.3918918918918919
0.30851063829787234
0.1744186046511628
0.2641509433962264
0.45454545454545453
0.5
0.2714285714285714
0.42857142857142855
0.21621621621621623
0.5
0.17796610169491525
0.4818181818181818
0.32926829268292684
0.3333333333333333
0.5
1.0
0.38
0.4883720930232558
1.0
0.14705882352941177
0.13043478260869565
0.0
0.8478260869565217
0.3253968253968254
0.2857142857142857
0.2631578947368421
0.5
0.47435897435897434
0.25806451612903225
0.21052631578947367
0.8015873015873016
0.13636363636363635
0.36486486486486486
0.5857142857142857
0.14814814814814814
0.2962962962962963
0.1774193548387097
0.3076923076923077
0.1206896551724138
0.7307692307692307
0.14285714285714285
0.5555555555555556
0.3181818181818182
0.1896551724137931
0.44871794871794873
0.4787234042553192
0.696969696969697
0.408
0.5
0.41724137931034483
0.5746268656716418
0.8148148148148148
0.2909090909090909
0.3333333333333333
0.16666666666666666
0.27419354838709675
0.56
0.3192771084337349
0.3
0.5490196078431373
0.22857142857142856
0.5434782608695652
0.313953488372093
0.15306122448979592
0.15384615384615385
0.18181818181818182
0.24324324324324326
0.2978723404255319
0.6296296296296297
0.08695652173913043
0.1282051282051282
0.16666666666666666
0.3181818181818182
0.6851851851851852
0.5
0.5
0.3333333333333333
0.4
0.8095238095238095
0.6896551724137931
0.24324324324324326
0.24358974358974358
0.3103448275862069
0.09523809523809523
0.48148148148148145
0.1721311475409836
0.13333333333333333
0.16
0.7619047619047619
0.24074074074074073
0.3
0.2222222222222222
0.5813953488372093
0.36
0.21818181818181817
0.6212121212121212
0.92
0.3157894736842105
0.367816091954023
0.5
0.3076923076923077
0.319672131147541
0.14814814814814814
0.35714285714285715
0.6379310344827587
0.4883720930232558
0.12
1.0
0.3333333333333333
0.4636363636363636
0.2948717948717949
0.2636363636363636
0.4
0.24
0.2543859649122807
0.2636363636363636
0.45714285714285713
0.3675496688741722
0.43333333333333335
0.0
0.5153846153846153
0.3395638629283489
0.18
0.3333333333333333
0.3321678321678322
0.44324324324324327
0.5
0.36666666666666664
0.4
0.16666666666666666
0.4
1.0
0.22950819672131148
0.37681159420289856
0.25675675675675674
0.37662337662337664
0.2926829268292683
0.21621621621621623
0.5
0.631578947368421
1.0
0.47619047619047616
0.5263157894736842
0.36
0.2391304347826087
0.7142857142857143
1.0
0.29411764705882354
1.0
1.0
0.2692307692307692
0.6304347826086957
0.30434782608695654
0.3181818181818182
0.34615384615384615
0.1891891891891892
0.2882882882882883
0.40173410404624277
0.3023952095808383
0.38202247191011235
0.391304347826087
0.3218390804597701
0.3695652173913043
0.15789473684210525
0.2714285714285714
0.31333333333333335
0.14705882352941177
0.7068965517241379
0.2903225806451613
0.36507936507936506
0.42727272727272725
0.35135135135135137
0.42857142857142855
0.58
0.29411764705882354
0.3333333333333333
0.2222222222222222
1.0
0.3103448275862069
0.7333333333333333
0.32926829268292684
0.5333333333333333
0.3974358974358974
0.4523809523809524
0.3235294117647059
0.038461538461538464
0.21428571428571427
0.4634146341463415
0.7142857142857143
0.22972972972972974
0.2
1.0
1.0
0.2222222222222222
0.23809523809523808
0.43333333333333335
0.16666666666666666
0.5942028985507246
0.3939393939393939
0.36585365853658536
0.20689655172413793
0.42424242424242425
0.39156626506024095
0.6923076923076923
0.6097560975609756
0.3148148148148148
0.5483870967741935
0.14516129032258066
0.2857142857142857
0.3793103448275862
0.2631578947368421
0.30303030303030304
0.4411764705882353
0.38461538461538464
0.24358974358974358
0.3352941176470588
0.36792452830188677
0.6176470588235294
0.5263157894736842
0.631578947368421
0.23255813953488372
0.2857142857142857
0.34285714285714286
0.27586206896551724
0.16666666666666666
0.2857142857142857
0.07407407407407407
0.22580645161290322
0.3191489361702128
0.2
0.46153846153846156
0.34
0.43243243243243246
0.47674418604651164
0.3230769230769231
0.14
0.35074626865671643
0.4827586206896552
0.42134831460674155
0.46551724137931033
0.23684210526315788
0.3
0.14705882352941177
1.0
0.52
0.5813953488372093
0.16666666666666666
0.5454545454545454
0.1724137931034483
0.5188679245283019
0.21428571428571427
0.5
0.5
0.5777777777777777
0.1956521739130435
0.6842105263157895
0.22580645161290322
0.23076923076923078
0.3333333333333333
0.2631578947368421
0.38
0.5
0.4864864864864865
0.6896551724137931
0.05555555555555555
0.07142857142857142
0.5862068965517241
0.6627906976744186
0.1
0.6206896551724138
0.2391304347826087
0.29411764705882354
0.5
0.0
0.21390374331550802
0.32075471698113206
0.2808219178082192
0.18181818181818182
0.23076923076923078
0.6486486486486487
0.28
0.43258426966292135
0.5
0.2653061224489796
0.21428571428571427
0.3181818181818182
0.4426229508196721
0.09090909090909091
0.21739130434782608
0.33783783783783783
0.5483870967741935
0.23076923076923078
0.5882352941176471
0.24468085106382978
0.5434782608695652
0.4626865671641791
0.3684210526315789
0.42727272727272725
0.26
0.1956521739130435
0.6956521739130435
0.76
0.6142857142857143
0.1891891891891892
0.34615384615384615
1.0
0.4827586206896552
0.42
0.11904761904761904
0.18181818181818182
0.16666666666666666
0.8793103448275862
0.34210526315789475
1.0
0.8157894736842105
0.48148148148148145
0.5
0.18181818181818182
0.16666666666666666
0.36363636363636365
0.2
0.6111111111111112
0.2719298245614035
0.4393939393939394
0.32727272727272727
0.29844961240310075
0.4069767441860465
0.3695652173913043
0.43103448275862066
0.631578947368421
0.3791208791208791
0.5333333333333333
0.5952380952380952
0.21052631578947367
0.4864864864864865
0.4240506329113924
0.15384615384615385
0.5285714285714286
0.37037037037037035
0.379746835443038
0.6764705882352942
0.3050847457627119
0.3170731707317073
0.1935483870967742
0.2692307692307692
0.5
0.3835616438356164
0.5686274509803921
0.2857142857142857
1.0
0.46551724137931033
0.4215686274509804
0.20967741935483872
0.2702702702702703
0.3235294117647059
0.36619718309859156
0.3563218390804598
0.1
0.5425531914893617
0.3157894736842105
0.35714285714285715
0.15384615384615385
0.25663716814159293
0.2857142857142857
0.4918032786885246
0.7307692307692307
0.3208955223880597
0.3358208955223881
0.29310344827586204
0.35064935064935066
0.5588235294117647
0.21818181818181817
0.2641509433962264
0.5645161290322581
0.2653061224489796
0.14864864864864866
0.34946236559139787
0.2786885245901639
0.3769230769230769
0.14150943396226415
1.0
1.0
0.7352941176470589
0.39215686274509803
0.21428571428571427
0.3448275862068966
0.532258064516129
0.46296296296296297
0.12222222222222222
0.43564356435643564
0.3333333333333333
0.3148148148148148
0.48148148148148145
0.7142857142857143
1.0
0.40540540540540543
0.5618556701030928
0.27927927927927926
0.3
0.4470588235294118
0.3305084745762712
0.2857142857142857
0.21739130434782608
0.5882352941176471
0.6081081081081081
0.2692307692307692
0.25555555555555554
0.313953488372093
0.48484848484848486
0.2
0.4482758620689655
0.3
0.6176470588235294
0.2857142857142857
0.7213114754098361
0.3793103448275862
0.23809523809523808
0.25925925925925924
0.5
0.39361702127659576
0.11904761904761904
0.23333333333333334
0.16666666666666666
0.16666666666666666
0.6470588235294118
0.3291139240506329
0.39855072463768115
0.6571428571428571
0.22727272727272727
1.0
0.0
0.47368421052631576
0.3492063492063492
0.48936170212765956
0.40540540540540543
0.43243243243243246
0.7
0.5333333333333333
0.2
0.2727272727272727
0.2857142857142857
0.34
0.5
0.16666666666666666
0.4358974358974359
0.29411764705882354
0.16666666666666666
0.5721649484536082
0.22727272727272727
0.07894736842105263
0.43333333333333335
0.5135135135135135
0.15517241379310345
0.5862068965517241
0.28378378378378377
0.2037037037037037
0.5
0.10344827586206896
0.5
0.2358490566037736
0.2301038062283737
0.48148148148148145
0.26666666666666666
0.08888888888888889
0.2597402597402597
0.2727272727272727
0.4606741573033708
0.6111111111111112
0.3148148148148148
0.33760683760683763
0.3870967741935484
0.16666666666666666
0.10869565217391304
0.43103448275862066
0.3
0.5555555555555556
0.11764705882352941
0.2923076923076923
0.29365079365079366
0.3333333333333333
0.3829787234042553
0.5294117647058824
0.38461538461538464
0.6363636363636364
0.6842105263157895
0.20930232558139536
0.43846153846153846
0.42592592592592593
0.6538461538461539
0.30434782608695654
0.2777777777777778
0.44594594594594594
0.14035087719298245
0.24193548387096775
0.5172413793103449
0.3431372549019608
0.4418604651162791
0.37681159420289856
0.3870967741935484
0.1111111111111111
0.2926829268292683
0.4084507042253521
0.48360655737704916
0.3305084745762712
0.20967741935483872
0.26608187134502925
0.3508771929824561
0.41836734693877553
0.5363636363636364
0.32456140350877194
0.30952380952380953
0.6521739130434783
0.0
0.3333333333333333
0.2
1.0
0.5526315789473685
0.18571428571428572
0.1
0.1891891891891892
0.07142857142857142
0.21212121212121213
0.8181818181818182
0.7608695652173914
0.4473684210526316
0.2441860465116279
0.14705882352941177
0.3333333333333333
0.16666666666666666
0.10526315789473684
0.19047619047619047
0.1896551724137931
0.7272727272727273
0.1956521739130435
0.5
0.40540540540540543
0.3787878787878788
0.15517241379310345
0.2564102564102564
0.1
0.24
0.5
0.2692307692307692
0.3684210526315789
0.4482758620689655
0.29069767441860467
0.4411764705882353
0.16666666666666666
0.46153846153846156
0.4909090909090909
0.5181818181818182
0.4358974358974359
0.5212765957446809
0.5344827586206896
0.7307692307692307
0.16666666666666666
0.3333333333333333
0.7222222222222222
0.2
0.2702702702702703
0.22580645161290322
0.64
0.06521739130434782
0.3167701863354037
0.5
0.8157894736842105
0.3333333333333333
0.5
0.19047619047619047
0.3888888888888889
0.6304347826086957
0.23333333333333334
1.0
0.22727272727272727
0.47297297297297297
0.23076923076923078
1.0
0.22413793103448276
0.16216216216216217
0.3974358974358974
0.40476190476190477
0.4523809523809524
0.09090909090909091
0.58
0.7424242424242424
1.0
0.3157894736842105
0.38235294117647056
0.6666666666666666
0.2
0.4189189189189189
0.3157894736842105
0.15714285714285714
0.2631578947368421
0.32926829268292684
0.5957446808510638
0.1956521739130435
0.14285714285714285
0.5217391304347826
0.45918367346938777
0.13043478260869565
0.41228070175438597
0.48484848484848486
0.5606060606060606
0.32432432432432434
0.3157894736842105
0.31512605042016806
0.6228070175438597
0.30392156862745096
0.15517241379310345
0.10215053763440861
0.2532467532467532
0.3333333333333333
1.0
0.16666666666666666
0.0
0.16666666666666666
0.16666666666666666
0.05555555555555555
0.1111111111111111
0.2857142857142857
0.5
0.4
0.6
1.0
0.3333333333333333
0.1111111111111111
0.08823529411764706
0.3
0.1
0.1111111111111111
0.16666666666666666
0.5
0.5
0.8181818181818182
0.4
0.15853658536585366
0.34444444444444444
0.14285714285714285
0.2872340425531915
0.5434782608695652
0.5428571428571428
0.25757575757575757
0.1956521739130435
0.11627906976744186
0.3888888888888889
1.0
0.23809523809523808
0.28
0.3333333333333333
0.09322033898305085
0.18292682926829268
0.58
0.21428571428571427
0.1111111111111111
0.44285714285714284
0.2777777777777778
0.36046511627906974
0.581081081081081
0.2
0.7307692307692307
0.18518518518518517
0.1
0.7142857142857143
0.2857142857142857
0.5789473684210527
0.47058823529411764
0.22
0.7777777777777778
0.21052631578947367
0.36153846153846153
0.6395348837209303
0.15151515151515152
0.23493975903614459
0.23134328358208955
0.17333333333333334
0.25675675675675674
0.2619047619047619
0.5789473684210527
0.11904761904761904
0.2835820895522388
0.6086956521739131
0.32075471698113206
0.15384615384615385
0.36134453781512604
0.35555555555555557
0.46511627906976744
0.20212765957446807
0.31746031746031744
0.3888888888888889
0.4
0.3
0.6111111111111112
0.6818181818181818
0.21428571428571427
0.17647058823529413
0.21428571428571427
0.4
0.28
0.35714285714285715
0.43137254901960786
0.32
0.5652173913043478
0.2391304347826087
0.09259259259259259
0.19230769230769232
0.45348837209302323
0.28313253012048195
0.23684210526315788
0.2702702702702703
0.5
0.3695652173913043
0.6818181818181818
0.3
0.23529411764705882
0.13333333333333333
0.6222222222222222
1.0
0.2
0.07692307692307693
0.42857142857142855
0.6379310344827587
0.6666666666666666
0.34
0.3484848484848485
0.42857142857142855
0.5555555555555556
0.6111111111111112
0.5384615384615384
0.30612244897959184
0.54
0.3873239436619718
0.18421052631578946
0.3
0.6282051282051282
0.5862068965517241
0.44871794871794873
0.46938775510204084
0.5655737704918032
0.23076923076923078
0.5
0.7
0.23529411764705882
0.47058823529411764
0.5348837209302325
0.6515151515151515
0.5777777777777777
0.4864864864864865
0.42857142857142855
0.34782608695652173
0.5
0.4444444444444444
0.2441860465116279
0.2391304347826087
0.2857142857142857
0.29310344827586204
0.3389830508474576
0.1
0.2755102040816326
0.3387096774193548
0.35365853658536583
0.5606060606060606
0.25862068965517243
0.28
1.0
0.3
0.44
0.4696969696969697
0.42857142857142855
0.5945945945945946
0.5232558139534884
0.5094339622641509
0.27419354838709675
0.30952380952380953
0.532258064516129
0.2
0.35294117647058826
0.32608695652173914
0.6774193548387096
0.18888888888888888
0.5882352941176471
0.35714285714285715
0.14705882352941177
0.37037037037037035
0.6451612903225806
0.6304347826086957
0.26
0.45652173913043476
0.07894736842105263
0.14285714285714285
0.696969696969697
0.38372093023255816
0.3333333333333333
0.0
0.5
0.7142857142857143
0.5
0.1
0.3333333333333333
0.41379310344827586
0.4649122807017544
0.5465116279069767
0.42028985507246375
0.18181818181818182
0.16666666666666666
0.3333333333333333
0.5
0.32558139534883723
0.4777777777777778
0.43103448275862066
0.42105263157894735
0.3333333333333333
0.35185185185185186
0.16666666666666666
0.23684210526315788
0.34615384615384615
0.43333333333333335
0.5
0.3737864077669903
0.11290322580645161
0.11538461538461539
0.5263157894736842
0.3793103448275862
0.6612903225806451
0.32
0.1935483870967742
0.3333333333333333
0.6111111111111112
0.15151515151515152
0.3620689655172414
0.17391304347826086
0.16666666666666666
0.43478260869565216
0.5
0.7096774193548387
0.15517241379310345
0.8666666666666667
0.19696969696969696
0.10526315789473684
0.4473684210526316
0.4074074074074074
0.18181818181818182
0.5909090909090909
0.21428571428571427
0.36486486486486486
0.4523809523809524
0.3157894736842105
0.3103448275862069
0.3
0.2619047619047619
0.08
0.5135135135135135
1.0
0.31746031746031744
0.20930232558139536
0.25471698113207547
0.7647058823529411
0.41836734693877553
0.38372093023255816
0.5454545454545454
0.44545454545454544
0.461038961038961
0.6333333333333333
0.37142857142857144
0.39690721649484534
0.5851063829787234
0.36046511627906974
0.38095238095238093
0.7558139534883721
0.15584415584415584
0.3153846153846154
0.12244897959183673
0.30864197530864196
0.20588235294117646
0.16265060240963855
0.5
0.35714285714285715
0.1111111111111111
0.16666666666666666
0.25757575757575757
0.09523809523809523
0.46296296296296297
0.18888888888888888
0.16666666666666666
0.3333333333333333
0.19696969696969696
0.6046511627906976
0.3333333333333333
0.2553191489361702
0.32857142857142857
0.1
0.0
0.5169491525423728
0.3181818181818182
0.6190476190476191
0.2376237623762376
0.4387755102040816
0.6
0.3058823529411765
0.3048780487804878
0.4918032786885246
0.5
1.0
0.8095238095238095
0.2222222222222222
0.5510204081632653
0.3333333333333333
0.1724137931034483
0.21428571428571427
1.0
1.0
0.2692307692307692
0.2692307692307692
0.5647058823529412
0.3333333333333333
1.0
0.16666666666666666
0.66
0.21212121212121213
0.3108108108108108
0.37272727272727274
0.24
0.2631578947368421
0.2
0.08823529411764706
0.25806451612903225
0.16666666666666666
0.5333333333333333
0.1774193548387097
0.5952380952380952
0.5476190476190477
0.7741935483870968
0.20512820512820512
0.581081081081081
0.6666666666666666
0.7619047619047619
0.16666666666666666
0.2
0.2903225806451613
0.2222222222222222
0.18181818181818182
0.5
0.1896551724137931
0.12903225806451613
0.33636363636363636
0.3333333333333333
0.5344827586206896
0.5185185185185185
0.46078431372549017
0.23333333333333334
0.2857142857142857
0.39473684210526316
0.2826086956521739
0.5862068965517241
0.6891891891891891
0.11538461538461539
0.32432432432432434
0.6904761904761905
0.6
0.15151515151515152
0.37037037037037035
0.22727272727272727
0.5869565217391305
0.43902439024390244
0.12162162162162163
0.6086956521739131
0.10606060606060606
0.8148148148148148
1.0
0.26
0.20588235294117646
0.313953488372093
0.5
0.5
0.36
0.2558139534883721
0.5
0.14
0.356
0.36486486486486486
0.2907801418439716
0.1326530612244898
0.16666666666666666
0.05555555555555555
0.18571428571428572
0.42857142857142855
0.5333333333333333
0.48936170212765956
0.5512820512820513
0.22727272727272727
0.16666666666666666
0.07692307692307693
0.3076923076923077
0.5185185185185185
0.2917933130699088
0.4
0.30952380952380953
0.5
0.41379310344827586
0.07971014492753623
0.7857142857142857
1.0
0.46296296296296297
0.22413793103448276
0.47368421052631576
0.35714285714285715
0.4117647058823529
0.45454545454545453
0.3181818181818182
0.42592592592592593
0.5121951219512195
0.5
0.1896551724137931
0.7
0.32456140350877194
0.5344827586206896
0.5333333333333333
0.2878787878787879
0.3548387096774194
0.3
0.32
0.4883720930232558
0.43333333333333335
0.4666666666666667
0.4888888888888889
0.41836734693877553
0.7777777777777778
0.35135135135135137
0.5769230769230769
0.5
0.14285714285714285
0.16666666666666666
0.44285714285714284
0.3153846153846154
0.19047619047619047
0.5384615384615384
0.48484848484848486
0.3387096774193548
0.43859649122807015
0.35185185185185186
0.6228070175438597
0.5
0.14285714285714285
0.0
0.4
0.24193548387096775
0.8648648648648649
0.36486486486486486
0.4897959183673469
0.2903225806451613
0.7435897435897436
0.42424242424242425
0.5344827586206896
0.35454545454545455
0.3333333333333333
0.13333333333333333
0.16666666666666666
0.2796610169491525
0.32978723404255317
0.38095238095238093
0.22857142857142856
0.527027027027027
0.7941176470588235
0.21052631578947367
0.07142857142857142
0.29069767441860467
0.6507936507936508
0.4418604651162791
0.4152542372881356
0.491869918699187
0.7352941176470589
0.5
0.0
0.40540540540540543
1.0
0.3469387755102041
0.3235294117647059
0.2826086956521739
0.6052631578947368
0.18181818181818182
0.15384615384615385
0.43333333333333335
0.23076923076923078
0.6904761904761905
0.6153846153846154
0.15384615384615385
0.47619047619047616
0.3076923076923077
0.5740740740740741
0.2857142857142857
0.631578947368421
0.358974358974359
0.18181818181818182
0.8
0.14285714285714285
0.23684210526315788
0.5714285714285714
0.5882352941176471
0.6666666666666666
0.8571428571428571
0.6
0.25862068965517243
0.23529411764705882
1.0
0.3333333333333333
0.23076923076923078
0.3181818181818182
0.21428571428571427
0.3
0.5
0.28
0.3
0.5540540540540541
0.3767123287671233
0.43333333333333335
0.2037037037037037
0.38181818181818183
0.3111111111111111
0.41836734693877553
0.22413793103448276
0.0
0.3064516129032258
0.07142857142857142
0.4381443298969072
0.6190476190476191
0.4827586206896552
0.0
0.2716049382716049
0.19298245614035087
1.0
0.3490566037735849
0.6129032258064516
0.3333333333333333
0.2
0.2692307692307692
0.2962962962962963
0.23333333333333334
0.23333333333333334
0.6206896551724138
0.2
0.14814814814814814
0.5
0.45454545454545453
0.24074074074074073
0.6333333333333333
1.0
0.37037037037037035
0.6764705882352942
0.16666666666666666
0.0
0.21428571428571427
1.0
0.28378378378378377
0.35714285714285715
0.32857142857142857
0.7432432432432432
0.4067796610169492
0.5617283950617284
0.6153846153846154
0.2903225806451613
0.3157894736842105
0.4411764705882353
0.0
0.2971014492753623
0.41935483870967744
0.525974025974026
0.24390243902439024
0.47126436781609193
0.7394366197183099
0.2
0.3333333333333333
0.16666666666666666
0.6
0.4
0.5
0.5
0.39622641509433965
0.41935483870967744
0.3448275862068966
0.32558139534883723
0.29310344827586204
0.1724137931034483
0.2702702702702703
0.5487804878048781
0.48148148148148145
0.2
1.0
0.3333333333333333
0.11224489795918367
0.3732394366197183
0.29591836734693877
0.2631578947368421
0.3767123287671233
0.4523809523809524
0.34210526315789475
0.4696969696969697
0.7272727272727273
0.14285714285714285
0.47058823529411764
0.26595744680851063
0.43243243243243246
0.3142857142857143
0.3
0.43902439024390244
0.3620689655172414
0.38524590163934425
0.2857142857142857
0.0
0.5701754385964912
0.6666666666666666
0.16666666666666666
0.2920353982300885
0.3333333333333333
0.32666666666666666
0.0
0.30851063829787234
0.2222222222222222
0.6111111111111112
0.2
0.5151515151515151
0.2857142857142857
0.5
0.2413793103448276
0.4
0.7058823529411765
0.5443037974683544
0.3241758241758242
0.2619047619047619
0.3333333333333333
0.5
1.0
0.42592592592592593
0.3888888888888889
0.4854014598540146
0.17692307692307693
0.5256410256410257
0.2692307692307692
0.3333333333333333
1.0
0.0
0.3333333333333333
0.37254901960784315
0.24603174603174602
0.3448275862068966
0.5370370370370371
0.4714285714285714
0.18421052631578946
0.4117647058823529
0.42424242424242425
0.17391304347826086
0.5217391304347826
0.782051282051282
0.6395348837209303
0.4307692307692308
0.3333333333333333
0.0
0.3275862068965517
0.7105263157894737
0.2553191489361702
0.6081081081081081
0.42857142857142855
0.5
0.8571428571428571
0.7307692307692307
0.5689655172413793
0.5285714285714286
0.5476190476190477
0.4230769230769231
0.3939393939393939
0.2619047619047619
0.5050505050505051
0.6538461538461539
0.5204081632653061
0.4492753623188406
0.6865671641791045
0.37209302325581395
0.32653061224489793
0.28
0.3235294117647059
0.5882352941176471
0.10204081632653061
0.40728476821192056
0.3142857142857143
0.66
0.5909090909090909
0.3253012048192771
0.29411764705882354
0.1891891891891892
0.15217391304347827
0.5263157894736842
0.7333333333333333
0.6052631578947368
0.7962962962962963
0.8163265306122449
0.24
0.3
0.7666666666666667
0.3888888888888889
0.2441860465116279
0.1
0.4153846153846154
0.41509433962264153
0.2818181818181818
1.0
0.48484848484848486
0.527027027027027
0.23333333333333334
0.11904761904761904
0.5
0.23626373626373626
0.3699186991869919
0.6326530612244898
0.34
0.6511627906976745
0.5
0.23529411764705882
0.43902439024390244
0.5121951219512195
0.5135135135135135
0.22972972972972974
0.423728813559322
0.46153846153846156
0.22727272727272727
0.45918367346938777
0.6486486486486487
0.72
0.33783783783783783
0.15384615384615385
0.3064516129032258
0.21212121212121213
1.0
0.8023255813953488
0.35135135135135137
0.7413793103448276
0.7608695652173914
0.7391304347826086
0.09523809523809523
1.0
0.6333333333333333
0.2631578947368421
0.13043478260869565
0.3333333333333333
0.1956521739130435
0.4393939393939394
0.2631578947368421
0.23404255319148937
0.3333333333333333
0.3333333333333333
0.38095238095238093
0.2962962962962963
0.5555555555555556
0.2647058823529412
0.4230769230769231
0.1896551724137931
0.21428571428571427
0.5222222222222223
0.5151515151515151
0.3877551020408163
0.2532467532467532
0.29245283018867924
0.2169811320754717
0.22857142857142856
0.389937106918239
0.6372549019607843
0.22033898305084745
0.2
0.4426229508196721
0.2054794520547945
0.3717948717948718
0.1702127659574468
0.2765957446808511
0.5737704918032787
0.3877551020408163
0.43103448275862066
0.42424242424242425
0.2
0.18072289156626506
0.29591836734693877
0.1
0.4411764705882353
0.25757575757575757
0.3148148148148148
0.4942528735632184
0.3709677419354839
0.4811320754716981
0.3352941176470588
0.35333333333333333
0.32926829268292684
0.5975609756097561
0.3333333333333333
0.39361702127659576
0.6
0.32051282051282054
0.44680851063829785
0.4405940594059406
0.4146341463414634
0.4
0.25471698113207547
0.4230769230769231
0.25925925925925924
0.45121951219512196
0.4931506849315068
0.2765957446808511
0.0
0.3484848484848485
0.47560975609756095
0.3939393939393939
0.48314606741573035
0.4050632911392405
0.5121951219512195
0.5169491525423728
0.7142857142857143
0.43529411764705883
0.6122448979591837
0.16666666666666666
0.45098039215686275
0.6481481481481481
0.33076923076923076
0.29069767441860467
0.5161290322580645
0.5540540540540541
0.2413793103448276
0.1
1.0
0.43103448275862066
0.23333333333333334
0.5223880597014925
0.21428571428571427
0.5
0.4787234042553192
0.43023255813953487
0.3333333333333333
0.1865671641791045
1.0
0.5
1.0
0.24074074074074073
0.2826086956521739
0.2857142857142857
0.13333333333333333
0.4
0.7058823529411765
0.17647058823529413
0.42105263157894735
0.5714285714285714
0.34210526315789475
0.7727272727272727
0.21428571428571427
0.5
0.4473684210526316
0.1
0.2857142857142857
0.5571428571428572
0.2894736842105263
0.15384615384615385
0.5
0.4189189189189189
0.3888888888888889
0.6666666666666666
0.41379310344827586
1.0
0.5116279069767442
0.6923076923076923
0.782608695652174
0.2441860465116279
0.24
0.4714285714285714
0.24761904761904763
0.14814814814814814
0.41228070175438597
0.4931506849315068
0.8333333333333334
0.4523809523809524
0.22
0.12264150943396226
0.2777777777777778
0.41025641025641024
0.2878787878787879
0.22413793103448276
0.3898305084745763
0.3108108108108108
0.6956521739130435
0.41935483870967744
0.7209302325581395
0.4
0.41935483870967744
0.4444444444444444
0.2441860465116279
0.2903225806451613
0.86
0.6219512195121951
0.25806451612903225
0.13043478260869565
0.25862068965517243
0.3783783783783784
0.6176470588235294
0.45652173913043476
0.22
0.14814814814814814
0.3877551020408163
0.3076923076923077
0.13513513513513514
0.16
0.5172413793103449
0.47674418604651164
0.5405405405405406
0.25609756097560976
0.5306122448979592
0.3111111111111111
0.581081081081081
0.14705882352941177
0.8333333333333334
0.2608695652173913
0.19696969696969696
0.5
0.4482758620689655
0.2962962962962963
0.2702702702702703
0.4444444444444444
0.3235294117647059
0.7027027027027027
0.36046511627906974
0.39655172413793105
0.23809523809523808
0.3333333333333333
0.47297297297297297
1.0
0.5348837209302325
0.4696969696969697
0.23170731707317074
0.5476190476190477
0.2857142857142857
0.19230769230769232
0.49019607843137253
0.5333333333333333
0.41935483870967744
0.43023255813953487
0.5588235294117647
0.19230769230769232
0.45614035087719296
0.6111111111111112
0.08974358974358974
0.2755102040816326
0.13636363636363635
0.18867924528301888
0.6379310344827587
0.43333333333333335
0.7
0.43478260869565216
0.2857142857142857
0.9130434782608695
0.5538461538461539
0.8823529411764706
0.7857142857142857
0.43243243243243246
0.2619047619047619
0.3783783783783784
0.3888888888888889
0.4787234042553192
0.4523809523809524
0.8461538461538461
0.92
0.35714285714285715
0.30701754385964913
0.23636363636363636
0.4012345679012346
0.34210526315789475
0.0
0.5111111111111111
0.45294117647058824
0.5510204081632653
0.22549019607843138
0.30597014925373134
0.24
0.3230769230769231
0.6714285714285714
0.5555555555555556
0.3333333333333333
0.6153846153846154
0.42
0.32653061224489793
0.23529411764705882
0.08823529411764706
0.7647058823529411
0.4076923076923077
0.35185185185185186
0.13157894736842105
0.5
0.18181818181818182
0.6176470588235294
0.7
0.22
0.38571428571428573
0.7033898305084746
0.4074074074074074
0.3146067415730337
0.39655172413793105
0.6153846153846154
0.44871794871794873
0.3829787234042553
0.4393939393939394
0.38235294117647056
0.05172413793103448
0.12
0.4222222222222222
0.24324324324324326
0.3
0.5945945945945946
0.08620689655172414
0.08
0.7
1.0
0.47058823529411764
0.21621621621621623
0.84
0.15789473684210525
0.5151515151515151
0.40476190476190477
0.14285714285714285
0.532258064516129
0.15714285714285714
0.30952380952380953
0.6818181818181818
0.6212121212121212
0.5545454545454546
0.74
0.47368421052631576
1.0
0.5
0.0
0.10606060606060606
0.6097560975609756
0.2441860465116279
0.5121951219512195
0.3137254901960784
0.16666666666666666
0.4268292682926829
0.11904761904761904
0.46774193548387094
0.7058823529411765
0.6338028169014085
0.45714285714285713
0.5483870967741935
0.5111111111111111
0.30434782608695654
0.3404255319148936
0.45714285714285713
0.35135135135135137
0.25396825396825395
0.40540540540540543
0.3
0.4523809523809524
0.5757575757575758
0.6956521739130435
0.6351351351351351
0.5
1.0
0.3813559322033898
0.8679245283018868
0.48484848484848486
0.33783783783783783
0.14285714285714285
0.3333333333333333
0.43902439024390244
0.2872340425531915
0.92
0.24358974358974358
0.5405405405405406
0.2441860465116279
0.19230769230769232
0.3902439024390244
0.36
0.1780821917808219
0.7297297297297297
0.29310344827586204
0.5869565217391305
0.425531914893617
0.24468085106382978
0.3709677419354839
0.43103448275862066
0.44285714285714284
0.1
0.2222222222222222
0.44594594594594594
0.47058823529411764
0.4
0.49056603773584906
0.21428571428571427
0.40540540540540543
0.6338028169014085
0.5
0.21428571428571427
0.5952380952380952
0.1595744680851064
0.3469387755102041
0.4074074074074074
0.2619047619047619
0.21052631578947367
0.48148148148148145
0.29411764705882354
1.0
0.58
0.33783783783783783
0.19230769230769232
0.3939393939393939
0.32857142857142857
0.3709677419354839
0.15217391304347827
0.4666666666666667
0.6086956521739131
0.2857142857142857
0.23076923076923078
0.3484848484848485
0.5303030303030303
1.0
0.52
0.5
0.29411764705882354
0.3333333333333333
1.0
0.5
0.4782608695652174
0.15789473684210525
0.3333333333333333
0.47058823529411764
0.30434782608695654
0.8108108108108109
0.21739130434782608
0.16666666666666666
0.17647058823529413
0.46153846153846156
0.3333333333333333
0.6363636363636364
0.54
0.4
0.1724137931034483
0.46774193548387094
0.47540983606557374
0.3333333333333333
0.45652173913043476
0.39655172413793105
0.7666666666666667
0.11428571428571428
0.34210526315789475
0.29411764705882354
0.2391304347826087
0.2835820895522388
0.27586206896551724
0.3709677419354839
0.2857142857142857
0.8275862068965517
0.18
0.3
0.13793103448275862
0.14
0.6153846153846154
0.74
0.45454545454545453
1.0
0.19047619047619047
0.5
0.5
0.5348837209302325
0.5
0.42105263157894735
0.2608695652173913
0.6612903225806451
0.3473282442748092
0.2857142857142857
0.49206349206349204
0.39552238805970147
0.36666666666666664
0.6515151515151515
0.25806451612903225
0.4117647058823529
0.5555555555555556
0.10606060606060606
0.6
0.38461538461538464
0.3235294117647059
0.7962962962962963
0.5573770491803278
0.6296296296296297
0.22093023255813954
0.24509803921568626
0.32
0.49056603773584906
0.7352941176470589
0.40476190476190477
0.7368421052631579
0.43333333333333335
0.4
0.22727272727272727
0.40476190476190477
1.0
0.09090909090909091
0.581081081081081
0.30434782608695654
0.3448275862068966
0.1111111111111111
1.0
0.11702127659574468
0.5
1.0
0.1111111111111111
0.11764705882352941
0.23684210526315788
0.6956521739130435
1.0
0.0
1.0
0.6333333333333333
0.32
0.8947368421052632
0.782608695652174
0.2
0.7413793103448276
0.23809523809523808
0.4268292682926829
0.14705882352941177
0.6754385964912281
0.30327868852459017
0.6428571428571429
1.0
0.3333333333333333
0.5769230769230769
0.46987951807228917
0.4915254237288136
0.4782608695652174
0.36666666666666664
0.34782608695652173
0.4418604651162791
0.28
0.0
1.0
0.3333333333333333
1.0
0.34782608695652173
0.20588235294117646
0.2391304347826087
0.29411764705882354
0.39655172413793105
0.5
0.5888888888888889
0.4838709677419355
0.2972972972972973
0.42857142857142855
0.36666666666666664
0.5
1.0
0.3877551020408163
0.22
0.35555555555555557
0.38650306748466257
0.405982905982906
0.2647058823529412
0.17391304347826086
0.10526315789473684
0.7142857142857143
0.23809523809523808
0.631578947368421
0.16666666666666666
0.28
0.5909090909090909
0.1
0.2826086956521739
0.41304347826086957
0.41509433962264153
0.07142857142857142
0.3695652173913043
0.4186046511627907
0.3275862068965517
0.16666666666666666
1.0
0.47692307692307695
0.4
0.23809523809523808
0.5333333333333333
0.3780487804878049
0.11904761904761904
0.6086956521739131
0.6
0.11538461538461539
0.62
0.21794871794871795
0.07407407407407407
0.4411764705882353
0.3620689655172414
0.1794871794871795
0.7872340425531915
0.7027027027027027
0.3333333333333333
0.06
1.0
0.4117647058823529
0.15789473684210525
0.43548387096774194
0.19230769230769232
0.22727272727272727
0.46153846153846156
0.3225806451612903
0.6666666666666666
0.48717948717948717
0.44
0.18604651162790697
0.13043478260869565
0.38095238095238093
0.12162162162162163
0.20588235294117646
0.14736842105263157
0.2564102564102564
0.16666666666666666
0.4074074074074074
0.3333333333333333
0.33962264150943394
0.3888888888888889
0.4411764705882353
0.6333333333333333
0.2948717948717949
0.16666666666666666
0.08823529411764706
0.35294117647058826
0.72
0.16666666666666666
1.0
0.14285714285714285
0.2647058823529412
0.3888888888888889
0.5882352941176471
0.38235294117647056
1.0
0.5434782608695652
1.0
0.42857142857142855
0.5655737704918032
0.5873015873015873
0.18666666666666668
0.5
0.6636363636363637
0.3192771084337349
1.0
0.3333333333333333
0.0
0.5
0.25675675675675674
0.6363636363636364
0.22448979591836735
0.66
0.5439560439560439
0.4777777777777778
0.1511627906976744
0.21428571428571427
0.6
0.2532467532467532
0.38181818181818183
1.0
0.4646017699115044
0.33707865168539325
0.6568627450980392
0.5392156862745098
0.6666666666666666
0.18421052631578946
0.5581395348837209
0.4782608695652174
0.3333333333333333
0.3225806451612903
0.18181818181818182
0.6666666666666666
0.3793103448275862
0.09090909090909091
0.24
0.5666666666666667
0.4148936170212766
0.45714285714285713
0.352112676056338
0.2571428571428571
0.43548387096774194
0.44285714285714284
0.6304347826086957
0.15217391304347827
0.18181818181818182
0.09090909090909091
0.38181818181818183
0.2714285714285714
0.5
0.32926829268292684
0.31690140845070425
0.29411764705882354
0.4098360655737705
0.6097560975609756
0.5714285714285714
0.37037037037037035
0.21818181818181817
0.3474576271186441
0.22448979591836735
0.5135135135135135
0.42452830188679247
0.6333333333333333
0.44
0.30851063829787234
0.6621621621621622
0.40540540540540543
0.0975609756097561
0.34210526315789475
0.36666666666666664
0.3888888888888889
0.10784313725490197
0.37209302325581395
0.41025641025641024
0.06
0.4230769230769231
0.46774193548387094
0.22093023255813954
0.1962025316455696
0.05555555555555555
0.4418604651162791
0.42105263157894735
0.6739130434782609
0.14285714285714285
0.5816326530612245
0.4827586206896552
0.13333333333333333
0.37142857142857144
0.45454545454545453
0.782608695652174
0.23684210526315788
0.5
0.5
0.4418604651162791
0.47297297297297297
0.4295774647887324
0.5666666666666667
0.72
0.22131147540983606
1.0
0.23529411764705882
0.6818181818181818
0.3387096774193548
0.20588235294117646
0.6111111111111112
0.17142857142857143
0.24324324324324326
0.3918918918918919
0.66
0.36923076923076925
0.8260869565217391
0.7666666666666667
0.02631578947368421
0.5142857142857142
0.7619047619047619
0.45614035087719296
0.5185185185185185
0.5571428571428572
0.38095238095238093
0.7058823529411765
0.44805194805194803
0.09090909090909091
0.4074074074074074
0.26153846153846155
0.5294117647058824
0.9047619047619048
0.5714285714285714
0.36666666666666664
0.6507936507936508
0.26
0.25925925925925924
0.46511627906976744
0.0
0.38372093023255816
0.3783783783783784
0.3103448275862069
0.6818181818181818
0.3448275862068966
0.5526315789473685
0.17391304347826086
0.42857142857142855
0.48484848484848486
0.13043478260869565
0.7307692307692307
0.09090909090909091
0.35135135135135137
0.3023255813953488
0.3333333333333333
0.410958904109589
0.27419354838709675
0.6111111111111112
0.10869565217391304
0.4186046511627907
0.5128205128205128
0.2222222222222222
0.24358974358974358
0.373015873015873
0.2647058823529412
0.6515151515151515
0.4888888888888889
0.5526315789473685
1.0
0.5540540540540541
0.34705882352941175
0.5955056179775281
0.22413793103448276
0.5615384615384615
0.7373737373737373
0.49230769230769234
0.29365079365079366
0.4186046511627907
0.20634920634920634
0.5573770491803278
0.4
0.37012987012987014
0.3108108108108108
0.29310344827586204
0.2222222222222222
0.5569620253164557
0.46938775510204084
0.43617021276595747
0.13636363636363635
0.34210526315789475
0.3181818181818182
0.1724137931034483
0.15217391304347827
0.3103448275862069
0.1702127659574468
0.21818181818181817
0.21052631578947367
0.35555555555555557
0.43859649122807015
0.09090909090909091
0.3181818181818182
0.11538461538461539
0.42696629213483145
0.46226415094339623
0.39473684210526316
0.34177215189873417
0.34705882352941175
0.08620689655172414
0.39473684210526316
0.6935483870967742
0.4444444444444444
0.5
0.7380952380952381
0.3783783783783784
0.92
0.5068493150684932
0.20930232558139536
0.4482758620689655
0.5727272727272728
0.41935483870967744
0.5675675675675675
0.3684210526315789
0.4636363636363636
0.4142857142857143
0.12
0.7127659574468085
0.6408450704225352
0.4117647058823529
0.4827586206896552
0.3333333333333333
0.2926829268292683
0.5
0.5204081632653061
0.3524590163934426
0.4782608695652174
0.20930232558139536
0.4
0.16129032258064516
0.2962962962962963
0.12
0.5099009900990099
0.423728813559322
0.19402985074626866
0.34782608695652173
0.42857142857142855
0.72
0.4074074074074074
0.5434782608695652
0.14285714285714285
0.07894736842105263
0.23333333333333334
0.38571428571428573
0.47368421052631576
0.23469387755102042
0.2111111111111111
0.29069767441860467
0.27586206896551724
0.2903225806451613
0.20588235294117646
0.21428571428571427
0.3103448275862069
0.4909090909090909
0.5168539325842697
0.2222222222222222
0.5641025641025641
0.6
0.36046511627906974
0.2441860465116279
0.2037037037037037
0.0
0.4
0.3368421052631579
0.2751677852348993
0.22491349480968859
0.33121019108280253
0.358974358974359
0.3146067415730337
0.4074074074074074
0.20175438596491227
0.5853658536585366
0.18888888888888888
0.30327868852459017
0.34615384615384615
0.25471698113207547
0.74
0.2571428571428571
0.41935483870967744
0.5396825396825397
0.4024390243902439
0.5
0.26595744680851063
0.3333333333333333
0.2857142857142857
0.36075949367088606
0.16666666666666666
0.21212121212121213
1.0
0.425531914893617
0.5909090909090909
0.3235294117647059
0.6702127659574468
0.425531914893617
0.43333333333333335
0.39361702127659576
0.42452830188679247
0.8979591836734694
0.4327731092436975
0.37714285714285717
0.44339622641509435
0.26666666666666666
0.16666666666666666
0.23333333333333334
0.15384615384615385
1.0
0.07894736842105263
0.11764705882352941
0.43478260869565216
0.2647058823529412
0.44
0.14
0.1111111111111111
0.5
0.41358024691358025
0.18518518518518517
0.3333333333333333
0.29333333333333333
0.09523809523809523
0.4811320754716981
0.14754098360655737
0.11764705882352941
0.23529411764705882
0.6410256410256411
0.18604651162790697
0.2631578947368421
0.21052631578947367
0.7241379310344828
0.3352941176470588
0.3333333333333333
0.5507246376811594
0.3333333333333333
0.27049180327868855
0.4084507042253521
0.37012987012987014
0.6111111111111112
1.0
0.3333333333333333
0.3333333333333333
0.2857142857142857
0.25675675675675674
0.4368421052631579
0.3142857142857143
0.43548387096774194
0.3732394366197183
0.3
0.22727272727272727
1.0
0.5
0.34210526315789475
0.38095238095238093
0.3064516129032258
0.21428571428571427
0.4787234042553192
0.29411764705882354
0.2714285714285714
0.2441860465116279
0.30952380952380953
0.14102564102564102
0.1891891891891892
0.11764705882352941
0.7631578947368421
0.6551724137931034
0.23684210526315788
0.4090909090909091
0.5161290322580645
0.43023255813953487
0.22857142857142856
0.4
0.5256410256410257
0.21818181818181817
1.0
0.7446808510638298
0.32926829268292684
0.45161290322580644
0.3867924528301887
0.2631578947368421
0.5869565217391305
0.45098039215686275
0.25555555555555554
0.5
0.24489795918367346
0.3
0.2857142857142857
0.2571428571428571
0.1
0.30701754385964913
0.5606060606060606
0.45454545454545453
0.16666666666666666
0.72
0.2926829268292683
0.5757575757575758
0.47368421052631576
0.6153846153846154
0.6285714285714286
1.0
0.48
0.11764705882352941
0.3333333333333333
0.07142857142857142
0.14705882352941177
0.4727272727272727
0.7777777777777778
0.3805970149253731
0.2647058823529412
0.6692307692307692
0.3
0.5777777777777777
0.7878787878787878
0.5454545454545454
0.13333333333333333
0.5689655172413793
0.5
0.5106382978723404
0.5545454545454546
0.45555555555555555
0.6538461538461539
1.0
0.19047619047619047
0.3333333333333333
0.07692307692307693
0.4782608695652174
0.4727272727272727
0.21428571428571427
0.7608695652173914
0.3888888888888889
0.49122807017543857
0.34615384615384615
0.16666666666666666
0.6111111111111112
0.72
0.5196078431372549
0.41935483870967744
0.5454545454545454
0.13043478260869565
0.4069767441860465
0.6129032258064516
0.34146341463414637
0.13333333333333333
0.5930232558139535
0.7962962962962963
1.0
0.0
0.8157894736842105
0.23684210526315788
0.21428571428571427
0.20930232558139536
0.24193548387096775
0.3275862068965517
0.2857142857142857
0.5434782608695652
0.43333333333333335
1.0
0.2857142857142857
0.2
0.29518072289156627
0.3952380952380952
0.5263157894736842
0.17647058823529413
0.25609756097560976
0.21428571428571427
0.43243243243243246
0.6170212765957447
0.6162790697674418
0.46551724137931033
0.32857142857142857
0.6692307692307692
0.6385542168674698
0.8387096774193549
0.45161290322580644
0.7741935483870968
0.19230769230769232
0.5
1.0
0.16666666666666666
0.6363636363636364
0.7307692307692307
0.27906976744186046
0.5684931506849316
0.21568627450980393
0.35714285714285715
0.3358208955223881
0.19230769230769232
0.41025641025641024
0.5975609756097561
0.43902439024390244
0.14705882352941177
0.6014492753623188
0.581081081081081
0.62
0.34210526315789475
0.19047619047619047
0.29069767441860467
0.12790697674418605
0.13043478260869565
0.22413793103448276
0.36153846153846153
0.3051948051948052
0.17692307692307693
0.5444444444444444
0.5
0.46153846153846156
0.15853658536585366
0.32051282051282054
0.45054945054945056
0.4473684210526316
0.18181818181818182
0.30198019801980197
0.32608695652173914
0.17073170731707318
0.16666666666666666
0.14285714285714285
0.27419354838709675
0.3225806451612903
0.5
0.5
0.33962264150943394
0.3793103448275862
0.7368421052631579
0.2
0.2857142857142857
0.14705882352941177
0.43478260869565216
0.34782608695652173
0.36363636363636365
0.6428571428571429
0.2627118644067797
0.3023255813953488
0.3225806451612903
0.43137254901960786
0.3275862068965517
0.5
0.5370370370370371
0.330188679245283
0.3108108108108108
0.62
0.48148148148148145
0.573170731707317
0.4146341463414634
0.43283582089552236
0.3476190476190476
0.5
0.3918918918918919
0.2962962962962963
0.19230769230769232
0.35443037974683544
0.29310344827586204
0.3767123287671233
0.3170731707317073
0.15151515151515152
0.46
0.3782608695652174
0.4523809523809524
0.4777777777777778
0.3333333333333333
0.2777777777777778
0.23333333333333334
0.6111111111111112
0.3103448275862069
0.5232558139534884
0.5217391304347826
0.2619047619047619
0.4666666666666667
0.9130434782608695
0.30434782608695654
0.6951219512195121
0.8461538461538461
0.3148148148148148
0.7307692307692307
0.27450980392156865
0.38571428571428573
0.5
0.48148148148148145
0.14
0.28378378378378377
0.3333333333333333
0.22
0.38372093023255816
0.4069767441860465
0.5487804878048781
0.6230769230769231
0.18627450980392157
0.6111111111111112
0.47619047619047616
0.5
0.4189189189189189
0.28205128205128205
0.4574468085106383
0.14285714285714285
0.43373493975903615
0.2872340425531915
0.38
0.64
0.47619047619047616
0.36363636363636365
0.6891891891891891
0.6818181818181818
0.631578947368421
0.5434782608695652
0.3684210526315789
0.34615384615384615
0.41379310344827586
0.29069767441860467
0.29245283018867924
0.28169014084507044
0.4589041095890411
0.21428571428571427
0.74
1.0
0.26
0.46808510638297873
0.23684210526315788
0.21052631578947367
0.15384615384615385
0.5
0.20689655172413793
0.3888888888888889
0.7258064516129032
0.3723404255319149
0.6153846153846154
0.13636363636363635
0.288135593220339
0.6612903225806451
0.38095238095238093
0.36666666666666664
0.2714285714285714
0.19230769230769232
0.23076923076923078
0.5142857142857142
0.22549019607843138
0.14705882352941177
0.5531914893617021
0.40350877192982454
0.5769230769230769
0.5294117647058824
0.3076923076923077
0.27358490566037735
0.47058823529411764
0.3333333333333333
0.48717948717948717
0.15151515151515152
0.7333333333333333
0.6724137931034483
0.20270270270270271
0.7674418604651163
0.14705882352941177
0.18
0.6818181818181818
0.5263157894736842
0.4
0.7058823529411765
0.22413793103448276
0.3333333333333333
0.34444444444444444
0.3769230769230769
0.30434782608695654
0.5849056603773585
0.47560975609756095
0.48148148148148145
0.46511627906976744
0.37272727272727274
0.2631578947368421
0.30612244897959184
0.4
0.22950819672131148
0.3163265306122449
0.2
0.3888888888888889
0.6578947368421053
0.043478260869565216
0.22807017543859648
0.5153846153846153
0.16923076923076924
0.23529411764705882
0.2982456140350877
0.33076923076923076
0.17777777777777778
0.1917808219178082
0.4473684210526316
1.0
0.0
0.42592592592592593
1.0
0.37037037037037035
0.5
0.5714285714285714
0.37777777777777777
0.631578947368421
0.5652173913043478
0.6153846153846154
0.38524590163934425
0.2894736842105263
0.18518518518518517
0.23809523809523808
0.20588235294117646
0.6351351351351351
0.2
0.6111111111111112
0.3817204301075269
0.34782608695652173
0.1956521739130435
0.550561797752809
0.6764705882352942
0.33783783783783783
0.7073170731707317
0.5909090909090909
0.42592592592592593
0.5
0.7450980392156863
0.36486486486486486
0.5333333333333333
0.2127659574468085
0.5303030303030303
0.2786885245901639
0.6538461538461539
0.41836734693877553
0.6463414634146342
0.43548387096774194
0.4863013698630137
0.5754716981132075
0.7745098039215687
1.0
0.5
0.32978723404255317
0.686046511627907
0.34615384615384615
0.7619047619047619
0.7377049180327869
0.6811594202898551
0.2631578947368421
0.20512820512820512
0.5666666666666667
0.41379310344827586
0.14285714285714285
0.7105263157894737
0.8666666666666667
0.42592592592592593
0.4482758620689655
0.43333333333333335
0.3076923076923077
0.5
0.8
0.39622641509433965
0.3709677419354839
0.6818181818181818
0.15789473684210525
0.21621621621621623
0.23333333333333334
0.524390243902439
0.4574468085106383
0.46153846153846156
0.2619047619047619
0.23333333333333334
0.2222222222222222
0.2627118644067797
0.42857142857142855
0.2826086956521739
0.2571428571428571
0.425531914893617
0.43902439024390244
0.25609756097560976
0.425531914893617
0.5487804878048781
0.3987341772151899
0.18
0.8461538461538461
0.4
0.0
0.1
0.1774193548387097
0.5422535211267606
0.487012987012987
0.5
0.8181818181818182
1.0
0.7424242424242424
0.49145299145299143
0.4918032786885246
0.6643835616438356
0.4126984126984127
0.37142857142857144
0.6024096385542169
0.7777777777777778
0.6444444444444445
0.7372881355932204
0.5888888888888889
0.16666666666666666
0.1724137931034483
1.0
0.4016393442622951
0.42063492063492064
0.5581395348837209
0.2323943661971831
0.3
0.45774647887323944
0.9591836734693877
0.1794871794871795
0.5
0.6216216216216216
0.7741935483870968
0.16
0.15555555555555556
0.6285714285714286
0.3
0.3709677419354839
0.17777777777777778
0.5645161290322581
0.3018867924528302
0.6216216216216216
0.3627450980392157
0.660377358490566
0.7
0.42
0.5111111111111111
0.14516129032258066
0.4186046511627907
0.5540540540540541
0.16
0.21428571428571427
0.17346938775510204
0.49230769230769234
0.8793103448275862
0.3
0.23170731707317074
0.4142857142857143
0.4
0.6410256410256411
0.4344262295081967
0.6224489795918368
0.21794871794871795
0.5294117647058824
0.5102040816326531
0.5404040404040404
0.22580645161290322
0.6379310344827587
1.0
0.07692307692307693
0.6111111111111112
0.4
0.4634146341463415
0.4857142857142857
0.5869565217391305
0.32
0.62
0.21739130434782608
0.5
0.32432432432432434
0.4594594594594595
0.41935483870967744
0.38202247191011235
0.23809523809523808
0.38
0.3087719298245614
0.4634146341463415
0.5254237288135594
0.27586206896551724
0.3333333333333333
0.6101694915254238
0.3235294117647059
0.19047619047619047
0.42592592592592593
0.32051282051282054
0.2413793103448276
0.7368421052631579
0.5882352941176471
0.34210526315789475
0.5151515151515151
0.3979591836734694
0.22535211267605634
0.4418604651162791
0.6111111111111112
0.07692307692307693
1.0
0.5
0.16666666666666666
0.8461538461538461
1.0
0.3114754098360656
0.6612903225806451
0.5194805194805194
0.5
0.46923076923076923
0.30952380952380953
0.4803921568627451
0.3333333333333333
0.0
0.6612903225806451
0.4230769230769231
0.7297297297297297
0.5943396226415094
0.6063829787234043
0.2714285714285714
0.8488372093023255
1.0
0.4909090909090909
0.30392156862745096
0.7857142857142857
0.3103448275862069
0.3103448275862069
0.5
0.32608695652173914
0.4492753623188406
0.23809523809523808
0.22641509433962265
0.5869565217391305
0.4696969696969697
0.3617021276595745
0.5176470588235295
0.30158730158730157
0.7142857142857143
0.3448275862068966
0.6818181818181818
0.4090909090909091
0.36220472440944884
0.852112676056338
0.5618556701030928
0.36363636363636365
0.3064516129032258
0.8043478260869565
0.2857142857142857
0.7608695652173914
0.2631578947368421
0.22727272727272727
0.3148148148148148
0.3870967741935484
0.6486486486486487
0.44
0.18421052631578946
0.23809523809523808
0.6636363636363637
0.4864864864864865
0.7068965517241379
0.36923076923076925
0.5476190476190477
0.16666666666666666
0.6666666666666666
0.528169014084507
0.20491803278688525
0.3333333333333333
0.4295774647887324
0.5816326530612245
0.8043478260869565
0.32786885245901637
0.5
0.7926829268292683
0.35365853658536583
0.5563380281690141
0.32608695652173914
0.6095890410958904
0.41358024691358025
0.5434782608695652
0.58
0.0
1.0
0.2571428571428571
0.5
0.26666666666666666
0.6864406779661016
0.7068965517241379
0.31690140845070425
1.0
0.6645569620253164
0.21428571428571427
0.11538461538461539
0.28205128205128205
0.2619047619047619
0.5697674418604651
0.39473684210526316
0.66
0.7358490566037735
0.3684210526315789
0.6891891891891891
0.5333333333333333
0.16666666666666666
0.5
0.5384615384615384
0.4146341463414634
0.6153846153846154
0.2714285714285714
0.21621621621621623
0.5
0.6
0.24242424242424243
0.6923076923076923
0.7619047619047619
0.7368421052631579
0.5
0.32051282051282054
0.15151515151515152
0.18867924528301888
0.5
1.0
0.37037037037037035
0.6666666666666666
0.26666666666666666
0.4824561403508772
0.12121212121212122
0.41836734693877553
0.42
0.24074074074074073
0.36813186813186816
0.5405405405405406
0.42424242424242425
0.3412698412698413
0.5140845070422535
0.43548387096774194
0.3888888888888889
0.38095238095238093
0.6956521739130435
0.3
0.40476190476190477
0.6363636363636364
0.9047619047619048
0.41935483870967744
0.29411764705882354
0.21739130434782608
1.0
0.5
0.22413793103448276
0.5666666666666667
0.5
0.8648648648648649
0.5949367088607594
0.330188679245283
0.21621621621621623
0.5
0.7169811320754716
0.5396825396825397
0.4268292682926829
0.3974358974358974
0.40350877192982454
0.38461538461538464
0.1511627906976744
0.25806451612903225
0.41379310344827586
0.5789473684210527
0.10344827586206896
0.2967032967032967
0.2948717948717949
0.38235294117647056
0.6230769230769231
0.5307692307692308
0.7131147540983607
0.5588235294117647
0.5
0.5370370370370371
0.3620689655172414
0.5882352941176471
0.6888888888888889
0.6304347826086957
0.5172413793103449
0.5588235294117647
0.3888888888888889
0.23417721518987342
0.18840579710144928
0.5434782608695652
0.23015873015873015
0.3192771084337349
0.44366197183098594
0.14285714285714285
0.45555555555555555
0.3793103448275862
0.4186046511627907
0.3835616438356164
0.43243243243243246
0.45161290322580644
0.4666666666666667
0.3918918918918919
0.4594594594594595
0.6311475409836066
0.46153846153846156
0.0
0.3333333333333333
0.1111111111111111
0.3235294117647059
0.5256410256410257
0.7380952380952381
0.3287671232876712
0.5566037735849056
0.30935251798561153
0.2835820895522388
0.17391304347826086
0.48
0.7037037037037037
0.42592592592592593
0.3387096774193548
0.3072289156626506
0.2
0.29069767441860467
0.41836734693877553
0.6153846153846154
0.0967741935483871
0.7435897435897436
0.5084745762711864
0.6086956521739131
0.5
0.30327868852459017
0.15789473684210525
0.14285714285714285
0.6
0.7906976744186046
0.14285714285714285
1.0
0.29411764705882354
0.2391304347826087
0.2222222222222222
0.3181818181818182
0.24074074074074073
0.3333333333333333
0.2127659574468085
0.08571428571428572
1.0
0.42857142857142855
0.25925925925925924
0.26
0.6666666666666666
0.18181818181818182
0.3888888888888889
0.2777777777777778
0.29411764705882354
0.27358490566037735
0.37719298245614036
0.21428571428571427
0.391304347826087
0.5405405405405406
0.12195121951219512
0.48
0.1
0.15151515151515152
0.2391304347826087
0.32727272727272727
0.2318840579710145
0.4074074074074074
0.28205128205128205
0.2716049382716049
0.3163265306122449
0.3
0.5
0.45652173913043476
0.47959183673469385
0.24647887323943662
0.3880597014925373
0.8658536585365854
0.336734693877551
0.3620689655172414
0.1
0.6666666666666666
0.4012345679012346
0.58
0.33962264150943394
0.7804878048780488
0.5930232558139535
0.4647058823529412
0.5689655172413793
0.46296296296296297
0.27419354838709675
0.313953488372093
0.2777777777777778
0.2804878048780488
0.1511627906976744
0.559322033898305
0.4
0.2826086956521739
0.5181818181818182
0.6290322580645161
0.5930232558139535
0.27906976744186046
0.34444444444444444
0.5
0.2696629213483146
0.32857142857142857
0.2391304347826087
0.16666666666666666
0.37142857142857144
0.7586206896551724
0.41379310344827586
0.24444444444444444
0.5454545454545454
0.30303030303030304
0.3
0.2647058823529412
0.5
0.3974358974358974
0.2619047619047619
0.2826086956521739
0.36666666666666664
0.5698924731182796
0.5084745762711864
0.13157894736842105
0.40540540540540543
0.2
0.32222222222222224
0.5619047619047619
0.3360655737704918
0.4915254237288136
0.7608695652173914
0.6219512195121951
0.46946564885496184
0.5483870967741935
0.15254237288135594
0.3918918918918919
0.39090909090909093
0.21739130434782608
0.4915254237288136
0.30303030303030304
1.0
0.4230769230769231
0.8666666666666667
0.4090909090909091
0.13636363636363635
0.5555555555555556
0.045454545454545456
0.3873239436619718
0.5063291139240507
0.32786885245901637
0.6410256410256411
0.6538461538461539
0.4239766081871345
0.35964912280701755
0.5952380952380952
0.3076923076923077
0.3225806451612903
0.42
0.4397590361445783
0.32608695652173914
0.30952380952380953
0.36046511627906974
0.14705882352941177
0.21929824561403508
0.3979591836734694
0.48717948717948717
0.3305084745762712
0.34810126582278483
0.5615384615384615
0.3387096774193548
0.3160919540229885
0.2702702702702703
0.5212765957446809
0.35294117647058826
0.4074074074074074
0.28888888888888886
0.6078431372549019
0.5
0.20588235294117646
0.3333333333333333
0.3709677419354839
0.6395348837209303
0.35294117647058826
0.24285714285714285
0.7586206896551724
0.6521739130434783
0.3181818181818182
0.5
0.47058823529411764
0.5128205128205128
0.42452830188679247
0.24074074074074073
0.42105263157894735
0.44
0.43243243243243246
0.25925925925925924
0.45614035087719296
0.7456140350877193
0.49019607843137253
0.4782608695652174
0.5555555555555556
0.6666666666666666
0.4418604651162791
0.2127659574468085
0.4215686274509804
0.7567567567567568
0.8111111111111111
0.2391304347826087
0.6363636363636364
0.5697674418604651
0.47560975609756095
0.5117647058823529
0.24242424242424243
0.30952380952380953
0.6111111111111112
0.30851063829787234
0.25396825396825395
0.2755102040816326
0.46153846153846156
0.4787234042553192
0.3898305084745763
0.391304347826087
0.43137254901960786
0.35185185185185186
0.8
0.4675324675324675
0.34684684684684686
0.22289156626506024
0.3524590163934426
0.5
0.16666666666666666
0.5
0.2222222222222222
0.3333333333333333
0.8181818181818182
0.8673469387755102
1.0
0.4090909090909091
0.54
0.15384615384615385
0.29577464788732394
0.5816326530612245
0.3372093023255814
0.1956521739130435
0.30097087378640774
1.0
0.0
1.0
0.5555555555555556
0.45652173913043476
0.3387096774193548
0.6818181818181818
0.08823529411764706
0.07142857142857142
0.8648648648648649
0.7941176470588235
0.6190476190476191
0.20588235294117646
0.4393939393939394
0.6545454545454545
0.34210526315789475
0.3888888888888889
0.32
0.4117647058823529
0.2647058823529412
0.7777777777777778
0.12
0.2857142857142857
0.5454545454545454
0.30952380952380953
0.8181818181818182
0.43137254901960786
0.42857142857142855
0.45263157894736844
0.7948717948717948
0.42028985507246375
0.25396825396825395
0.5204081632653061
0.25333333333333335
0.20491803278688525
0.36666666666666664
0.39361702127659576
0.2923076923076923
0.4782608695652174
0.5925925925925926
0.5612244897959183
0.5851063829787234
0.5943396226415094
0.30158730158730157
0.20491803278688525
0.44
0.5753424657534246
0.5793650793650794
0.20967741935483872
0.7162162162162162
0.33157894736842103
0.6727272727272727
0.44805194805194803
0.3333333333333333
0.21428571428571427
0.2647058823529412
0.47058823529411764
0.8387096774193549
0.45604395604395603
0.30303030303030304
0.45652173913043476
0.7631578947368421
0.6122448979591837
0.5784313725490197
0.2848101265822785
0.1956521739130435
0.4716981132075472
0.4811320754716981
0.330188679245283
0.4878048780487805
0.2127659574468085
0.4
0.40540540540540543
0.12903225806451613
0.559322033898305
0.5645161290322581
0.5697674418604651
0.2631578947368421
0.4782608695652174
0.2857142857142857
0.4358974358974359
0.2571428571428571
0.5217391304347826
0.08695652173913043
0.13157894736842105
0.6304347826086957
0.4111111111111111
0.3275862068965517
0.5571428571428572
0.5185185185185185
0.4117647058823529
0.6818181818181818
0.09090909090909091
0.25675675675675674
0.12
0.16666666666666666
0.4811320754716981
0.5925925925925926
0.2647058823529412
0.6551724137931034
0.6
0.35714285714285715
0.3723404255319149
0.391304347826087
0.20588235294117646
0.3333333333333333
0.3333333333333333
0.3333333333333333
0.1951219512195122
0.25925925925925924
0.3333333333333333
0.36
0.34210526315789475
0.8148148148148148
0.2
0.16666666666666666
0.7804878048780488
0.47540983606557374
0.3333333333333333
0.22580645161290322
0.35365853658536583
0.21428571428571427
0.5
0.6111111111111112
0.36
0.23333333333333334
0.4827586206896552
0.6333333333333333
0.14285714285714285
0.6666666666666666
0.35294117647058826
0.07407407407407407
0.2894736842105263
0.2765957446808511
0.40540540540540543
0.6060606060606061
0.581081081081081
0.16666666666666666
0.6333333333333333
0.35802469135802467
0.42528735632183906
0.48484848484848486
0.3023255813953488
0.5114942528735632
0.6818181818181818
0.3
0.17647058823529413
0.7333333333333333
0.20967741935483872
0.42105263157894735
0.7063492063492064
0.36363636363636365
0.36885245901639346
0.3943089430894309
0.2682926829268293
0.21794871794871795
0.23178807947019867
0.3918918918918919
0.34210526315789475
0.48717948717948717
0.19662921348314608
0.5136986301369864
0.4506172839506173
0.2251655629139073
0.38990825688073394
0.6403508771929824
0.27350427350427353
0.5169491525423728
0.32
0.20689655172413793
0.3235294117647059
0.2073170731707317
0.7666666666666667
0.31313131313131315
0.34415584415584416
0.29333333333333333
0.5806451612903226
0.23076923076923078
0.2962962962962963
0.21951219512195122
0.5142857142857142
0.4344262295081967
0.4154929577464789
0.30952380952380953
0.4888888888888889
0.4782608695652174
0.5691056910569106
0.32608695652173914
0.36046511627906974
0.15789473684210525
0.6538461538461539
0.2631578947368421
0.3
0.4180327868852459
0.313953488372093
0.3813559322033898
0.6475409836065574
0.4225352112676056
0.46261682242990654
0.43859649122807015
0.5436893203883495
0.43037974683544306
0.2411764705882353
0.43333333333333335
0.43902439024390244
0.2169811320754717
0.15492957746478872
0.2909090909090909
0.4818181818181818
0.3902439024390244
0.5102040816326531
0.5128205128205128
0.3333333333333333
0.24444444444444444
0.6410256410256411
0.42424242424242425
0.4878048780487805
0.4552238805970149
0.33962264150943394
0.17777777777777778
0.37037037037037035
0.22727272727272727
0.7906976744186046
0.4838709677419355
0.2948717948717949
0.6060606060606061
0.4520547945205479
0.5909090909090909
0.32857142857142857
0.42592592592592593
0.21311475409836064
0.6265822784810127
0.5217391304347826
0.2702702702702703
0.2898550724637681
0.3372093023255814
0.47297297297297297
0.46153846153846156
0.3888888888888889
0.3132530120481928
0.41935483870967744
0.13829787234042554
0.5212765957446809
0.32608695652173914
0.6176470588235294
0.3114754098360656
0.5253164556962026
0.58
0.2641509433962264
0.7830188679245284
0.3870967741935484
0.5853658536585366
0.5588235294117647
0.45652173913043476
0.3787878787878788
0.4701492537313433
0.2777777777777778
0.5555555555555556
0.35106382978723405
0.43103448275862066
0.4032258064516129
0.3877551020408163
0.15517241379310345
0.4111111111111111
0.24528301886792453
0.4032258064516129
0.2719298245614035
0.5862068965517241
0.3103448275862069
0.2878787878787879
0.47674418604651164
0.3813559322033898
0.14705882352941177
0.45121951219512196
0.4032258064516129
0.803030303030303
0.38461538461538464
0.2857142857142857
0.3888888888888889
0.2857142857142857
0.4090909090909091
0.5
0.21052631578947367
0.29411764705882354
0.23255813953488372
0.35294117647058826
0.5862068965517241
0.2903225806451613
0.5606060606060606
0.660377358490566
0.5701754385964912
0.36075949367088606
0.3888888888888889
0.34
0.6395348837209303
0.5181818181818182
0.16
0.4444444444444444
0.5588235294117647
0.2537313432835821
0.30952380952380953
0.8
0.3709677419354839
0.4420289855072464
0.07142857142857142
0.3181818181818182
0.22727272727272727
0.6632653061224489
0.4
0.37037037037037035
0.4
0.6727272727272727
0.4666666666666667
0.23809523809523808
0.44871794871794873
0.3561643835616438
0.46808510638297873
0.8387096774193549
0.6226415094339622
0.2571428571428571
0.45098039215686275
0.4322033898305085
0.5121951219512195
0.319672131147541
0.6792452830188679
0.6578947368421053
0.21333333333333335
0.3103448275862069
0.4
0.8205128205128205
0.6111111111111112
0.3238095238095238
0.5
0.4777777777777778
0.4811320754716981
0.2682926829268293
0.45454545454545453
0.21929824561403508
0.3404255319148936
0.3111111111111111
0.5
0.4857142857142857
0.3090909090909091
0.4262295081967213
0.48148148148148145
0.40540540540540543
0.2558139534883721
0.20689655172413793
0.33766233766233766
0.3783783783783784
0.21014492753623187
0.24561403508771928
0.30952380952380953
0.3380281690140845
0.6351351351351351
0.6428571428571429
0.5
0.4634146341463415
0.6363636363636364
0.6025641025641025
0.45454545454545453
0.4246575342465753
0.44594594594594594
0.44285714285714284
0.36923076923076925
0.36792452830188677
0.5
0.19491525423728814
0.29411764705882354
0.3626373626373626
0.31333333333333335
0.5370370370370371
1.0
0.8153846153846154
0.28378378378378377
0.41935483870967744
1.0
0.5491803278688525
0.3904109589041096
0.1956521739130435
0.16216216216216217
0.3735632183908046
0.3119266055045872
0.3888888888888889
0.23255813953488372
0.26666666666666666
0.5263157894736842
0.5581395348837209
0.26811594202898553
0.5873015873015873
0.4482758620689655
0.3548387096774194
0.4056603773584906
0.5588235294117647
0.4230769230769231
0.07894736842105263
0.4
0.4444444444444444
0.6829268292682927
0.47058823529411764
0.3805970149253731
0.7777777777777778
0.5952380952380952
0.28431372549019607
0.10465116279069768
0.16666666666666666
0.3181818181818182
0.25609756097560976
0.34673366834170855
0.40404040404040403
0.8484848484848485
0.21505376344086022
0.3793103448275862
0.26
0.3860759493670886
0.42105263157894735
0.7558139534883721
0.2391304347826087
0.45652173913043476
0.34615384615384615
0.18292682926829268
0.3148148148148148
0.2641509433962264
0.5161290322580645
0.38181818181818183
0.2808988764044944
0.49019607843137253
0.32
0.2288135593220339
0.37168141592920356
0.4032258064516129
0.20689655172413793
0.2835820895522388
0.6666666666666666
0.48148148148148145
0.5701754385964912
0.35714285714285715
0.42857142857142855
0.21621621621621623
0.3142857142857143
0.8571428571428571
0.6095890410958904
0.4634146341463415
0.26119402985074625
0.5176991150442478
0.5897435897435898
0.7272727272727273
0.82
0.5333333333333333
0.13513513513513514
0.29069767441860467
0.423728813559322
0.5350877192982456
0.3904109589041096
0.20168067226890757
0.4801980198019802
0.8870967741935484
0.36666666666666664
0.4430379746835443
0.2971014492753623
0.33157894736842103
0.41025641025641024
0.5352941176470588
0.2222222222222222
0.23684210526315788
0.43537414965986393
0.44505494505494503
0.8717948717948718
0.42105263157894735
0.40816326530612246
0.23170731707317074
0.29333333333333333
0.29069767441860467
0.33146067415730335
0.2532467532467532
0.26
0.3
0.3105263157894737
0.3435374149659864
0.5344827586206896
0.3939393939393939
0.26666666666666666
0.4230769230769231
0.35185185185185186
0.3561643835616438
0.5754716981132075
0.7380952380952381
0.5303030303030303
0.2391304347826087
0.5606060606060606
0.5365853658536586
0.2903225806451613
0.32558139534883723
0.38524590163934425
0.6629213483146067
0.43333333333333335
0.3770491803278688
0.4909090909090909
0.47333333333333333
0.3048780487804878
0.33783783783783783
0.19047619047619047
0.43478260869565216
0.19047619047619047
0.18181818181818182
0.6507936507936508
0.43137254901960786
0.4117647058823529
0.6224489795918368
0.28431372549019607
0.3644067796610169
0.6744186046511628
0.17073170731707318
0.4666666666666667
0.5263157894736842
0.19696969696969696
0.32432432432432434
0.3787878787878788
0.6923076923076923
0.20588235294117646
0.5
0.4418604651162791
0.2857142857142857
0.543859649122807
0.42857142857142855
0.8461538461538461
0.3113207547169811
0.16666666666666666
0.3484848484848485
0.5151515151515151
0.27358490566037735
0.3673469387755102
0.045454545454545456
0.41379310344827586
0.27611940298507465
0.1896551724137931
0.3115942028985507
0.4230769230769231
0.3
0.34177215189873417
0.3333333333333333
0.6585365853658537
0.6463414634146342
0.4782608695652174
0.572463768115942
0.35365853658536583
0.5465116279069767
0.47761194029850745
0.7413793103448276
1.0
0.5169491525423728
0.3974358974358974
0.3813559322033898
0.43670886075949367
0.39908256880733944
0.35365853658536583
0.4777777777777778
0.4838709677419355
0.36
0.5597014925373134
0.4620253164556962
0.5510204081632653
0.3037974683544304
0.15384615384615385
0.09090909090909091
0.32926829268292684
0.3684210526315789
0.25396825396825395
0.35294117647058826
0.32222222222222224
0.7866666666666666
0.46153846153846156
0.32051282051282054
0.3979591836734694
0.10204081632653061
0.6182795698924731
0.3076923076923077
0.2857142857142857
0.4810126582278481
0.2222222222222222
0.3263157894736842
0.34444444444444444
0.2
0.5136986301369864
0.8571428571428571
0.7380952380952381
0.62
0.696078431372549
0.1792452830188679
0.44274809160305345
1.0
0.7666666666666667
0.2830188679245283
0.26666666666666666
0.5
0.26
0.29411764705882354
0.4090909090909091
0.4387755102040816
0.29411764705882354
0.43333333333333335
0.35384615384615387
0.3113207547169811
0.2647058823529412
0.45918367346938777
0.3115942028985507
0.2682926829268293
0.2169811320754717
0.24242424242424243
0.20408163265306123
0.2222222222222222
0.30701754385964913
0.6904761904761905
0.3181818181818182
0.3559322033898305
0.5
0.24358974358974358
0.1774193548387097
0.3793103448275862
0.3137254901960784
0.24
0.48717948717948717
0.5512820512820513
0.22807017543859648
0.45121951219512196
0.41044776119402987
0.2818181818181818
0.5144927536231884
0.3384615384615385
0.37272727272727274
0.31443298969072164
0.45384615384615384
0.4268292682926829
0.208955223880597
0.7551020408163265
0.5555555555555556
0.3695652173913043
0.46190476190476193
0.3769230769230769
0.37037037037037035
0.7258064516129032
0.40425531914893614
0.3488372093023256
0.45454545454545453
0.2564102564102564
0.4393939393939394
0.2692307692307692
0.21428571428571427
0.3045977011494253
0.3484848484848485
0.2640449438202247
0.6555555555555556
0.2
0.5135135135135135
0.4878048780487805
0.3142857142857143
0.2971014492753623
0.5581395348837209
0.3115942028985507
0.2777777777777778
0.4777777777777778
0.35555555555555557
0.20512820512820512
0.26666666666666666
0.576271186440678
0.3153846153846154
0.46923076923076923
0.37209302325581395
0.45555555555555555
0.3023255813953488
0.7
0.34408602150537637
0.3728813559322034
0.2857142857142857
0.6612903225806451
0.4473684210526316
0.48360655737704916
0.8333333333333334
0.4918032786885246
0.4387755102040816
0.4067796610169492
0.3923076923076923
0.3888888888888889
0.6428571428571429
0.48148148148148145
0.34210526315789475
0.41304347826086957
0.5704225352112676
0.36075949367088606
0.23728813559322035
0.18518518518518517
0.33544303797468356
0.4835164835164835
0.4056603773584906
0.2549019607843137
0.2391304347826087
0.5641025641025641
0.34
0.13043478260869565
0.3148148148148148
0.782608695652174
0.45918367346938777
0.15517241379310345
0.527027027027027
0.35185185185185186
0.391304347826087
0.391304347826087
0.38461538461538464
0.39473684210526316
0.36
0.24
0.2714285714285714
0.24074074074074073
0.5
0.5333333333333333
0.6097560975609756
0.7258064516129032
0.6
0.22
0.21794871794871795
0.3404255319148936
0.3333333333333333
0.25510204081632654
0.23170731707317074
0.43548387096774194
0.5151515151515151
0.573170731707317
0.4358974358974359
0.3372093023255814
0.2608695652173913
0.5116279069767442
0.29365079365079366
0.2830188679245283
0.39855072463768115
0.24390243902439024
0.5151515151515151
0.3684210526315789
0.7162162162162162
0.6595744680851063
0.7424242424242424
0.4473684210526316
0.35507246376811596
0.22
1.0
0.30303030303030304
0.7
0.17543859649122806
0.4339622641509434
0.39361702127659576
0.4387755102040816
0.3508771929824561
0.5754716981132075
0.4444444444444444
0.3695652173913043
0.64
0.5266666666666666
0.8113207547169812
0.35454545454545455
0.49056603773584906
0.4787234042553192
0.5172413793103449
0.5641025641025641
0.42727272727272725
0.4787234042553192
0.5483870967741935
0.4745762711864407
0.22093023255813954
0.2
0.2542372881355932
0.6774193548387096
0.30701754385964913
0.7647058823529411
0.26582278481012656
0.18518518518518517
0.19047619047619047
0.2413793103448276
0.47619047619047616
0.42063492063492064
0.2619047619047619
0.6229508196721312
0.1111111111111111
0.29411764705882354
0.2542372881355932
0.3950617283950617
0.4411764705882353
0.3352941176470588
0.3548387096774194
0.2786885245901639
0.3105263157894737
0.3219178082191781
0.3137254901960784
0.21052631578947367
0.4387755102040816
0.5704225352112676
0.23170731707317074
0.5161290322580645
0.4024390243902439
0.5555555555555556
0.23417721518987342
0.41836734693877553
0.4032258064516129
0.3469387755102041
0.3870967741935484
0.7424242424242424
0.47297297297297297
0.6060606060606061
0.5655737704918032
0.5616438356164384
0.47692307692307695
0.2967032967032967
0.45121951219512196
0.3939393939393939
0.43548387096774194
0.5434782608695652
0.34615384615384615
0.4393939393939394
0.11764705882352941
0.3888888888888889
0.5493827160493827
0.38235294117647056
0.3469387755102041
0.5370370370370371
0.2
0.2777777777777778
0.4158415841584158
0.13636363636363635
0.5540540540540541
0.41509433962264153
0.47368421052631576
0.44680851063829785
0.34210526315789475
0.4090909090909091
0.3780487804878049
0.5606060606060606
0.6551724137931034
0.3888888888888889
0.8709677419354839
0.2
0.6153846153846154
0.3888888888888889
0.4142857142857143
0.5777777777777777
0.36619718309859156
0.5454545454545454
0.5853658536585366
0.5674157303370787
0.4649122807017544
0.32075471698113206
0.15517241379310345
0.3723404255319149
0.6333333333333333
0.2073170731707317
0.52
0.6511627906976745
0.5454545454545454
0.3064516129032258
0.6410256410256411
0.2857142857142857
0.18421052631578946
0.36792452830188677
0.18571428571428572
0.30434782608695654
0.37142857142857144
0.5135135135135135
0.5263157894736842
0.27358490566037735
0.4
0.06
0.532258064516129
0.4857142857142857
0.0967741935483871
0.14
0.23684210526315788
0.6111111111111112
0.38271604938271603
0.7878787878787878
0.3275862068965517
0.3684210526315789
0.5342465753424658
0.7878787878787878
0.5
0.36666666666666664
0.5434782608695652
0.3181818181818182
0.5454545454545454
0.8823529411764706
0.2857142857142857
0.14285714285714285
0.6219512195121951
0.12
0.8709677419354839
0.5957446808510638
0.2692307692307692
0.3163265306122449
0.2671232876712329
0.47674418604651164
0.3163265306122449
0.4032258064516129
0.44339622641509435
0.2878787878787879
0.18292682926829268
0.3888888888888889
0.3695652173913043
0.2692307692307692
0.5204081632653061
0.6981132075471698
0.39215686274509803
0.4444444444444444
0.652542372881356
0.37209302325581395
0.1744186046511628
0.25675675675675674
0.2945205479452055
0.5087719298245614
0.4803921568627451
0.3137254901960784
0.4888888888888889
0.29310344827586204
0.13636363636363635
0.46774193548387094
0.4666666666666667
0.3103448275862069
0.5
0.11290322580645161
0.15384615384615385
0.3684210526315789
0.6296296296296297
0.42857142857142855
0.5434782608695652
0.5263157894736842
0.3404255319148936
0.18888888888888888
0.6153846153846154
0.4
0.18518518518518517
0.3923076923076923
0.3181818181818182
0.2894736842105263
0.3235294117647059
0.313953488372093
0.11538461538461539
0.6896551724137931
0.5
0.4482758620689655
0.4148936170212766
0.15384615384615385
0.30434782608695654
0.34513274336283184
0.46
0.37735849056603776
0.36046511627906974
0.15671641791044777
0.676056338028169
0.4368421052631579
0.23076923076923078
0.5777777777777777
0.19230769230769232
0.6111111111111112
0.4189189189189189
0.2169811320754717
0.41509433962264153
0.35294117647058826
0.32222222222222224
0.2857142857142857
0.8484848484848485
0.48
0.4014084507042254
0.3793103448275862
0.5616438356164384
0.2826086956521739
0.43209876543209874
0.4461538461538462
0.18253968253968253
0.27848101265822783
0.32558139534883723
0.5
0.28
0.28378378378378377
0.4444444444444444
0.2692307692307692
0.2222222222222222
0.2857142857142857
0.34782608695652173
0.2962962962962963
0.4666666666666667
0.1774193548387097
0.05263157894736842
0.23684210526315788
0.36486486486486486
0.5128205128205128
0.18085106382978725
0.3148148148148148
0.35714285714285715
0.19767441860465115
0.5
0.5348837209302325
0.46153846153846156
0.391304347826087
0.4
0.35106382978723405
0.28
0.4090909090909091
0.4111111111111111
0.6746031746031746
0.3888888888888889
0.5689655172413793
0.2536231884057971
0.23076923076923078
0.28205128205128205
0.6111111111111112
0.2857142857142857
0.17567567567567569
0.5
0.3
0.4418604651162791
0.2765957446808511
0.35714285714285715
0.19148936170212766
0.46511627906976744
0.14102564102564102
1.0
0.44680851063829785
0.66
0.2830188679245283
0.6226415094339622
0.7454545454545455
0.46774193548387094
0.5789473684210527
0.41304347826086957
0.30952380952380953
0.3191489361702128
0.5
0.36885245901639346
0.26
0.6896551724137931
0.2714285714285714
0.28169014084507044
0.2543859649122807
0.3870967741935484
0.5
0.38235294117647056
0.2288135593220339
0.4186046511627907
0.38095238095238093
0.5245901639344263
0.30851063829787234
0.8571428571428571
0.2878787878787879
0.21428571428571427
0.3303030303030303
0.3488372093023256
0.21428571428571427
0.2727272727272727
0.5847457627118644
0.26666666666666666
0.5555555555555556
0.2714285714285714
0.3783783783783784
0.6111111111111112
0.15789473684210525
0.23684210526315788
0.34782608695652173
0.19696969696969696
0.47674418604651164
0.6764705882352942
0.6714285714285714
0.15714285714285714
0.3333333333333333
0.3181818181818182
0.35714285714285715
0.15853658536585366
0.573170731707317
0.2
0.13333333333333333
0.07692307692307693
0.631578947368421
0.18421052631578946
0.5555555555555556
0.3582089552238806
0.6410256410256411
0.3170731707317073
0.26744186046511625
0.3404255319148936
0.7333333333333333
0.17391304347826086
0.6585365853658537
0.3111111111111111
0.12162162162162163
0.5294117647058824
0.37037037037037035
0.37209302325581395
0.37755102040816324
0.44
0.17142857142857143
0.581081081081081
0.2127659574468085
0.6756756756756757
0.35714285714285715
0.41935483870967744
0.47297297297297297
0.5882352941176471
0.8478260869565217
0.62
1.0
0.41025641025641024
0.5
0.6
0.41935483870967744
0.6777777777777778
0.6621621621621622
0.8717948717948718
0.5230769230769231
0.10606060606060606
0.7407407407407407
0.39655172413793105
0.1746031746031746
0.17391304347826086
0.410958904109589
1.0
0.6020408163265306
0.4594594594594595
0.5238095238095238
0.48148148148148145
0.37777777777777777
0.11016949152542373
0.5
0.2222222222222222
0.3113207547169811
0.4864864864864865
0.6216216216216216
0.37681159420289856
Min Sentence GLEU Score: 0.0
Max Sentence GLEU Score: 1.0
Average Sentence GLEU Score: 0.4088949871146935
Corpus Sentence GLEU Score: 0.37681159420289856
