0.46
0.4241379310344828
0.3185840707964602
0.49453551912568305
0.5629139072847682
0.3660436137071651
0.33221476510067116
0.5351351351351351
0.43243243243243246
0.4479768786127168
0.4041916167664671
0.3663101604278075
0.7165354330708661
0.5309734513274337
0.5297029702970297
0.4099099099099099
0.4100346020761246
0.47435897435897434
0.5185185185185185
0.3713450292397661
0.4440993788819876
0.4117647058823529
0.3907563025210084
0.6428571428571429
0.5148514851485149
0.4391304347826087
0.524
0.48518518518518516
0.3525835866261398
0.5121951219512195
0.41237113402061853
0.5442477876106194
0.6370370370370371
0.695364238410596
0.483739837398374
0.4308176100628931
0.423728813559322
0.6287128712871287
0.6036036036036037
0.5038167938931297
0.4777777777777778
0.5460122699386503
0.7264957264957265
0.7657657657657657
0.601010101010101
0.5105263157894737
0.29194630872483224
0.3460207612456747
0.4426751592356688
0.6371428571428571
0.3598130841121495
0.5772357723577236
0.545045045045045
0.6666666666666666
0.6521739130434783
0.562962962962963
0.5586206896551724
0.5811965811965812
0.42105263157894735
0.6287128712871287
0.72
0.7422680412371134
0.539568345323741
0.5523809523809524
0.9047619047619048
0.7595419847328244
0.40173410404624277
0.616
0.46846846846846846
0.45794392523364486
0.44715447154471544
0.5299145299145299
0.4470198675496689
0.5231788079470199
0.48598130841121495
0.4789915966386555
0.5650406504065041
0.6635514018691588
0.5631067961165048
0.536697247706422
0.7571428571428571
0.5504587155963303
0.5025125628140703
0.5757575757575758
0.6666666666666666
0.6194690265486725
0.7433628318584071
0.5726495726495726
0.5247524752475248
0.5578231292517006
0.6626016260162602
0.6122448979591837
0.5598290598290598
0.7027027027027027
0.48091603053435117
0.6619047619047619
0.7475247524752475
0.7433628318584071
0.5
0.4849624060150376
0.38484848484848483
Min Sentence GLEU Score: 0.29194630872483224
Max Sentence GLEU Score: 0.9047619047619048
Average Sentence GLEU Score: 0.5356472140885191
Corpus Sentence GLEU Score: 0.38484848484848483
