0.5714285714285714
0.5701754385964912
0.5232558139534884
0.6949152542372882
0.47058823529411764
0.7619047619047619
0.3
0.336734693877551
0.6081081081081081
0.7545454545454545
0.5350877192982456
0.46153846153846156
0.6571428571428571
0.8571428571428571
0.43243243243243246
0.6851851851851852
0.4824561403508772
0.5272727272727272
0.5853658536585366
0.8717948717948718
0.5
1.0
0.66
0.43023255813953487
1.0
0.7
0.35714285714285715
0.0
0.58
0.39344262295081966
0.2857142857142857
0.41509433962264153
1.0
0.6153846153846154
0.8870967741935484
0.7368421052631579
0.5555555555555556
0.4090909090909091
0.5909090909090909
0.7297297297297297
0.3148148148148148
0.18518518518518517
0.3225806451612903
1.0
1.0
0.7307692307692307
0.2857142857142857
0.7777777777777778
0.4393939393939394
0.3275862068965517
0.4444444444444444
0.6382978723404256
0.3181818181818182
0.516
0.5617283950617284
0.5448275862068965
0.7910447761194029
0.8703703703703703
0.5660377358490566
0.43548387096774194
0.8148148148148148
0.5645161290322581
0.6
0.4397590361445783
0.47058823529411764
0.5392156862745098
0.5571428571428572
0.1956521739130435
0.3023255813953488
0.30612244897959184
0.15384615384615385
0.45454545454545453
0.5
0.5425531914893617
0.2962962962962963
0.17391304347826086
0.2073170731707317
0.4666666666666667
0.2222222222222222
0.24193548387096775
0.5540540540540541
0.8275862068965517
0.5964912280701754
0.72
0.6428571428571429
0.8275862068965517
0.5540540540540541
0.3076923076923077
0.5370370370370371
0.5476190476190477
0.6296296296296297
0.5
0.4090909090909091
0.62
0.6428571428571429
0.4074074074074074
1.0
1.0
0.6951219512195121
1.0
0.6727272727272727
1.0
0.84
0.35714285714285715
0.41379310344827586
0.72
0.3
0.5765027322404371
0.72
0.5
0.7068965517241379
0.26666666666666666
0.28
0.2777777777777778
0.16666666666666666
0.6454545454545455
0.6794871794871795
0.34545454545454546
0.8
0.5866666666666667
0.7105263157894737
0.4411764705882353
0.8
0.4271523178807947
0.8309859154929577
0.0
0.6846153846153846
0.3613707165109034
0.22
1.0
0.5137931034482759
0.5648648648648649
1.0
0.26666666666666666
0.4838709677419355
1.0
0.6333333333333333
1.0
0.6271186440677966
0.391304347826087
0.2857142857142857
0.3271604938271605
0.8048780487804879
0.6756756756756757
0.5
0.21052631578947367
0.5
0.3333333333333333
0.6470588235294118
0.42592592592592593
0.391304347826087
0.7142857142857143
0.16666666666666666
0.7352941176470589
1.0
0.3333333333333333
0.4230769230769231
0.2826086956521739
1.0
0.3181818181818182
0.38461538461538464
0.5
0.22072072072072071
0.661849710982659
0.4311377245508982
0.5898876404494382
0.717391304347826
0.5977011494252874
0.5217391304347826
0.4473684210526316
0.6142857142857143
0.34
0.14705882352941177
0.6896551724137931
0.3064516129032258
0.5555555555555556
0.6545454545454545
0.6351351351351351
0.4714285714285714
0.30952380952380953
0.6588235294117647
0.4803921568627451
0.2222222222222222
0.6111111111111112
0.39655172413793105
0.7666666666666667
0.5405405405405406
0.37209302325581395
0.4358974358974359
0.631578947368421
1.0
0.15384615384615385
0.2608695652173913
0.5487804878048781
0.7142857142857143
0.6216216216216216
0.6
1.0
0.6
0.5
0.6666666666666666
0.5777777777777777
1.0
0.5597014925373134
1.0
0.6219512195121951
0.5517241379310345
0.4864864864864865
0.608433734939759
0.8461538461538461
0.5581395348837209
0.5555555555555556
0.5
0.12
0.7142857142857143
0.5185185185185185
0.8947368421052632
0.7272727272727273
1.0
0.15384615384615385
0.43023255813953487
0.6470588235294118
0.5377358490566038
1.0
0.4473684210526316
0.8157894736842105
0.5
0.5714285714285714
0.33783783783783783
0.27586206896551724
0.40476190476190477
0.42857142857142855
0.4074074074074074
0.5161290322580645
0.6063829787234043
0.2
0.46153846153846156
0.72
0.6142857142857143
0.4883720930232558
0.4782608695652174
0.72
0.7985074626865671
0.3870967741935484
0.48314606741573035
0.8275862068965517
0.4473684210526316
0.6333333333333333
1.0
0.2727272727272727
0.92
0.7906976744186046
0.38095238095238093
0.7878787878787878
0.5689655172413793
0.6727272727272727
0.07142857142857142
0.45652173913043476
1.0
0.7222222222222222
0.4782608695652174
0.5
0.5806451612903226
0.15384615384615385
0.3333333333333333
1.0
1.0
0.40476190476190477
0.8648648648648649
0.6851851851851852
0.3888888888888889
1.0
0.5172413793103449
0.5930232558139535
0.4
0.6206896551724138
0.6086956521739131
1.0
0.6764705882352942
0.0
0.39572192513368987
0.39622641509433965
0.6506849315068494
0.33636363636363636
0.6076923076923076
0.8648648648648649
0.5217391304347826
0.5280898876404494
0.3225806451612903
0.5196078431372549
0.8333333333333334
0.18181818181818182
0.5254237288135594
1.0
0.2608695652173913
0.5675675675675675
0.5645161290322581
0.38461538461538464
0.7058823529411765
0.6078431372549019
0.5507246376811594
0.746268656716418
0.45614035087719296
0.8090909090909091
0.14814814814814814
0.6521739130434783
0.782608695652174
0.4
0.5128205128205128
0.3717948717948718
0.14705882352941177
1.0
0.4482758620689655
0.2962962962962963
0.5869565217391305
0.18181818181818182
0.16666666666666666
0.8793103448275862
0.34210526315789475
0.5
0.39473684210526316
0.5344827586206896
0.2857142857142857
0.5
0.42857142857142855
0.18181818181818182
0.1
0.6111111111111112
0.5327868852459017
0.2878787878787879
0.2818181818181818
0.6181102362204725
0.9186046511627907
0.6956521739130435
0.5517241379310345
0.47619047619047616
0.6923076923076923
1.0
0.7619047619047619
0.5714285714285714
0.527027027027027
0.5617283950617284
0.38461538461538464
0.8
0.4444444444444444
0.512987012987013
0.5980392156862745
0.3305084745762712
0.5
0.46774193548387094
0.4230769230769231
0.7307692307692307
0.5492957746478874
0.6176470588235294
0.35714285714285715
1.0
0.6111111111111112
0.6666666666666666
0.603448275862069
0.8513513513513513
1.0
0.36619718309859156
0.4367816091954023
1.0
0.39361702127659576
0.5263157894736842
0.6052631578947368
0.7307692307692307
0.4247787610619469
0.6428571428571429
0.5327868852459017
0.6538461538461539
0.28169014084507044
0.5522388059701493
0.7241379310344828
0.42207792207792205
0.3137254901960784
0.36792452830188677
0.9056603773584906
0.5645161290322581
0.5196078431372549
0.48717948717948717
0.6881720430107527
0.6065573770491803
0.5746268656716418
0.4117647058823529
1.0
0.6111111111111112
1.0
0.8137254901960784
0.14285714285714285
0.5689655172413793
0.5806451612903226
1.0
0.6351351351351351
0.6941747572815534
1.0
0.42592592592592593
0.6851851851851852
0.7142857142857143
0.16666666666666666
0.4864864864864865
0.4793814432989691
0.5315315315315315
0.3
0.6470588235294118
0.4152542372881356
0.4523809523809524
0.782608695652174
0.7058823529411765
0.47435897435897434
0.34615384615384615
0.7222222222222222
0.32558139534883723
0.5303030303030303
0.3888888888888889
0.5
0.3
0.7352941176470589
0.7142857142857143
0.639344262295082
0.3793103448275862
0.5238095238095238
0.12962962962962962
0.5869565217391305
0.6595744680851063
0.3684210526315789
0.7021276595744681
0.0
0.16666666666666666
0.6764705882352942
0.5617283950617284
0.7313432835820896
0.5405405405405406
0.5909090909090909
1.0
1.0
0.5087719298245614
0.6349206349206349
0.7021276595744681
0.36585365853658536
0.6428571428571429
0.8666666666666667
0.6666666666666666
0.3333333333333333
0.36363636363636365
0.7142857142857143
0.8
0.5645161290322581
0.38235294117647056
0.7307692307692307
0.5294117647058824
0.16666666666666666
0.8247422680412371
0.22727272727272727
0.15789473684210525
0.8666666666666667
0.6621621621621622
0.6296296296296297
0.6551724137931034
0.6081081081081081
0.2777777777777778
0.8461538461538461
0.41379310344827586
0.5263157894736842
0.30392156862745096
0.40484429065743943
0.9259259259259259
0.15384615384615385
0.5111111111111111
0.6168831168831169
0.5909090909090909
0.5786516853932584
0.6111111111111112
0.72
0.4700854700854701
0.43548387096774194
0.5769230769230769
0.391304347826087
0.24193548387096775
0.4
0.7407407407407407
0.21052631578947367
0.5873015873015873
0.24603174603174602
0.2627118644067797
0.7127659574468085
0.5294117647058824
0.627906976744186
0.34615384615384615
0.7666666666666667
0.34444444444444444
0.5230769230769231
0.5925925925925926
0.5
0.5434782608695652
0.2777777777777778
0.8648648648648649
0.6842105263157895
0.8870967741935484
0.6379310344827587
0.7156862745098039
0.7682926829268293
0.34782608695652173
1.0
0.6111111111111112
0.524390243902439
0.5492957746478874
0.9152542372881356
0.4406779661016949
0.5
0.4678362573099415
0.47368421052631576
0.6836734693877551
0.42727272727272725
0.4298245614035088
0.16666666666666666
0.21739130434782608
0.0
1.0
0.0
1.0
0.5526315789473685
0.4857142857142857
0.5333333333333333
0.42857142857142855
0.24285714285714285
0.4090909090909091
0.5
0.7608695652173914
0.4473684210526316
0.7333333333333333
0.7058823529411765
0.16666666666666666
0.3333333333333333
0.6578947368421053
0.7368421052631579
0.29310344827586204
0.6818181818181818
0.5555555555555556
0.524390243902439
0.5
0.3783783783783784
0.6896551724137931
0.7307692307692307
0.36
0.22
0.5428571428571428
0.15384615384615385
0.7368421052631579
0.4117647058823529
0.5333333333333333
0.5
0.3333333333333333
1.0
0.7213114754098361
0.5964912280701754
0.5769230769230769
0.8936170212765957
0.6896551724137931
0.7307692307692307
1.0
0.3333333333333333
0.6
0.48
0.4189189189189189
0.24193548387096775
0.46
0.043478260869565216
0.422360248447205
0.3333333333333333
1.0
0.5185185185185185
0.22727272727272727
0.14285714285714285
0.3888888888888889
0.47619047619047616
0.5
1.0
0.22727272727272727
0.46153846153846156
0.7307692307692307
1.0
0.603448275862069
0.8783783783783784
0.5512820512820513
0.5952380952380952
0.5476190476190477
1.0
0.8
0.7424242424242424
0.5882352941176471
0.16
0.7352941176470589
0.2857142857142857
0.2
0.6025641025641025
0.35714285714285715
0.38571428571428573
0.34210526315789475
0.524390243902439
0.6382978723404256
0.43478260869565216
0.6428571428571429
0.6304347826086957
0.6428571428571429
0.6190476190476191
0.4824561403508772
0.7424242424242424
0.8636363636363636
0.581081081081081
0.42105263157894735
0.5413223140495868
0.6639344262295082
0.6176470588235294
0.7586206896551724
0.45698924731182794
0.38961038961038963
0.36507936507936506
1.0
0.5
1.0
0.5
0.5
0.1111111111111111
0.1111111111111111
1.0
0.18181818181818182
1.0
1.0
0.6
0.5
0.16666666666666666
0.3
0.3
0.2
0.7777777777777778
1.0
0.5
0.3333333333333333
0.8181818181818182
0.4
0.6463414634146342
0.7888888888888889
0.2692307692307692
0.6511627906976745
0.45652173913043476
0.14102564102564102
0.4696969696969697
0.44
0.2682926829268293
0.3888888888888889
1.0
1.0
0.5616438356164384
0.4
0.6440677966101694
0.4358974358974359
0.56
0.46
1.0
0.6081081081081081
0.42592592592592593
0.6707317073170732
0.8378378378378378
0.56
0.23076923076923078
0.18518518518518517
0.1
0.7142857142857143
0.5714285714285714
0.6086956521739131
0.3235294117647059
0.24
0.7777777777777778
0.8157894736842105
0.46153846153846156
0.5813953488372093
0.4696969696969697
0.46987951807228917
0.4626865671641791
0.36666666666666664
0.5
0.4444444444444444
0.631578947368421
0.19047619047619047
0.664179104477612
0.43478260869565216
0.46226415094339623
0.2692307692307692
0.64
0.34444444444444444
0.34444444444444444
0.3404255319148936
0.4672131147540984
0.4126984126984127
0.4
1.0
1.0
1.0
0.8333333333333334
1.0
0.4672131147540984
0.2037037037037037
0.38
0.6904761904761905
0.7040816326530612
0.42
0.8043478260869565
0.3695652173913043
0.2222222222222222
0.3076923076923077
0.3023255813953488
0.4879518072289157
0.2894736842105263
0.44594594594594594
0.5
0.5869565217391305
1.0
0.8
0.13333333333333333
0.7666666666666667
0.6555555555555556
0.6111111111111112
0.4666666666666667
0.2692307692307692
0.7142857142857143
0.6896551724137931
0.6
0.46
0.5909090909090909
0.6285714285714286
0.5555555555555556
1.0
1.0
0.37254901960784315
0.36
0.49295774647887325
0.5526315789473685
0.1
1.0
0.8275862068965517
0.6794871794871795
0.4387755102040816
0.6229508196721312
0.23076923076923078
0.5882352941176471
1.0
0.4411764705882353
0.3333333333333333
0.5581395348837209
0.5909090909090909
0.43333333333333335
0.9054054054054054
0.6530612244897959
0.6956521739130435
0.6632653061224489
0.5425531914893617
0.13333333333333333
0.34
0.47619047619047616
0.5
0.5169491525423728
0.14814814814814814
0.4387755102040816
0.3548387096774194
0.5
0.6818181818181818
0.9310344827586207
0.58
0.5
0.6
0.36
0.24193548387096775
0.37142857142857144
0.7702702702702703
0.6097560975609756
0.45454545454545453
0.6129032258064516
0.5
0.5
0.4714285714285714
1.0
0.5217391304347826
0.8387096774193549
0.6511627906976745
0.5882352941176471
0.5
0.7352941176470589
0.35185185185185186
0.4838709677419355
0.782608695652174
0.2777777777777778
0.6014492753623188
0.6764705882352942
0.42857142857142855
0.6060606060606061
0.3048780487804878
0.3333333333333333
0.3333333333333333
1.0
0.42857142857142855
1.0
0.0
0.3333333333333333
0.6724137931034483
0.5614035087719298
0.5666666666666667
0.6086956521739131
0.5909090909090909
0.3333333333333333
1.0
1.0
0.573170731707317
0.6326530612244898
0.7413793103448276
0.42105263157894735
0.5
0.3333333333333333
0.6333333333333333
0.7368421052631579
0.5512820512820513
0.4666666666666667
0.5952380952380952
0.4142857142857143
0.1935483870967742
0.35365853658536583
0.5263157894736842
0.5
0.6935483870967742
0.48
0.3709677419354839
1.0
0.3888888888888889
0.3333333333333333
0.4482758620689655
0.3333333333333333
0.1
0.391304347826087
0.22
0.5161290322580645
0.6551724137931034
0.5666666666666667
0.37142857142857144
0.40476190476190477
0.4473684210526316
0.52
0.5454545454545454
0.3181818181818182
0.14285714285714285
0.5675675675675675
0.35714285714285715
0.13157894736842105
0.3448275862068966
0.7666666666666667
0.2619047619047619
0.4473684210526316
0.7702702702702703
1.0
0.5158730158730159
0.3404255319148936
0.4339622641509434
0.7647058823529411
0.3469387755102041
0.43023255813953487
0.8636363636363636
0.42727272727272725
0.6688311688311688
0.7444444444444445
0.8571428571428571
0.4690721649484536
0.6595744680851063
0.5697674418604651
0.5238095238095238
0.5465116279069767
0.5
0.5846153846153846
0.14444444444444443
0.5569620253164557
0.7058823529411765
0.21084337349397592
0.21428571428571427
0.29591836734693877
0.5555555555555556
0.5925925925925926
0.4393939393939394
0.21428571428571427
0.7
0.2
0.5
0.3333333333333333
0.5
0.5348837209302325
0.6444444444444445
0.5408163265306123
0.4857142857142857
0.3
0.0
0.7033898305084746
0.36363636363636365
1.0
0.6732673267326733
0.6530612244897959
0.4
0.5058823529411764
0.6097560975609756
0.5081967213114754
1.0
1.0
0.8095238095238095
0.5975609756097561
0.336734693877551
0.6111111111111112
0.29310344827586204
0.5
1.0
1.0
0.4
0.23076923076923078
0.8012048192771084
0.3333333333333333
0.4
0.5
1.0
0.5303030303030303
0.5135135135135135
0.5818181818181818
0.54
0.3157894736842105
0.23529411764705882
0.20588235294117646
0.6551724137931034
0.2222222222222222
0.13333333333333333
0.43103448275862066
1.0
0.5476190476190477
0.5806451612903226
0.358974358974359
0.8108108108108109
0.3888888888888889
0.40476190476190477
0.5555555555555556
0.2
0.7413793103448276
1.0
1.0
0.7424242424242424
0.3448275862068966
1.0
0.36363636363636365
0.3
0.3793103448275862
0.6111111111111112
0.6090909090909091
0.5
0.45918367346938777
1.0
0.5434782608695652
0.6612903225806451
0.6216216216216216
1.0
0.4857142857142857
1.0
0.6764705882352942
0.2727272727272727
0.5
0.6818181818181818
0.6739130434782609
0.5
0.43243243243243246
0.6594202898550725
0.37142857142857144
0.6296296296296297
1.0
0.5
0.6842105263157895
0.36585365853658536
0.24358974358974358
0.8148148148148148
0.56
0.3023255813953488
1.0
0.72
0.4
0.4594594594594595
0.4326241134751773
0.336734693877551
0.5
1.0
0.6
0.4714285714285714
0.3333333333333333
0.6382978723404256
0.7307692307692307
0.2777777777777778
0.18518518518518517
0.5384615384615384
0.4230769230769231
0.43103448275862066
0.3373860182370821
0.5769230769230769
0.3492063492063492
0.7627118644067796
0.5517241379310345
0.35507246376811596
0.7959183673469388
0.7666666666666667
0.5555555555555556
1.0
0.47368421052631576
0.6666666666666666
0.4117647058823529
0.36363636363636365
0.2727272727272727
0.6111111111111112
0.8292682926829268
1.0
0.3103448275862069
0.6666666666666666
0.4830508474576271
0.3225806451612903
0.7941176470588235
0.8333333333333334
0.6451612903225806
0.42105263157894735
0.24
0.5
0.5777777777777777
0.5531914893617021
1.0
0.3979591836734694
0.6111111111111112
0.3783783783783784
0.2692307692307692
0.35294117647058826
0.5952380952380952
0.5
0.7027027027027027
0.3230769230769231
0.4523809523809524
0.5769230769230769
1.0
0.5645161290322581
0.4298245614035088
0.8148148148148148
0.7456140350877193
1.0
0.5555555555555556
0.0
1.0
0.20967741935483872
0.8
0.5384615384615384
0.4387755102040816
0.532258064516129
0.5256410256410257
0.6857142857142857
0.4482758620689655
0.5545454545454546
0.4069767441860465
0.26666666666666666
0.34285714285714286
0.4576271186440678
0.6702127659574468
0.6111111111111112
0.44285714285714284
0.34615384615384615
1.0
0.3157894736842105
0.7142857142857143
0.8717948717948718
0.6587301587301587
0.6333333333333333
0.6864406779661016
0.6456692913385826
0.7941176470588235
1.0
0.0
0.8783783783783784
0.6666666666666666
0.41836734693877553
0.7941176470588235
0.45652173913043476
0.8157894736842105
1.0
0.15384615384615385
0.7666666666666667
0.46153846153846156
0.7368421052631579
0.3076923076923077
0.23076923076923078
0.35714285714285715
1.0
0.6666666666666666
0.2857142857142857
0.7941176470588235
0.5975609756097561
1.0
0.8148148148148148
0.2857142857142857
0.15789473684210525
0.7619047619047619
0.7058823529411765
0.3333333333333333
0.6142857142857143
0.52
0.6666666666666666
0.7941176470588235
1.0
0.5555555555555556
0.4230769230769231
1.0
0.6666666666666666
0.26
1.0
0.72
0.6
0.5945945945945946
0.5821917808219178
1.0
0.2037037037037037
0.2545454545454545
0.7127659574468085
0.7872340425531915
0.1724137931034483
0.0
0.1935483870967742
0.2857142857142857
0.42783505154639173
1.0
0.6551724137931034
0.14285714285714285
0.6234567901234568
0.7631578947368421
0.0
0.6886792452830188
0.27419354838709675
1.0
1.0
0.19230769230769232
0.7
0.34210526315789475
0.5555555555555556
0.7586206896551724
0.6666666666666666
0.4827586206896552
1.0
0.45454545454545453
0.48148148148148145
0.7666666666666667
0.5
0.6296296296296297
0.7352941176470589
0.16666666666666666
1.0
0.5
0.6818181818181818
0.4189189189189189
0.5408163265306123
0.9
0.4358974358974359
0.5901639344262295
0.5886075949367089
1.0
0.5645161290322581
0.3684210526315789
0.29411764705882354
0.5
0.6231884057971014
0.6
0.689873417721519
0.6707317073170732
0.6781609195402298
0.927536231884058
0.6
0.3333333333333333
0.16666666666666666
1.0
0.4
0.21428571428571427
0.5689655172413793
0.330188679245283
0.25806451612903225
0.27586206896551724
0.8837209302325582
0.29310344827586204
0.5517241379310345
0.7073170731707317
0.6707317073170732
1.0
0.44285714285714284
1.0
0.3333333333333333
0.2755102040816326
0.6056338028169014
0.5319148936170213
1.0
0.7054794520547946
0.47619047619047616
0.5
0.6571428571428571
0.6818181818181818
0.7631578947368421
0.35294117647058826
0.3469387755102041
0.3717948717948718
0.5857142857142857
0.4230769230769231
0.4268292682926829
0.5517241379310345
0.4661016949152542
0.5
1.0
0.7894736842105263
0.7258064516129032
0.5
0.5929203539823009
1.0
0.5866666666666667
1.0
0.5
0.6507936507936508
0.6111111111111112
0.2
0.42424242424242425
1.0
0.5084745762711864
0.5172413793103449
0.8207547169811321
0.35294117647058826
0.6790123456790124
0.47802197802197804
0.5714285714285714
1.0
0.3333333333333333
0.6
0.7586206896551724
0.6666666666666666
0.4222222222222222
0.2230769230769231
0.7162162162162162
0.8461538461538461
0.8292682926829268
1.0
0.0
0.3333333333333333
0.5980392156862745
0.4661016949152542
0.7586206896551724
0.37037037037037035
0.8
0.34210526315789475
1.0
0.22727272727272727
0.2826086956521739
1.0
0.8333333333333334
0.26744186046511625
0.5846153846153846
0.3333333333333333
1.0
0.3888888888888889
0.6052631578947368
0.6702127659574468
0.43243243243243246
0.7571428571428571
0.5161290322580645
0.6571428571428571
0.38461538461538464
0.5689655172413793
0.8571428571428571
0.7619047619047619
1.0
0.5454545454545454
0.21428571428571427
0.7070707070707071
0.5512820512820513
0.5816326530612245
0.6666666666666666
0.6119402985074627
0.6046511627906976
0.40816326530612246
0.78
0.4411764705882353
0.5588235294117647
0.6122448979591837
0.5066225165562914
0.24324324324324326
0.8
0.7272727272727273
0.5229885057471264
0.7941176470588235
0.6351351351351351
0.5
0.7368421052631579
1.0
0.42105263157894735
0.8333333333333334
0.9081632653061225
0.86
0.5882352941176471
1.0
0.6851851851851852
0.35365853658536583
0.23333333333333334
0.676923076923077
0.4528301886792453
0.46078431372549017
0.6153846153846154
0.7121212121212122
0.8378378378378378
0.23333333333333334
0.6428571428571429
0.7352941176470589
0.8195876288659794
0.516260162601626
0.6176470588235294
0.32
0.6744186046511628
0.5746268656716418
0.2631578947368421
0.34146341463414637
0.5641025641025641
1.0
0.6
0.49122807017543857
1.0
0.6111111111111112
0.6530612244897959
0.6714285714285714
0.4
0.7432432432432432
0.4
0.43103448275862066
0.24242424242424243
0.6
0.7558139534883721
0.33783783783783783
0.7758620689655172
0.5434782608695652
0.5789473684210527
0.9047619047619048
0.6333333333333333
0.2
0.21428571428571427
0.17391304347826086
0.7413793103448276
0.2391304347826087
0.8484848484848485
0.47058823529411764
0.6170212765957447
0.35135135135135137
0.3333333333333333
0.6739130434782609
0.5689655172413793
0.35185185185185186
0.17647058823529413
0.5
0.5172413793103449
0.5526315789473685
0.6555555555555556
0.3787878787878788
0.3617021276595745
0.487012987012987
0.39215686274509803
0.3867924528301887
0.7285714285714285
0.3553459119496855
0.7941176470588235
0.5254237288135594
0.1
0.7380952380952381
0.547945205479452
0.7435897435897436
0.6063829787234043
0.6078431372549019
0.45081967213114754
0.3979591836734694
1.0
0.3787878787878788
0.52
0.40963855421686746
0.5102040816326531
0.54
0.5117647058823529
0.30303030303030304
0.25862068965517243
0.5402298850574713
0.27419354838709675
0.6981132075471698
0.5529411764705883
0.46
0.32926829268292684
0.6951219512195121
0.7384615384615385
0.723404255319149
0.78
0.5465116279069767
0.5638297872340425
0.5445544554455446
0.3902439024390244
0.46
0.5943396226415094
0.2692307692307692
1.0
0.6951219512195121
0.5616438356164384
0.5425531914893617
0.0
0.45454545454545453
0.5853658536585366
0.7272727272727273
0.5786516853932584
0.46296296296296297
0.7682926829268293
0.7542372881355932
1.0
0.5823529411764706
0.6938775510204082
0.2692307692307692
0.5660377358490566
1.0
0.49230769230769234
0.627906976744186
0.3225806451612903
0.48717948717948717
0.7586206896551724
0.6
1.0
0.8275862068965517
0.7666666666666667
0.7536231884057971
0.2857142857142857
0.5
0.7446808510638298
0.5111111111111111
0.3333333333333333
0.6119402985074627
0.6
0.8444444444444444
0.7142857142857143
0.14814814814814814
1.0
0.6666666666666666
0.3333333333333333
1.0
0.47058823529411764
0.4411764705882353
0.4473684210526316
0.7619047619047619
0.631578947368421
0.8484848484848485
0.6
0.8372093023255814
0.6052631578947368
0.43333333333333335
0.2857142857142857
0.35714285714285715
0.5263157894736842
0.2692307692307692
0.7
0.7432432432432432
0.7777777777777778
0.8333333333333334
0.5689655172413793
0.5952380952380952
0.5319148936170213
0.2692307692307692
0.62
0.40540540540540543
0.36
0.6285714285714286
0.5761904761904761
0.44
0.2982456140350877
0.42207792207792205
0.7560975609756098
0.47619047619047616
0.32
0.44545454545454544
0.5555555555555556
0.34615384615384615
0.6666666666666666
0.30303030303030304
0.5847457627118644
0.8648648648648649
0.782608695652174
0.7258064516129032
0.6395348837209303
1.0
0.41935483870967744
0.5645161290322581
0.6046511627906976
1.0
0.4444444444444444
0.7926829268292683
0.5172413793103449
0.3695652173913043
0.46551724137931033
0.4189189189189189
0.5
0.5
0.782608695652174
0.5370370370370371
0.5
0.6153846153846154
0.33783783783783783
0.52
0.7241379310344828
0.45348837209302323
0.581081081081081
0.7560975609756098
0.3163265306122449
0.7222222222222222
0.4230769230769231
0.6666666666666666
0.8333333333333334
0.5434782608695652
0.5454545454545454
0.3448275862068966
0.6551724137931034
0.48148148148148145
1.0
0.8
1.0
0.8108108108108109
0.686046511627907
0.27419354838709675
0.7857142857142857
1.0
0.8648648648648649
0.631578947368421
0.5813953488372093
0.6363636363636364
0.35365853658536583
0.7857142857142857
0.4603174603174603
0.38461538461538464
0.8137254901960784
0.6666666666666666
0.8387096774193549
0.45348837209302323
0.13157894736842105
0.8461538461538461
0.7105263157894737
0.5
0.4358974358974359
0.32653061224489793
0.5454545454545454
0.4
0.5
0.43333333333333335
0.5666666666666667
0.9130434782608695
0.2857142857142857
0.8260869565217391
0.6923076923076923
0.38235294117647056
0.5
0.527027027027027
1.0
0.40540540540540543
0.46296296296296297
0.8404255319148937
0.7619047619047619
0.19230769230769232
0.56
0.336734693877551
0.423728813559322
0.6636363636363637
0.5802469135802469
0.7982456140350878
0.0
0.6595744680851063
0.7764705882352941
0.5204081632653061
0.43137254901960786
0.39552238805970147
0.42
0.6307692307692307
0.7428571428571429
0.2222222222222222
0.5652173913043478
0.7307692307692307
0.5434782608695652
0.7755102040816326
0.23529411764705882
1.0
0.6052631578947368
0.7222222222222222
0.5555555555555556
0.45652173913043476
0.6046511627906976
1.0
0.47058823529411764
0.7666666666666667
0.54
0.7428571428571429
0.7203389830508474
0.5370370370370371
0.6853932584269663
0.6206896551724138
0.8205128205128205
0.7692307692307693
0.46808510638297873
0.4090909090909091
0.35294117647058826
0.8275862068965517
0.36
0.7333333333333333
0.4857142857142857
0.6
0.5135135135135135
0.2413793103448276
0.47619047619047616
0.6714285714285714
0.82
0.6326530612244898
0.16216216216216217
0.54
0.2894736842105263
0.7121212121212122
0.30434782608695654
0.14285714285714285
0.8387096774193549
0.21428571428571427
0.4782608695652174
1.0
0.8548387096774194
0.8
0.64
0.7631578947368421
0.22727272727272727
0.5
1.0
0.4032258064516129
0.5487804878048781
0.38372093023255816
0.43902439024390244
1.0
0.8717948717948718
0.7209302325581395
0.40476190476190477
0.7758620689655172
1.0
0.5133333333333333
0.5483870967741935
0.6818181818181818
0.9186046511627907
0.32608695652173914
0.4574468085106383
0.3709677419354839
0.8108108108108109
0.5952380952380952
0.8108108108108109
0.4701492537313433
1.0
0.696969696969697
0.41304347826086957
0.7714285714285715
0.7407407407407407
1.0
0.4661016949152542
0.5754716981132075
0.5909090909090909
0.32432432432432434
0.5571428571428572
0.5
0.6707317073170732
0.7872340425531915
0.78
0.6666666666666666
0.527027027027027
0.6463414634146342
0.38461538461538464
0.573170731707317
0.42
0.39436619718309857
0.7285714285714285
0.5967741935483871
0.47619047619047616
0.8191489361702128
0.4777777777777778
1.0
0.6379310344827587
0.6212121212121212
0.6
0.3333333333333333
0.6081081081081081
1.0
0.8272727272727273
0.47368421052631576
1.0
0.32432432432432434
0.8591549295774648
0.5526315789473685
1.0
0.7619047619047619
0.5212765957446809
0.25510204081632654
0.6379310344827587
0.5952380952380952
0.5588235294117647
0.6296296296296297
0.7941176470588235
1.0
0.72
0.28378378378378377
0.7307692307692307
0.5
0.22857142857142856
0.8387096774193549
0.5217391304347826
0.5666666666666667
0.4782608695652174
1.0
0.23076923076923078
0.5151515151515151
0.5303030303030303
1.0
0.72
0.34615384615384615
0.2647058823529412
1.0
0.6666666666666666
1.0
0.6956521739130435
0.23684210526315788
0.6
0.47058823529411764
0.42857142857142855
0.6216216216216216
0.3695652173913043
1.0
0.23529411764705882
0.5333333333333333
0.5
0.7777777777777778
0.7733333333333333
0.7266666666666667
0.66
0.5773195876288659
0.6475409836065574
1.0
0.42857142857142855
0.41379310344827586
1.0
0.2857142857142857
0.8157894736842105
0.4019607843137255
0.2608695652173913
0.27611940298507465
0.3870967741935484
0.46774193548387094
0.47619047619047616
0.5
0.7
0.5925925925925926
0.46551724137931033
0.14
0.6153846153846154
0.46
0.44285714285714284
1.0
0.5
1.0
1.0
0.7209302325581395
0.17142857142857143
0.41228070175438597
0.5
0.7096774193548387
0.4083969465648855
0.5957446808510638
0.8095238095238095
0.417910447761194
0.7777777777777778
0.5909090909090909
0.5
0.5882352941176471
0.5740740740740741
0.21212121212121213
0.45714285714285713
1.0
0.5
0.6851851851851852
0.9180327868852459
0.6296296296296297
0.7051282051282052
0.8627450980392157
0.8
0.5
1.0
1.0
1.0
0.6666666666666666
0.86
0.7307692307692307
0.5952380952380952
0.8043478260869565
0.3181818181818182
0.40540540540540543
0.2826086956521739
0.41379310344827586
0.2222222222222222
0.6
0.6276595744680851
0.3157894736842105
0.5555555555555556
0.5555555555555556
0.7941176470588235
0.10526315789473684
0.6956521739130435
0.5909090909090909
0.0
1.0
1.0
0.58
0.5526315789473685
1.0
0.2
0.6551724137931034
0.21428571428571427
0.47560975609756095
0.32075471698113206
0.8181818181818182
0.5245901639344263
0.7127659574468085
1.0
0.3333333333333333
1.0
0.8554216867469879
0.7627118644067796
0.5869565217391305
0.36666666666666664
1.0
0.5581395348837209
0.7407407407407407
1.0
1.0
0.3333333333333333
0.7307692307692307
0.6956521739130435
0.18421052631578946
0.40476190476190477
0.5294117647058824
0.3275862068965517
0.6219512195121951
0.8111111111111111
0.6774193548387096
0.7702702702702703
0.5476190476190477
0.5333333333333333
0.16666666666666666
0.0
0.6020408163265306
0.52
0.43333333333333335
0.4601226993865031
0.6068376068376068
0.7941176470588235
0.34782608695652173
0.13157894736842105
1.0
1.0
0.7368421052631579
0.46296296296296297
0.4
0.5454545454545454
0.26666666666666666
0.6567164179104478
0.6304347826086957
0.46226415094339623
0.14285714285714285
0.5
0.6744186046511628
0.7096774193548387
0.6904761904761905
1.0
0.5615384615384615
0.6909090909090909
0.2857142857142857
0.5333333333333333
0.5444444444444444
0.3695652173913043
0.5217391304347826
0.6
0.36666666666666664
1.0
0.24358974358974358
0.4074074074074074
0.6764705882352942
0.6379310344827587
0.1951219512195122
0.5957446808510638
0.3717948717948718
0.2
0.16
1.0
0.8823529411764706
0.23684210526315788
0.5645161290322581
0.23076923076923078
0.4090909090909091
0.8461538461538461
0.5757575757575758
0.6818181818181818
0.3974358974358974
0.5217391304347826
0.32558139534883723
0.8478260869565217
1.0
0.7297297297297297
0.5
0.30526315789473685
0.3076923076923077
1.0
0.38
1.0
0.6792452830188679
1.0
0.13333333333333333
1.0
0.5465116279069767
0.5303030303030303
0.6666666666666666
0.38235294117647056
0.8043478260869565
0.3148148148148148
0.5
0.5714285714285714
0.7058823529411765
0.5
0.6078431372549019
0.7352941176470589
1.0
0.6521739130434783
1.0
0.42857142857142855
0.5901639344262295
0.5555555555555556
0.5866666666666667
0.4175824175824176
0.6909090909090909
0.7168674698795181
0.6333333333333333
0.3333333333333333
0.0
0.8571428571428571
0.5606060606060606
0.7424242424242424
0.5
0.6666666666666666
0.7087912087912088
0.6666666666666666
0.7209302325581395
0.15714285714285714
1.0
0.45454545454545453
0.7454545454545455
0.5384615384615384
0.7657657657657657
0.6123595505617978
0.6274509803921569
0.5510204081632653
0.8333333333333334
0.5
0.4883720930232558
0.6956521739130435
0.4074074074074074
0.3064516129032258
0.7
0.6428571428571429
0.7413793103448276
0.22727272727272727
0.44
0.8666666666666667
0.8444444444444444
0.47297297297297297
0.5797101449275363
0.34615384615384615
0.4838709677419355
0.6571428571428571
0.5217391304347826
0.3695652173913043
0.18181818181818182
0.22727272727272727
0.5
0.5483870967741935
0.5
0.45121951219512196
0.6338028169014085
0.5196078431372549
0.8095238095238095
0.7051282051282052
0.4696969696969697
0.46296296296296297
0.5727272727272728
0.5423728813559322
0.6063829787234043
0.8108108108108109
0.45098039215686275
1.0
0.8
0.3404255319148936
0.8648648648648649
0.44594594594594594
0.4777777777777778
0.6428571428571429
0.6555555555555556
0.6111111111111112
0.5980392156862745
0.29069767441860467
0.47435897435897434
0.6086956521739131
0.5
0.7096774193548387
0.5232558139534884
0.49382716049382713
0.05555555555555555
0.7682926829268293
0.7631578947368421
0.32608695652173914
0.14285714285714285
0.6122448979591837
0.7068965517241379
0.5333333333333333
0.7142857142857143
0.45454545454545453
0.717391304347826
0.2619047619047619
0.5
0.6578947368421053
1.0
0.5128205128205128
0.4782608695652174
1.0
0.52
0.7049180327868853
1.0
0.5588235294117647
0.2692307692307692
0.3787878787878788
0.6176470588235294
0.5555555555555556
0.8484848484848485
0.5135135135135135
0.44594594594594594
1.0
0.676923076923077
0.6521739130434783
0.7666666666666667
0.18421052631578946
0.5757575757575758
0.7619047619047619
0.5
0.7037037037037037
0.6285714285714286
0.5714285714285714
0.7352941176470589
0.5909090909090909
0.19230769230769232
0.6111111111111112
0.4
0.7352941176470589
1.0
0.7894736842105263
0.7333333333333333
0.626984126984127
0.54
0.14285714285714285
0.4069767441860465
1.0
0.6744186046511628
0.7307692307692307
0.46551724137931033
0.22727272727272727
0.5862068965517241
0.7105263157894737
0.09259259259259259
0.47619047619047616
0.5303030303030303
0.782608695652174
0.34615384615384615
0.4090909090909091
0.6081081081081081
0.36666666666666664
0.12962962962962962
0.7533333333333333
0.3225806451612903
0.5
0.24
0.3
0.7837837837837838
0.9259259259259259
0.6794871794871795
0.6956521739130435
0.38235294117647056
0.8181818181818182
0.723404255319149
1.0
0.8
0.45714285714285713
0.5941176470588235
0.5
0.22413793103448276
0.7461538461538462
0.7676767676767676
0.5769230769230769
0.42063492063492064
0.7666666666666667
0.7153846153846154
0.7786885245901639
0.5727272727272728
0.5194805194805194
0.38571428571428573
0.3448275862068966
0.7333333333333333
0.8734177215189873
0.5306122448979592
0.4666666666666667
0.5
0.7368421052631579
0.7
1.0
0.5652173913043478
0.3103448275862069
0.4574468085106383
0.4727272727272727
0.5263157894736842
0.4111111111111111
0.543859649122807
0.09090909090909091
0.4090909090909091
0.46153846153846156
0.46629213483146065
0.6415094339622641
0.6421052631578947
0.463855421686747
0.4012345679012346
0.7741935483870968
0.34210526315789475
0.3709677419354839
0.7444444444444445
0.5333333333333333
1.0
0.5135135135135135
0.5370370370370371
0.6095890410958904
0.7558139534883721
0.6206896551724138
0.7894736842105263
0.4090909090909091
0.9054054054054054
0.23529411764705882
0.5818181818181818
0.2571428571428571
1.0
0.6382978723404256
0.8188405797101449
0.5882352941176471
0.8275862068965517
1.0
0.7560975609756098
0.32432432432432434
0.6530612244897959
0.8442622950819673
0.6521739130434783
0.37209302325581395
0.5
0.3225806451612903
0.37037037037037035
0.42
0.40594059405940597
0.4661016949152542
0.44776119402985076
0.14
0.7878787878787878
0.72
0.5740740740740741
0.45652173913043476
0.527027027027027
0.34210526315789475
0.23684210526315788
0.8
0.21052631578947367
0.3469387755102041
0.24444444444444444
0.5930232558139535
0.8448275862068966
0.521505376344086
0.8823529411764706
0.14285714285714285
0.7068965517241379
0.4636363636363636
0.7472527472527473
0.6349206349206349
0.4146341463414634
0.7714285714285715
0.4418604651162791
0.6395348837209303
0.82
1.0
0.6
0.45263157894736844
0.3422818791946309
0.35813148788927335
0.4299363057324841
0.6538461538461539
0.4550561797752809
0.8
0.5
0.6585365853658537
0.7333333333333333
0.3492063492063492
0.5769230769230769
0.43617021276595747
0.7066666666666667
0.4857142857142857
0.8387096774193549
0.6967213114754098
0.2804878048780488
0.5487804878048781
0.5851063829787234
0.5111111111111111
0.3627450980392157
0.4810126582278481
0.3333333333333333
0.5714285714285714
0.7068965517241379
0.7872340425531915
0.5324675324675324
1.0
0.574468085106383
0.6914893617021277
0.3111111111111111
0.6170212765957447
0.7452830188679245
0.8979591836734694
0.6638655462184874
0.47714285714285715
0.7358490566037735
0.5813953488372093
0.2777777777777778
0.3
0.43333333333333335
1.0
0.6052631578947368
1.0
0.5434782608695652
0.5882352941176471
0.5689655172413793
0.2
0.6
1.0
0.5864197530864198
0.8148148148148148
0.4888888888888889
0.5933333333333334
1.0
0.5686274509803921
0.6065573770491803
0.7941176470588235
0.5588235294117647
0.3974358974358974
0.5465116279069767
0.5263157894736842
0.5350877192982456
0.8275862068965517
0.4823529411764706
0.62
0.7183098591549296
0.3333333333333333
0.6147540983606558
0.4859154929577465
0.5454545454545454
0.3333333333333333
0.6
0.3333333333333333
0.3333333333333333
0.9047619047619048
0.7571428571428571
0.6842105263157895
0.37142857142857144
0.46774193548387094
0.4647887323943662
0.4
0.22727272727272727
0.3333333333333333
0.5
0.5882352941176471
0.6904761904761905
0.3064516129032258
0.7380952380952381
0.7553191489361702
0.35294117647058826
0.35714285714285715
0.313953488372093
0.42857142857142855
0.5714285714285714
0.7297297297297297
0.7
0.5217391304347826
0.7586206896551724
0.21052631578947367
0.5
0.5862068965517241
0.7209302325581395
0.7142857142857143
0.6666666666666666
0.6282051282051282
0.3
0.5769230769230769
0.8085106382978723
0.6219512195121951
1.0
0.6320754716981132
0.6666666666666666
0.7407407407407407
0.39215686274509803
0.24444444444444444
0.13333333333333333
0.6836734693877551
0.38461538461538464
0.19047619047619047
0.2714285714285714
0.2
0.6274509803921569
1.0
0.4696969696969697
0.22807017543859648
0.44
0.8372093023255814
0.5714285714285714
0.7631578947368421
1.0
0.7727272727272727
0.8870967741935484
1.0
0.46153846153846156
1.0
0.42857142857142855
0.7352941176470589
0.6578947368421053
0.7888888888888889
0.5671641791044776
0.2631578947368421
0.7846153846153846
0.7222222222222222
0.8444444444444444
0.6363636363636364
0.7456140350877193
0.5333333333333333
0.39655172413793105
0.6176470588235294
0.4574468085106383
0.8181818181818182
0.4186046511627907
0.6538461538461539
1.0
0.4523809523809524
0.5652173913043478
0.5769230769230769
0.6956521739130435
0.5272727272727272
0.5952380952380952
0.782608695652174
0.5
0.41228070175438597
0.19230769230769232
0.5
0.6111111111111112
1.0
0.696078431372549
0.6612903225806451
0.5363636363636364
0.4782608695652174
0.6744186046511628
0.532258064516129
0.6951219512195121
1.0
0.686046511627907
0.9259259259259259
0.42857142857142855
0.0
0.47368421052631576
0.6578947368421053
1.0
0.6395348837209303
0.48148148148148145
0.46551724137931033
0.42857142857142855
0.41304347826086957
0.6333333333333333
1.0
1.0
0.4
0.6645569620253164
0.5952380952380952
0.7894736842105263
0.6764705882352942
0.4418604651162791
0.42857142857142855
0.6285714285714286
0.6702127659574468
0.9102564102564102
0.7586206896551724
0.47297297297297297
0.7380952380952381
0.7168674698795181
1.0
0.5967741935483871
0.5645161290322581
0.46153846153846156
1.0
0.0
0.7380952380952381
0.6351351351351351
0.5128205128205128
0.5888888888888889
1.0
0.2549019607843137
0.5714285714285714
0.3656716417910448
0.5384615384615384
0.4634146341463415
0.5697674418604651
0.573170731707317
0.5
0.5579710144927537
0.7702702702702703
0.48148148148148145
0.631578947368421
0.7380952380952381
0.5365853658536586
0.6702127659574468
0.30434782608695654
0.5
0.43846153846153846
0.4691358024691358
0.4153846153846154
0.4222222222222222
0.5
0.5384615384615384
0.3902439024390244
0.3076923076923077
0.4725274725274725
0.5
0.36363636363636365
0.5297029702970297
0.5
0.35135135135135137
1.0
0.2857142857142857
0.5757575757575758
0.5483870967741935
0.5434782608695652
0.5764705882352941
0.5
1.0
0.7368421052631579
0.4142857142857143
0.38571428571428573
0.5
0.5869565217391305
0.8478260869565217
0.8484848484848485
0.44029850746268656
0.3898305084745763
0.5609756097560976
0.5806451612903226
0.38181818181818183
0.6896551724137931
0.7741935483870968
0.8148148148148148
0.6415094339622641
0.536036036036036
0.6956521739130435
1.0
0.7073170731707317
0.3048780487804878
0.7238805970149254
0.4238095238095238
0.8095238095238095
0.5
0.5506329113924051
0.5512820512820513
0.5454545454545454
0.8387096774193549
0.4931506849315068
0.7804878048780488
1.0
0.5324675324675324
0.688034188034188
0.5714285714285714
0.6222222222222222
0.3888888888888889
0.2777777777777778
0.5882352941176471
0.5
0.6896551724137931
0.8488372093023255
0.4523809523809524
0.7380952380952381
0.4666666666666667
0.8043478260869565
0.6666666666666666
0.7926829268292683
0.7333333333333333
0.8518518518518519
0.46153846153846156
0.803921568627451
0.4142857142857143
0.40476190476190477
0.5161290322580645
0.3
0.2
0.8484848484848485
0.8043478260869565
0.6702127659574468
0.8953488372093024
0.8589743589743589
0.8
0.5882352941176471
0.6666666666666666
0.7619047619047619
0.2
0.5675675675675675
0.5512820512820513
0.5425531914893617
0.5476190476190477
0.7951807228915663
0.7142857142857143
0.72
0.44
0.7619047619047619
0.5806451612903226
0.6351351351351351
0.4696969696969697
0.34210526315789475
0.8043478260869565
0.6491228070175439
0.6153846153846154
0.6379310344827587
0.5111111111111111
0.6226415094339622
0.5942028985507246
0.7465753424657534
0.2857142857142857
1.0
1.0
0.42
0.5
0.40476190476190477
0.7631578947368421
0.38461538461538464
0.7307692307692307
0.4827586206896552
0.46296296296296297
1.0
0.6382978723404256
0.6153846153846154
0.5636363636363636
0.5847457627118644
0.8793103448275862
0.5476190476190477
0.6
0.3974358974358974
0.6153846153846154
0.6923076923076923
0.7285714285714285
0.7058823529411765
0.46938775510204084
0.7127659574468085
0.6228070175438597
0.6538461538461539
0.7352941176470589
0.5897435897435898
0.8679245283018868
0.4411764705882353
0.2948717948717949
0.6538461538461539
0.7258064516129032
0.4111111111111111
0.7241379310344828
0.6081081081081081
0.7674418604651163
1.0
0.38
1.0
0.2631578947368421
0.6
0.6764705882352942
0.3448275862068966
0.45454545454545453
0.8888888888888888
0.6721311475409836
0.4782608695652174
0.4528301886792453
0.36585365853658536
0.5814814814814815
0.5465116279069767
0.2719298245614035
0.5087719298245614
0.8469387755102041
0.6137931034482759
0.48360655737704916
0.4215686274509804
0.6
0.2777777777777778
0.21052631578947367
0.5217391304347826
0.3508771929824561
0.5307692307692308
0.37719298245614036
0.5882352941176471
0.7982456140350878
0.47692307692307695
0.5666666666666667
0.6301369863013698
0.7894736842105263
1.0
1.0
0.34
0.3333333333333333
0.46296296296296297
0.7051282051282052
0.7857142857142857
0.8888888888888888
0.7368421052631579
0.6408450704225352
1.0
0.8032786885245902
0.5526315789473685
0.52
0.5652173913043478
0.4411764705882353
0.8243243243243243
1.0
1.0
0.6451612903225806
0.6956521739130435
0.2608695652173913
0.8089887640449438
1.0
0.4189189189189189
0.7560975609756098
0.6818181818181818
0.7407407407407407
0.72
0.5686274509803921
0.8108108108108109
0.6
0.5918367346938775
0.6818181818181818
0.3442622950819672
0.6263736263736264
0.4387755102040816
0.6666666666666666
0.45161290322580644
0.6811594202898551
0.8113207547169812
0.6224489795918368
0.6176470588235294
0.8717948717948718
0.5777777777777777
0.5232558139534884
0.47560975609756095
0.7380952380952381
0.6610169491525424
0.8115942028985508
0.6764705882352942
0.8918918918918919
1.0
0.2777777777777778
0.5
1.0
1.0
0.2777777777777778
0.8793103448275862
0.8666666666666667
0.358974358974359
0.42857142857142855
0.48
0.6274509803921569
0.7258064516129032
0.6818181818181818
0.2631578947368421
0.696969696969697
1.0
0.5487804878048781
0.7446808510638298
0.38461538461538464
0.5714285714285714
0.7666666666666667
1.0
0.3559322033898305
0.2857142857142857
0.7857142857142857
0.7714285714285715
0.5531914893617021
0.47560975609756095
0.7926829268292683
0.4897959183673469
0.6097560975609756
0.6139240506329114
0.76
0.7307692307692307
0.4
1.0
0.1
0.46774193548387094
0.8591549295774648
0.5064935064935064
0.9056603773584906
0.7575757575757576
1.0
0.7424242424242424
0.48717948717948717
0.5901639344262295
0.6917808219178082
1.0
0.7142857142857143
0.5421686746987951
0.8444444444444444
0.8444444444444444
0.7711864406779662
0.6333333333333333
1.0
0.7586206896551724
0.7631578947368421
0.7213114754098361
0.5634920634920635
0.36046511627906974
0.7602739726027398
0.45714285714285713
0.6126760563380281
0.8571428571428571
0.5609756097560976
0.5217391304347826
0.9459459459459459
0.8387096774193549
0.52
0.4888888888888889
0.9428571428571428
0.13333333333333333
0.6774193548387096
0.8888888888888888
0.39655172413793105
0.44339622641509435
0.6891891891891891
0.7549019607843137
0.7264150943396226
0.8714285714285714
0.66
0.45555555555555555
0.45161290322580644
0.8953488372093024
0.7837837837837838
0.5
1.0
0.8571428571428571
0.6307692307692307
1.0
0.5538461538461539
0.7804878048780488
0.5428571428571428
0.6263157894736842
0.5384615384615384
0.5409836065573771
0.5212765957446809
0.7307692307692307
0.3235294117647059
0.47959183673469385
0.6565656565656566
0.6896551724137931
0.6481481481481481
0.2857142857142857
0.2692307692307692
0.6111111111111112
0.82
0.4146341463414634
0.7571428571428571
0.8043478260869565
0.64
0.44
0.34782608695652173
0.6756756756756757
0.6756756756756757
0.7702702702702703
0.5483870967741935
0.4550561797752809
0.6507936507936508
0.26
0.43333333333333335
0.5609756097560976
0.5084745762711864
0.3793103448275862
0.3333333333333333
0.5
0.4117647058823529
0.23809523809523808
0.6296296296296297
0.6829268292682927
0.5344827586206896
0.5526315789473685
0.8823529411764706
0.49122807017543857
0.8484848484848485
0.5714285714285714
0.6690140845070423
0.6463414634146342
0.5
0.6538461538461539
0.0
1.0
0.16666666666666666
1.0
0.14285714285714285
0.6065573770491803
0.7741935483870968
0.5
0.5
0.8461538461538461
0.8157894736842105
0.46938775510204084
0.3333333333333333
0.0
1.0
0.4189189189189189
0.6351351351351351
0.9056603773584906
0.6276595744680851
0.3484848484848485
0.9534883720930233
0.8837209302325582
0.7909090909090909
0.47058823529411764
1.0
0.5804597701149425
0.5172413793103449
0.7439024390243902
0.49295774647887325
0.6594202898550725
1.0
0.5196078431372549
0.7380952380952381
0.7474226804123711
0.7978723404255319
0.4885057471264368
0.5476190476190477
0.6530612244897959
0.8620689655172413
0.6290322580645161
0.5636363636363636
0.5930232558139535
0.6901408450704225
0.8484848484848485
0.5454545454545454
0.6774193548387096
0.34
0.41304347826086957
0.7608695652173914
0.5263157894736842
0.8484848484848485
0.7962962962962963
0.6774193548387096
0.8918918918918919
0.86
0.47368421052631576
0.34782608695652173
0.6
0.4594594594594595
0.6724137931034483
0.6349206349206349
0.7704918032786885
0.48148148148148145
0.3333333333333333
0.323943661971831
0.6311475409836066
1.0
0.6408450704225352
0.7040816326530612
0.6956521739130435
0.45901639344262296
0.41304347826086957
1.0
0.6341463414634146
0.6126760563380281
0.6666666666666666
0.6408450704225352
0.5864197530864198
0.43478260869565216
1.0
0.6
1.0
0.8870967741935484
0.8902439024390244
0.7
0.7295081967213115
0.6206896551724138
0.8028169014084507
0.6111111111111112
0.6529411764705882
0.5
0.34615384615384615
0.5384615384615384
0.6666666666666666
0.4888888888888889
0.42857142857142855
0.52
0.5849056603773585
1.0
0.6756756756756757
1.0
0.16666666666666666
0.5
0.47435897435897434
0.5487804878048781
0.5
0.6571428571428571
0.6621621621621622
0.1956521739130435
0.3333333333333333
0.3939393939393939
0.8205128205128205
0.7619047619047619
0.5789473684210527
0.8205128205128205
0.8717948717948718
0.37142857142857144
0.7181818181818181
0.6025641025641025
1.0
0.5925925925925926
0.9259259259259259
0.5333333333333333
0.45454545454545453
0.4393939393939394
0.4787234042553192
0.36
0.54
0.47802197802197804
0.7702702702702703
0.8484848484848485
0.7380952380952381
0.6901408450704225
0.8387096774193549
0.7142857142857143
0.2619047619047619
1.0
0.527027027027027
1.0
0.8181818181818182
1.0
0.6612903225806451
0.21052631578947367
0.5217391304347826
1.0
0.5806451612903226
0.6206896551724138
0.8837209302325582
0.46153846153846156
0.8108108108108109
0.6772151898734177
0.6272727272727273
0.28378378378378377
0.7857142857142857
0.6666666666666666
0.6349206349206349
0.7111111111111111
0.7051282051282052
0.9385964912280702
0.7307692307692307
0.8111111111111111
0.3548387096774194
0.6551724137931034
0.5084745762711864
1.0
0.6966292134831461
0.6282051282051282
0.6698113207547169
0.753731343283582
0.9692307692307692
0.4344262295081967
0.5784313725490197
0.44285714285714284
0.8333333333333334
0.6896551724137931
0.6702127659574468
0.8888888888888888
1.0
0.5172413793103449
0.7058823529411765
0.6296296296296297
0.7151898734177216
0.5869565217391305
0.5652173913043478
0.5846153846153846
0.6204819277108434
0.6830985915492958
0.42857142857142855
0.6
0.4074074074074074
0.2558139534883721
0.6438356164383562
0.8108108108108109
0.8387096774193549
0.45555555555555555
0.8243243243243243
0.7432432432432432
0.6864406779661016
0.3333333333333333
0.3333333333333333
0.0
0.3888888888888889
0.7058823529411765
0.8717948717948718
0.5952380952380952
0.7333333333333333
0.8679245283018868
0.5287769784172662
0.48507462686567165
0.48
0.6851851851851852
0.46296296296296297
0.5555555555555556
0.4827586206896552
0.608433734939759
0.5121951219512195
0.8023255813953488
1.0
0.23076923076923078
0.5483870967741935
0.7560975609756098
0.6271186440677966
0.6956521739130435
0.43103448275862066
0.5491803278688525
0.7105263157894737
0.14285714285714285
0.5571428571428572
0.8837209302325582
0.5714285714285714
0.3888888888888889
0.47058823529411764
0.17391304347826086
0.5
0.8181818181818182
0.4838709677419355
0.7368421052631579
0.851063829787234
0.3103448275862069
1.0
0.9047619047619048
0.25925925925925924
0.48
1.0
0.5454545454545454
1.0
0.2777777777777778
0.7156862745098039
0.6981132075471698
0.5175438596491229
0.7619047619047619
0.4782608695652174
0.7297297297297297
0.14102564102564102
0.42
0.5769230769230769
0.7285714285714285
0.2608695652173913
0.8181818181818182
0.6811594202898551
0.6481481481481481
0.8717948717948718
0.5
0.2755102040816326
0.7666666666666667
0.8018867924528302
0.30434782608695654
0.7446808510638298
0.7112676056338029
0.4230769230769231
0.6219512195121951
0.7346938775510204
1.0
0.5
0.5952380952380952
0.4567901234567901
0.76
0.6909090909090909
0.7073170731707317
0.5465116279069767
0.6626506024096386
0.8181818181818182
0.5370370370370371
0.6935483870967742
0.5813953488372093
0.38
0.38461538461538464
0.7837837837837838
0.6016949152542372
0.48
0.7
0.7272727272727273
1.0
0.313953488372093
0.7209302325581395
0.32222222222222224
0.6571428571428571
0.47752808988764045
0.8571428571428571
0.8333333333333334
0.7551020408163265
0.3
0.8103448275862069
0.6551724137931034
0.43333333333333335
1.0
0.45454545454545453
0.6538461538461539
0.4473684210526316
0.6639344262295082
0.5256410256410257
0.631578947368421
0.782608695652174
0.8888888888888888
0.5268817204301075
0.7372881355932204
0.2631578947368421
0.358974358974359
0.3333333333333333
0.4666666666666667
0.6666666666666666
0.4426229508196721
0.5847457627118644
0.6086956521739131
0.573170731707317
0.6434108527131783
0.6935483870967742
0.4915254237288136
0.7702702702702703
0.6363636363636364
0.15217391304347827
0.4307692307692308
0.8387096774193549
0.5
0.7307692307692307
0.4666666666666667
0.22727272727272727
0.8181818181818182
0.35185185185185186
1.0
0.7816901408450704
0.8037974683544303
0.6885245901639344
0.6282051282051282
0.8846153846153846
0.41228070175438597
0.6825396825396826
0.6349206349206349
0.23076923076923078
0.25806451612903225
0.672
0.6352941176470588
0.72
0.5263157894736842
0.686046511627907
0.5882352941176471
0.4824561403508772
0.5714285714285714
0.8589743589743589
0.6440677966101694
0.44936708860759494
1.0
0.6774193548387096
0.4482758620689655
0.7567567567567568
0.7978723404255319
0.42452830188679247
0.46296296296296297
0.4222222222222222
0.7647058823529411
1.0
0.38235294117647056
0.6282051282051282
0.7586206896551724
0.5531914893617021
1.0
0.4864864864864865
0.8103448275862069
0.391304347826087
0.8181818181818182
1.0
1.0
0.358974358974359
0.7169811320754716
0.5555555555555556
0.39473684210526316
0.64
0.1891891891891892
0.7222222222222222
0.41228070175438597
0.631578947368421
0.4056603773584906
0.4782608695652174
0.7586206896551724
0.7982456140350878
0.7558139534883721
0.574468085106383
0.5196078431372549
0.6216216216216216
0.8085106382978723
0.8115942028985508
0.7363636363636363
0.5
0.9512195121951219
0.711764705882353
0.7857142857142857
0.5952380952380952
1.0
0.44680851063829785
0.5245901639344263
0.49019607843137253
0.2692307692307692
0.7551020408163265
0.7704918032786885
0.32608695652173914
0.43636363636363634
0.24
0.7142857142857143
0.5064935064935064
0.25675675675675674
0.40963855421686746
0.5254237288135594
0.5
0.16666666666666666
1.0
0.3333333333333333
0.3333333333333333
0.7456140350877193
0.8571428571428571
1.0
0.8939393939393939
0.8
0.8461538461538461
0.4782608695652174
0.7857142857142857
0.8111111111111111
0.5507246376811594
0.6504854368932039
0.7
0.5
0.0
0.7407407407407407
1.0
0.6612903225806451
0.5
0.6176470588235294
0.2777777777777778
0.6216216216216216
0.5
0.5714285714285714
0.3235294117647059
0.696969696969697
0.6140350877192983
0.631578947368421
0.3333333333333333
1.0
0.7058823529411765
0.23529411764705882
0.5813953488372093
0.6666666666666666
0.38095238095238093
0.18181818181818182
1.0
1.0
0.5784313725490197
0.9047619047619048
0.6578947368421053
0.6410256410256411
0.6594202898550725
0.7380952380952381
0.3877551020408163
0.7133333333333334
0.29508196721311475
0.45121951219512196
0.6222222222222222
0.6384615384615384
0.6956521739130435
0.8
0.851063829787234
0.7777777777777778
0.5754716981132075
0.8650793650793651
0.44545454545454544
0.64
0.6232876712328768
0.8412698412698413
0.4032258064516129
0.7051282051282052
0.5384615384615384
0.5727272727272728
0.740506329113924
0.3333333333333333
0.5918367346938775
0.42452830188679247
0.7058823529411765
0.8387096774193549
0.6428571428571429
0.6060606060606061
0.47101449275362317
0.36
0.2755102040816326
0.803921568627451
0.5844155844155844
0.391304347826087
0.8301886792452831
0.5471698113207547
0.7358490566037735
0.5121951219512195
0.32978723404255317
0.6
0.7428571428571429
1.0
0.559322033898305
0.8448275862068966
0.8837209302325582
0.47619047619047616
0.2608695652173913
0.2857142857142857
0.5384615384615384
0.2857142857142857
0.717391304347826
0.2608695652173913
0.23809523809523808
0.37037037037037035
0.5697674418604651
0.603448275862069
0.6428571428571429
0.6851851851851852
0.35294117647058826
0.6363636363636364
0.4090909090909091
0.581081081081081
0.24
0.42857142857142855
0.49056603773584906
0.8148148148148148
0.7941176470588235
0.7586206896551724
0.86
0.6904761904761905
0.4888888888888889
0.7608695652173914
0.5
1.0
0.3333333333333333
0.3333333333333333
0.6585365853658537
0.46296296296296297
1.0
0.72
0.7105263157894737
0.8148148148148148
1.0
0.5142857142857142
0.6585365853658537
0.7295081967213115
1.0
0.3181818181818182
0.2804878048780488
0.7142857142857143
0.46551724137931033
0.5740740740740741
0.86
0.8666666666666667
0.5862068965517241
1.0
0.9428571428571428
0.7051282051282052
0.38235294117647056
0.8333333333333334
0.42105263157894735
0.6702127659574468
0.5757575757575758
0.3142857142857143
0.8648648648648649
0.696969696969697
0.6
0.6111111111111112
0.5632183908045977
0.8484848484848485
0.7790697674418605
0.47126436781609193
0.8636363636363636
0.26
0.35294117647058826
0.5777777777777777
0.30303030303030304
0.8157894736842105
0.6190476190476191
0.5606060606060606
0.5983606557377049
0.5121951219512195
0.47560975609756095
0.5213675213675214
0.4139072847682119
0.5540540540540541
0.34210526315789475
0.8717948717948718
0.867816091954023
0.7671232876712328
0.5240963855421686
0.5397350993377483
0.3644859813084112
0.6929824561403509
0.5378151260504201
0.711864406779661
1.0
0.3103448275862069
0.7058823529411765
0.23076923076923078
0.5333333333333333
0.6523809523809524
0.5194805194805194
0.5666666666666667
0.5606060606060606
0.5
0.46
0.5111111111111111
0.6285714285714286
0.5254237288135594
0.34507042253521125
0.5714285714285714
0.6585365853658537
0.8043478260869565
0.6422764227642277
1.0
0.8372093023255814
0.10526315789473684
0.6538461538461539
0.398989898989899
0.44285714285714284
0.7049180327868853
0.6585365853658537
0.9152542372881356
0.8852459016393442
0.5136986301369864
0.7289719626168224
0.5175438596491229
0.6067961165048543
0.4240506329113924
0.4294117647058823
1.0
0.7195121951219512
0.42452830188679247
0.33098591549295775
0.7745098039215687
0.5636363636363636
0.6219512195121951
0.7959183673469388
0.6666666666666666
0.626984126984127
0.7111111111111111
0.6538461538461539
0.48484848484848486
0.8717948717948718
0.6967213114754098
0.5188679245283019
0.25555555555555554
0.7407407407407407
0.5909090909090909
0.4418604651162791
0.7741935483870968
0.6794871794871795
0.3333333333333333
0.6506849315068494
1.0
0.6142857142857143
0.7962962962962963
0.6111111111111112
0.7278481012658228
0.782608695652174
0.7142857142857143
0.6739130434782609
0.47674418604651164
0.7857142857142857
0.34615384615384615
0.5444444444444444
0.5542168674698795
0.6774193548387096
0.425531914893617
0.6046511627906976
1.0
1.0
0.5655737704918032
0.5063291139240507
0.86
0.4339622641509434
0.5188679245283019
0.7272727272727273
0.7560975609756098
1.0
0.9130434782608695
0.4696969696969697
0.6119402985074627
1.0
0.6063829787234043
0.8372093023255814
0.5606060606060606
0.5517241379310345
0.7021276595744681
0.5517241379310345
0.6222222222222222
0.4716981132075472
0.6129032258064516
0.319672131147541
0.7586206896551724
0.9310344827586207
0.5483870967741935
0.8780487804878049
0.4406779661016949
1.0
0.4358974358974359
0.42424242424242425
0.803030303030303
0.6923076923076923
0.3888888888888889
0.24074074074074073
0.2903225806451613
0.45454545454545453
0.3148148148148148
0.35714285714285715
0.7058823529411765
0.36666666666666664
0.7058823529411765
0.6551724137931034
0.5483870967741935
0.7121212121212122
0.7169811320754716
0.8245614035087719
0.810126582278481
0.7777777777777778
1.0
0.8837209302325582
0.9636363636363636
1.0
0.7
0.8979591836734694
0.6492537313432836
1.0
0.8
0.6818181818181818
0.644927536231884
1.0
1.0
1.0
0.8061224489795918
0.8714285714285714
0.48148148148148145
0.6818181818181818
0.8727272727272727
0.5333333333333333
1.0
0.6756756756756757
0.68
0.3888888888888889
0.5161290322580645
0.7169811320754716
0.45714285714285713
0.7352941176470589
0.6694915254237288
0.8902439024390244
0.5317460317460317
0.8018867924528302
0.6052631578947368
0.6901408450704225
0.5862068965517241
0.6401869158878505
0.7564102564102564
0.37037037037037035
0.5571428571428572
0.9130434782608695
0.7222222222222222
0.8113207547169812
0.25609756097560976
0.5087719298245614
0.6666666666666666
0.7446808510638298
0.7777777777777778
0.5
0.6571428571428571
0.5454545454545454
0.5737704918032787
0.5555555555555556
0.5487804878048781
0.29069767441860467
1.0
0.5584415584415584
0.527027027027027
0.5144927536231884
0.6842105263157895
0.45081967213114754
0.6338028169014085
0.4594594594594595
0.8571428571428571
0.5303030303030303
0.5121951219512195
0.7792207792207793
0.8717948717948718
0.740506329113924
0.4246575342465753
0.40540540540540543
0.6428571428571429
0.6538461538461539
0.6981132075471698
0.5952380952380952
0.6186440677966102
1.0
0.6153846153846154
0.3933333333333333
0.46296296296296297
0.3333333333333333
0.7153846153846154
0.527027027027027
0.5967741935483871
0.5555555555555556
0.7049180327868853
0.6027397260273972
0.6086956521739131
0.32926829268292684
0.3448275862068966
0.5596330275229358
0.6825396825396826
0.5697674418604651
0.3
0.5
0.5930232558139535
0.6739130434782609
0.5158730158730159
0.8275862068965517
0.46774193548387094
0.6274509803921569
0.5882352941176471
0.6923076923076923
0.21052631578947367
0.8888888888888888
0.7777777777777778
0.7439024390243902
0.7959183673469388
0.7686567164179104
0.6170212765957447
0.42857142857142855
0.6326530612244898
0.43023255813953487
0.5151515151515151
0.4636363636363636
0.7837837837837838
0.5804020100502513
0.5
0.3181818181818182
0.6935483870967742
1.0
0.64
0.759493670886076
0.8823529411764706
0.8837209302325582
0.5434782608695652
0.4420289855072464
0.6965811965811965
0.35365853658536583
0.3888888888888889
0.4727272727272727
0.7121212121212122
0.5818181818181818
0.4943820224719101
0.46938775510204084
0.8
0.5423728813559322
0.6194690265486725
0.6236559139784946
0.8793103448275862
0.4076923076923077
0.23809523809523808
0.5
0.6440677966101694
0.7619047619047619
0.6428571428571429
0.581081081081081
0.7
0.7857142857142857
0.5205479452054794
0.6282051282051282
0.5597014925373134
0.6327433628318584
0.34615384615384615
0.8636363636363636
0.82
0.9186046511627907
0.7837837837837838
0.7439024390243902
0.45614035087719296
0.7280701754385965
0.5342465753424658
0.5714285714285714
0.5594059405940595
0.8548387096774194
0.16666666666666666
0.8701298701298701
0.5507246376811594
0.3279569892473118
0.46153846153846156
0.5176470588235295
1.0
0.2631578947368421
0.6428571428571429
0.6043956043956044
0.6923076923076923
0.5882352941176471
0.425531914893617
0.7479674796747967
0.4666666666666667
0.5487804878048781
0.5898876404494382
0.4935064935064935
0.34782608695652173
0.8
0.5210526315789473
0.5612244897959183
0.6379310344827587
0.7121212121212122
0.6333333333333333
0.6050420168067226
0.3148148148148148
0.6232876712328768
0.7452830188679245
0.47619047619047616
1.0
0.6666666666666666
0.7575757575757576
0.6341463414634146
0.510752688172043
0.6976744186046512
0.6475409836065574
0.7696629213483146
0.8666666666666667
0.6721311475409836
0.5636363636363636
0.5866666666666667
0.7926829268292683
0.7297297297297297
0.47619047619047616
0.9130434782608695
0.5714285714285714
0.45454545454545453
0.7295081967213115
0.8301886792452831
0.8823529411764706
0.6224489795918368
0.5784313725490197
0.6949152542372882
0.5697674418604651
0.18292682926829268
0.4666666666666667
1.0
0.5
0.8571428571428571
0.7424242424242424
1.0
0.21568627450980393
1.0
0.5975609756097561
0.6714285714285714
0.7807017543859649
0.8
1.0
0.5727272727272728
1.0
0.6551724137931034
0.29310344827586204
0.3474576271186441
0.45348837209302323
1.0
0.603448275862069
0.6304347826086957
0.46774193548387094
0.4420289855072464
0.5
0.8
0.6518987341772152
0.7
0.7195121951219512
0.4024390243902439
0.782608695652174
0.6086956521739131
0.8717948717948718
0.8372093023255814
0.4925373134328358
0.7096774193548387
0.8181818181818182
0.4344262295081967
0.34615384615384615
0.5508474576271186
0.689873417721519
0.6330275229357798
0.6707317073170732
0.6
0.5161290322580645
0.44
0.6956521739130435
0.9113924050632911
0.5816326530612245
0.620253164556962
0.19230769230769232
0.3181818181818182
0.5365853658536586
0.6666666666666666
0.46825396825396826
0.3235294117647059
0.34444444444444444
0.74
0.47692307692307695
0.4358974358974359
0.3877551020408163
0.5306122448979592
0.8010752688172043
0.7307692307692307
0.2857142857142857
0.5759493670886076
0.27586206896551724
0.5473684210526316
0.5333333333333333
0.4714285714285714
0.4589041095890411
0.45714285714285713
0.8333333333333334
0.8
0.49019607843137253
0.3867924528301887
0.5229007633587787
1.0
0.1
0.4019607843137255
0.5930232558139535
0.6333333333333333
0.6086956521739131
0.4117647058823529
0.33636363636363636
0.30612244897959184
1.0
0.7
0.3
0.37735849056603776
0.29411764705882354
0.5408163265306123
0.3333333333333333
0.7073170731707317
0.4811320754716981
0.7171717171717171
0.6938775510204082
0.35185185185185186
0.4824561403508772
0.5476190476190477
0.3939393939393939
0.4915254237288136
0.3225806451612903
0.5512820512820513
0.5161290322580645
0.8387096774193549
0.5294117647058824
0.64
0.6923076923076923
0.7307692307692307
0.6754385964912281
0.6097560975609756
0.541095890410959
0.7181818181818181
0.7318840579710145
0.7857142857142857
0.8272727272727273
0.30412371134020616
0.5746268656716418
0.6153846153846154
0.6594202898550725
0.5
0.16666666666666666
0.34782608695652173
0.5523809523809524
0.5692307692307692
0.44936708860759494
1.0
0.7777777777777778
0.5
0.6363636363636364
0.44594594594594594
0.6363636363636364
0.5641025641025641
0.7142857142857143
0.6436781609195402
0.4090909090909091
0.6966292134831461
0.8023255813953488
0.6
0.5945945945945946
0.4634146341463415
0.44285714285714284
0.463768115942029
0.5581395348837209
0.855072463768116
0.5555555555555556
0.4777777777777778
0.3829787234042553
0.48717948717948717
0.26666666666666666
0.4322033898305085
0.5846153846153846
0.5692307692307692
0.7209302325581395
0.5111111111111111
0.6951219512195121
0.6428571428571429
0.5483870967741935
0.8157894736842105
0.5142857142857142
0.532258064516129
0.7456140350877193
0.6271186440677966
0.6296296296296297
0.7459016393442623
0.723404255319149
0.7627118644067796
0.6
0.5
1.0
0.5185185185185185
0.8508771929824561
0.5
0.9366197183098591
0.6139240506329114
0.7711864406779662
0.43103448275862066
0.551948051948052
0.5494505494505495
0.5471698113207547
0.5526315789473685
0.45652173913043476
0.8717948717948718
0.4
0.38
0.6896551724137931
0.44
0.4489795918367347
0.4444444444444444
0.6756756756756757
0.5
0.13043478260869565
0.8478260869565217
1.0
1.0
0.2391304347826087
0.84
0.24285714285714285
0.5
0.5714285714285714
1.0
0.573170731707317
0.7096774193548387
0.8444444444444444
0.8
0.7692307692307693
0.5581395348837209
0.6081081081081081
0.6122448979591837
0.7439024390243902
0.7741935483870968
0.6363636363636364
0.6585365853658537
0.8648648648648649
0.686046511627907
0.6086956521739131
0.3372093023255814
0.6721311475409836
0.7543859649122807
0.4420289855072464
0.4634146341463415
0.42424242424242425
0.5701754385964912
0.6216216216216216
0.5
0.3787878787878788
0.2647058823529412
0.753731343283582
0.8
0.5769230769230769
0.44285714285714284
0.38235294117647056
0.7456140350877193
0.27358490566037735
0.8673469387755102
0.5306122448979592
0.5175438596491229
0.9056603773584906
0.8181818181818182
0.6716417910447762
1.0
0.64
1.0
0.4
0.6132075471698113
0.8297872340425532
0.5287356321839081
0.35135135135135137
0.6545454545454545
0.5638297872340425
0.8387096774193549
0.9152542372881356
0.4146341463414634
0.36363636363636365
0.6779661016949152
0.3709677419354839
0.7542372881355932
0.7647058823529411
0.5253164556962026
0.5370370370370371
0.5
0.13793103448275862
0.6190476190476191
0.6031746031746031
0.4523809523809524
0.6440677966101694
0.7592592592592593
0.7647058823529411
0.6101694915254238
0.6975308641975309
0.696078431372549
0.4176470588235294
0.7741935483870968
0.639344262295082
0.23157894736842105
0.6056338028169014
0.24509803921568626
1.0
0.6836734693877551
0.6408450704225352
0.4024390243902439
0.5806451612903226
0.4146341463414634
0.9206349206349206
0.5822784810126582
0.6122448979591837
0.5645161290322581
0.7142857142857143
0.4142857142857143
0.8333333333333334
1.0
0.7121212121212122
0.6885245901639344
0.7328767123287672
0.5373134328358209
0.6758241758241759
0.6341463414634146
0.5967741935483871
0.43548387096774194
1.0
0.34615384615384615
1.0
1.0
1.0
0.42592592592592593
0.3235294117647059
0.6808510638297872
0.8148148148148148
0.72
0.4074074074074074
0.7970297029702971
0.8181818181818182
0.7297297297297297
0.3113207547169811
0.5263157894736842
0.5098039215686274
0.5263157894736842
1.0
0.9512195121951219
0.803030303030303
0.6724137931034483
1.0
1.0
0.82
1.0
0.8478260869565217
0.6857142857142857
0.7777777777777778
0.6408450704225352
0.5757575757575758
0.5581395348837209
0.8202247191011236
0.6754385964912281
0.4528301886792453
0.30303030303030304
0.5106382978723404
1.0
0.6585365853658537
0.8
0.5465116279069767
0.6818181818181818
0.24242424242424243
0.8108108108108109
0.5
0.47368421052631576
0.5283018867924528
0.7571428571428571
0.2608695652173913
0.5714285714285714
0.8648648648648649
0.6509433962264151
0.46226415094339623
0.5857142857142857
0.64
0.5161290322580645
0.8571428571428571
0.43548387096774194
0.8947368421052632
1.0
1.0
0.42592592592592593
0.7428571428571429
0.603448275862069
0.7711864406779662
0.8767123287671232
1.0
0.4473684210526316
0.8888888888888888
0.8043478260869565
0.7121212121212122
0.696969696969697
0.35294117647058826
0.5
0.14285714285714285
1.0
0.86
0.5806451612903226
0.8191489361702128
0.5769230769230769
0.5204081632653061
0.7397260273972602
0.5348837209302325
0.6938775510204082
0.7878787878787878
0.5425531914893617
0.7419354838709677
0.8292682926829268
0.5333333333333333
0.66
0.23333333333333334
0.7040816326530612
0.8207547169811321
0.8235294117647058
0.7070707070707071
0.6440677966101694
0.7093023255813954
0.5897435897435898
0.8783783783783784
0.6232876712328768
0.9122807017543859
0.8979591836734694
0.8235294117647058
0.7555555555555555
0.7586206896551724
0.3181818181818182
0.5151515151515151
0.6333333333333333
0.8275862068965517
0.58
0.5967741935483871
0.6538461538461539
0.7105263157894737
0.6481481481481481
0.5945945945945946
0.2826086956521739
0.8157894736842105
0.5957446808510638
0.07777777777777778
0.8461538461538461
0.36666666666666664
0.4444444444444444
0.6692307692307692
0.5757575757575758
0.34210526315789475
0.7352941176470589
0.5232558139534884
0.6153846153846154
0.7586206896551724
0.72
0.603448275862069
0.5212765957446809
0.5
1.0
0.6106194690265486
0.44
0.7452830188679245
0.7674418604651163
0.5373134328358209
0.7253521126760564
0.6134020618556701
0.6384615384615384
0.7777777777777778
0.5909090909090909
0.2222222222222222
0.7878787878787878
0.5263157894736842
0.42452830188679247
0.25510204081632654
0.25555555555555554
0.38571428571428573
0.8484848484848485
0.8
0.5845070422535211
0.6502463054187192
0.6
0.9253731343283582
0.7469135802469136
0.7461538461538462
0.6031746031746031
0.4936708860759494
0.7209302325581395
0.5
0.32
0.23076923076923078
0.4074074074074074
0.5348837209302325
0.7777777777777778
0.45652173913043476
0.782608695652174
0.48148148148148145
0.4
0.3870967741935484
0.19047619047619047
1.0
0.527027027027027
0.47435897435897434
0.3333333333333333
0.5
0.5584415584415584
0.45348837209302323
0.7543859649122807
0.7906976744186046
0.6538461538461539
0.5434782608695652
0.5957446808510638
0.5638297872340425
0.8
0.5
0.6511627906976745
0.7619047619047619
0.8148148148148148
0.7758620689655172
0.4927536231884058
0.46153846153846156
0.3333333333333333
0.35185185185185186
0.42857142857142855
0.5384615384615384
0.2391304347826087
0.7
0.5930232558139535
0.5102040816326531
0.7391304347826086
0.776595744680851
0.8255813953488372
0.3076923076923077
1.0
0.7978723404255319
0.66
0.839622641509434
0.3490566037735849
0.7636363636363637
0.45161290322580644
0.3157894736842105
0.6521739130434783
0.3442622950819672
0.2872340425531915
0.4676258992805755
0.7131147540983607
0.56
0.5
0.6714285714285714
0.5563380281690141
0.5350877192982456
0.46774193548387094
0.2826086956521739
0.7058823529411765
0.5081967213114754
0.5930232558139535
0.5263157894736842
0.39344262295081966
0.4148936170212766
0.24285714285714285
0.4696969696969697
0.32857142857142857
0.5303030303030303
0.6744186046511628
0.2037037037037037
0.5483870967741935
0.576271186440678
0.6222222222222222
0.5444444444444444
0.4696969696969697
0.42424242424242425
0.42592592592592593
0.2647058823529412
0.6578947368421053
0.5434782608695652
0.3
0.782051282051282
0.35294117647058826
0.8571428571428571
0.8714285714285714
0.3888888888888889
0.5
0.6224489795918368
0.43902439024390244
0.6951219512195121
0.6
1.0
0.16666666666666666
0.5
0.5789473684210527
0.5555555555555556
0.4
0.717948717948718
0.2926829268292683
0.4186046511627907
0.9042553191489362
0.7647058823529411
0.6304347826086957
0.5697674418604651
0.7
0.32432432432432434
0.5
0.4074074074074074
0.6951219512195121
0.6530612244897959
0.28
0.42857142857142855
0.8108108108108109
0.7926829268292683
0.7972972972972973
0.5102040816326531
0.6774193548387096
0.7702702702702703
0.7647058823529411
0.8478260869565217
0.54
1.0
0.6794871794871795
0.6190476190476191
1.0
0.7586206896551724
0.6111111111111112
0.8648648648648649
0.41025641025641024
0.5396825396825397
0.5454545454545454
0.8148148148148148
0.41379310344827586
0.6507936507936508
0.782608695652174
0.6506849315068494
0.5294117647058824
0.7857142857142857
0.6891891891891891
0.6428571428571429
0.26
0.6
0.4745762711864407
0.8985507246376812
0.5555555555555556
0.6698113207547169
0.5675675675675675
0.581081081081081
0.6811594202898551
Min Sentence GLEU Score: 0.0
Max Sentence GLEU Score: 1.0
Average Sentence GLEU Score: 0.5893957543037807
Corpus Sentence GLEU Score: 0.6811594202898551
