1.0
1.0
0.5581395348837209
0.8220338983050848
1.0
0.7619047619047619
0.7567567567567568
0.6170212765957447
0.4878048780487805
0.9090909090909091
0.7727272727272727
0.5897435897435898
0.7142857142857143
0.6571428571428571
0.3783783783783784
1.0
0.7735849056603774
0.7090909090909091
0.8780487804878049
0.7435897435897436
0.5
1.0
1.0
0.8837209302325582
1.0
0.7
0.7619047619047619
1.0
0.58
0.5737704918032787
0.2857142857142857
0.7181818181818181
1.0
0.6538461538461539
0.7419354838709677
0.631578947368421
0.7857142857142857
0.5769230769230769
1.0
0.8648648648648649
0.5740740740740741
0.4444444444444444
0.7096774193548387
0.5769230769230769
0.7758620689655172
1.0
1.0
0.7555555555555555
0.6515151515151515
0.3620689655172414
0.7435897435897436
0.851063829787234
0.8484848484848485
0.672
0.8072289156626506
0.6103448275862069
0.7089552238805971
0.7407407407407407
0.6454545454545455
0.7150537634408602
0.6851851851851852
0.5645161290322581
0.8
0.6807228915662651
0.6153846153846154
0.8627450980392157
0.8
0.782608695652174
0.4883720930232558
0.30612244897959184
0.07692307692307693
1.0
0.7117117117117117
0.7659574468085106
0.6851851851851852
0.84
0.3048780487804878
0.7941176470588235
0.6111111111111112
1.0
0.6351351351351351
0.7586206896551724
0.7631578947368421
1.0
1.0
1.0
0.5675675675675675
0.41025641025641024
0.6851851851851852
0.5476190476190477
0.8148148148148148
0.7131147540983607
1.0
0.82
1.0
0.4444444444444444
1.0
0.2777777777777778
0.7926829268292683
1.0
0.6818181818181818
1.0
0.72
0.42857142857142855
0.8275862068965517
1.0
0.3333333333333333
0.7568306010928961
0.82
0.35714285714285715
0.6206896551724138
0.5348837209302325
0.36
1.0
0.6363636363636364
0.6228070175438597
0.6282051282051282
0.4
0.6428571428571429
0.7133333333333334
0.8245614035087719
0.6764705882352942
0.8571428571428571
0.7880794701986755
0.7054794520547946
0.0
0.9230769230769231
0.5763239875389408
0.34
1.0
0.673469387755102
0.6162162162162163
0.6666666666666666
0.6111111111111112
0.7741935483870968
1.0
1.0
1.0
0.5409836065573771
0.5579710144927537
0.8571428571428571
0.6103896103896104
0.8048780487804879
0.6756756756756757
0.5
0.8157894736842105
1.0
1.0
0.6176470588235294
1.0
0.5
1.0
1.0
1.0
1.0
1.0
1.0
1.0
1.0
1.0
0.6538461538461539
0.5
0.481981981981982
0.6040462427745664
0.6856287425149701
0.7247191011235955
0.782608695652174
0.8258426966292135
0.48
0.5263157894736842
0.5857142857142857
0.49333333333333335
0.5
0.7586206896551724
0.41935483870967744
0.8095238095238095
0.8181818181818182
0.581081081081081
0.7428571428571429
1.0
0.6588235294117647
0.6636363636363637
0.5
0.6111111111111112
0.9310344827586207
0.7333333333333333
0.5540540540540541
0.8837209302325582
0.5384615384615384
0.7368421052631579
1.0
0.11764705882352941
0.4782608695652174
0.7051282051282052
0.7142857142857143
0.6216216216216216
0.6
1.0
1.0
1.0
0.30952380952380953
0.7333333333333333
1.0
0.7761194029850746
1.0
0.6097560975609756
0.7586206896551724
0.5454545454545454
0.7951807228915663
0.7666666666666667
0.6951219512195121
0.8703703703703703
0.48484848484848486
0.25806451612903225
1.0
0.5185185185185185
0.8157894736842105
0.6060606060606061
1.0
1.0
0.6410256410256411
0.7823529411764706
0.49056603773584906
1.0
0.7352941176470589
1.0
0.5813953488372093
0.6632653061224489
0.6351351351351351
0.43103448275862066
0.42857142857142855
0.5
0.7586206896551724
0.7424242424242424
0.48936170212765956
1.0
0.6153846153846154
1.0
0.8648648648648649
0.5232558139534884
0.47761194029850745
0.28
0.753731343283582
0.6724137931034483
0.6460674157303371
1.0
0.2619047619047619
1.0
1.0
1.0
0.58
0.9069767441860465
0.6190476190476191
0.8484848484848485
0.8275862068965517
0.660377358490566
0.7142857142857143
1.0
1.0
0.8837209302325582
0.782608695652174
0.6052631578947368
0.8387096774193549
0.34615384615384615
1.0
1.0
1.0
0.7619047619047619
1.0
0.8148148148148148
0.3333333333333333
1.0
0.603448275862069
0.627906976744186
1.0
0.6206896551724138
0.8260869565217391
1.0
1.0
1.0
0.4358288770053476
0.5471698113207547
0.4383561643835616
0.6181818181818182
0.6692307692307692
0.7702702702702703
0.5217391304347826
0.651685393258427
0.41935483870967744
0.6568627450980392
0.8333333333333334
0.6363636363636364
0.5508474576271186
1.0
0.32608695652173914
0.6216216216216216
0.6774193548387096
1.0
0.5882352941176471
0.6078431372549019
0.7028985507246377
0.7164179104477612
0.5877192982456141
0.9363636363636364
0.5555555555555556
0.7857142857142857
0.8478260869565217
1.0
0.5128205128205128
0.5757575757575758
0.6538461538461539
1.0
0.46551724137931033
0.37037037037037035
0.45652173913043476
0.4230769230769231
0.16666666666666666
1.0
0.42105263157894735
1.0
1.0
0.5483870967741935
1.0
0.8181818181818182
0.42857142857142855
0.6818181818181818
1.0
0.6111111111111112
0.5384615384615384
0.6212121212121212
0.7636363636363637
0.8582677165354331
1.0
1.0
0.7068965517241379
1.0
0.8186813186813187
1.0
1.0
0.8947368421052632
1.0
0.7215189873417721
0.8461538461538461
0.5897435897435898
0.41379310344827586
0.7848101265822784
0.9019607843137255
0.5677966101694916
0.8780487804878049
0.6774193548387096
0.6923076923076923
0.6923076923076923
0.7876712328767124
0.7647058823529411
0.6857142857142857
1.0
0.7407407407407407
0.5784313725490197
0.7586206896551724
0.7297297297297297
0.7058823529411765
0.7535211267605634
0.7758620689655172
1.0
0.8936170212765957
0.2619047619047619
0.7391304347826086
0.23076923076923078
0.5588235294117647
0.7368421052631579
0.680327868852459
1.0
0.5149253731343284
0.7611940298507462
1.0
0.4675324675324675
0.6568627450980392
0.5849056603773585
0.8207547169811321
0.7741935483870968
0.7745098039215687
0.6486486486486487
0.7741935483870968
0.8360655737704918
0.9230769230769231
0.8627450980392157
1.0
1.0
1.0
0.5784313725490197
0.6428571428571429
0.5967741935483871
0.7741935483870968
1.0
0.7702702702702703
0.7821782178217822
1.0
0.5555555555555556
0.8148148148148148
0.8571428571428571
1.0
0.6036036036036037
0.6804123711340206
0.6531531531531531
0.43333333333333335
0.6294117647058823
0.7372881355932204
0.4523809523809524
0.782608695652174
0.5882352941176471
0.8717948717948718
1.0
0.6111111111111112
0.7560975609756098
1.0
0.62
0.6935483870967742
0.3
1.0
1.0
0.8852459016393442
0.5172413793103449
0.5952380952380952
0.3888888888888889
0.8043478260869565
0.6224489795918368
0.47368421052631576
0.3888888888888889
0.0
1.0
1.0
0.5506329113924051
0.9253731343283582
0.6
1.0
1.0
1.0
0.6363636363636364
0.5396825396825397
0.8222222222222222
0.7428571428571429
0.7121212121212122
1.0
0.6666666666666666
1.0
1.0
1.0
1.0
0.8387096774193549
0.4
0.8717948717948718
0.5882352941176471
0.16666666666666666
0.8247422680412371
0.5
0.15789473684210525
0.36666666666666664
0.7432432432432432
0.6129032258064516
0.6551724137931034
1.0
0.8148148148148148
0.8461538461538461
0.41379310344827586
0.631578947368421
0.5102040816326531
0.4826989619377163
0.8448275862068966
0.7666666666666667
0.4
0.6818181818181818
0.2727272727272727
0.5449438202247191
0.6111111111111112
0.5217391304347826
0.5897435897435898
0.7903225806451613
0.7307692307692307
0.43478260869565216
0.7258064516129032
0.34
0.8703703703703703
0.16666666666666666
0.6904761904761905
0.5634920634920635
0.5338983050847458
0.5957446808510638
0.47058823529411764
0.717948717948718
1.0
0.6842105263157895
0.7682926829268293
0.7761194029850746
0.8518518518518519
0.5
0.782608695652174
0.6111111111111112
0.8648648648648649
0.8333333333333334
0.8225806451612904
0.8275862068965517
0.803921568627451
0.8780487804878049
0.7971014492753623
0.8103448275862069
0.6111111111111112
0.6707317073170732
0.704225352112676
0.9661016949152542
0.635593220338983
0.8225806451612904
0.5877192982456141
0.6140350877192983
0.8979591836734694
0.7894736842105263
0.47368421052631576
0.40476190476190477
0.64
0.0
0.3333333333333333
0.4
1.0
0.7368421052631579
0.5571428571428572
0.7666666666666667
0.4594594594594595
0.44285714285714284
0.5151515151515151
0.8181818181818182
0.7608695652173914
0.8157894736842105
1.0
1.0
0.3333333333333333
0.3333333333333333
0.7619047619047619
1.0
0.8275862068965517
0.7878787878787878
0.32608695652173914
0.7073170731707317
1.0
0.696969696969697
0.603448275862069
0.782051282051282
0.7
1.0
0.44285714285714284
1.0
0.7368421052631579
0.611764705882353
0.7674418604651163
0.8627450980392157
0.3333333333333333
1.0
0.5819672131147541
0.7545454545454545
0.5512820512820513
0.8936170212765957
0.6379310344827587
1.0
1.0
1.0
0.8191489361702128
0.48
0.8108108108108109
1.0
0.8
0.5
0.4720496894409938
1.0
1.0
1.0
1.0
0.42857142857142855
0.3888888888888889
0.64
0.26666666666666666
1.0
1.0
0.7692307692307693
0.4230769230769231
1.0
0.41379310344827586
0.8648648648648649
0.5540540540540541
0.42857142857142855
0.5476190476190477
1.0
1.0
0.7424242424242424
0.8823529411764706
0.35714285714285715
1.0
0.7619047619047619
0.6
0.8205128205128205
0.8157894736842105
0.5857142857142857
0.6578947368421053
0.5609756097560976
0.7446808510638298
0.32608695652173914
0.5
0.391304347826087
0.7551020408163265
0.6190476190476191
0.7368421052631579
0.8939393939393939
1.0
0.8648648648648649
0.34210526315789475
0.6386554621848739
1.0
0.6274509803921569
0.9310344827586207
0.478494623655914
0.42207792207792205
0.7063492063492064
1.0
1.0
0.1
0.5
0.5
0.3333333333333333
0.3888888888888889
1.0
1.0
1.0
1.0
1.0
0.5
0.2222222222222222
0.3
0.6
1.0
0.7777777777777778
1.0
1.0
1.0
0.3181818181818182
0.4
0.6463414634146342
0.6777777777777778
0.21794871794871795
0.7666666666666667
0.6956521739130435
0.8
0.30303030303030304
0.6304347826086957
0.3953488372093023
0.8148148148148148
1.0
0.7619047619047619
0.5
0.7666666666666667
0.7542372881355932
0.5
0.62
0.5476190476190477
1.0
0.717948717948718
0.5925925925925926
1.0
0.7428571428571429
0.8
0.7307692307692307
1.0
0.2
0.7142857142857143
0.7142857142857143
1.0
0.5882352941176471
0.24
0.7777777777777778
1.0
0.5846153846153846
0.8837209302325582
0.6212121212121212
0.7048192771084337
0.7014925373134329
0.4
0.5
0.6111111111111112
0.4523809523809524
0.2857142857142857
0.7611940298507462
0.8840579710144928
0.5188679245283019
1.0
0.6260162601626016
0.5222222222222223
0.5555555555555556
0.3617021276595745
0.5238095238095238
0.5072463768115942
0.4
1.0
1.0
1.0
0.42857142857142855
1.0
0.7711864406779662
0.38095238095238093
0.62
0.7619047619047619
1.0
0.6
0.8478260869565217
0.3695652173913043
0.6481481481481481
0.6818181818181818
0.5232558139534884
0.5235294117647059
0.49122807017543857
0.7297297297297297
1.0
0.7391304347826086
1.0
0.8
0.5666666666666667
0.8222222222222222
0.5444444444444444
1.0
0.36666666666666664
0.38235294117647056
1.0
1.0
0.7878787878787878
0.66
1.0
0.8
0.5555555555555556
1.0
0.7307692307692307
0.5471698113207547
0.72
0.5140845070422535
0.7368421052631579
0.4
0.7297297297297297
0.9310344827586207
1.0
0.6122448979591837
0.6557377049180327
0.38461538461538464
1.0
0.43333333333333335
1.0
0.7333333333333333
0.627906976744186
0.8484848484848485
0.6444444444444445
1.0
0.6836734693877551
0.28
0.6938775510204082
0.7777777777777778
0.4883720930232558
0.3695652173913043
0.5714285714285714
0.5
0.7627118644067796
0.36
0.5612244897959183
0.6129032258064516
0.524390243902439
0.603448275862069
0.9310344827586207
0.82
1.0
1.0
0.52
0.7727272727272727
0.7
0.8648648648648649
0.4888888888888889
1.0
0.6935483870967742
0.6666666666666666
0.6060606060606061
0.7142857142857143
1.0
0.7608695652173914
0.8387096774193549
0.6046511627906976
1.0
0.4523809523809524
1.0
0.7407407407407407
0.6774193548387096
1.0
0.72
0.8260869565217391
0.42105263157894735
0.42857142857142855
0.6363636363636364
0.6222222222222222
1.0
0.3333333333333333
0.16666666666666666
1.0
1.0
0.6
1.0
0.6724137931034483
0.6754385964912281
0.8888888888888888
0.7971014492753623
0.22727272727272727
0.3333333333333333
0.3333333333333333
1.0
0.5975609756097561
0.6555555555555556
0.6206896551724138
0.7941176470588235
0.5
1.0
0.7
0.5
0.7307692307692307
0.4666666666666667
0.8095238095238095
0.6116504854368932
0.5967741935483871
0.3717948717948718
0.8157894736842105
0.8275862068965517
1.0
1.0
0.5967741935483871
1.0
1.0
0.8484848484848485
0.6724137931034483
1.0
0.7666666666666667
0.782608695652174
1.0
0.7419354838709677
0.7586206896551724
0.8666666666666667
0.7571428571428571
0.5
0.40476190476190477
0.6666666666666666
0.7121212121212122
0.5
0.30434782608695654
0.7567567567567568
0.7857142857142857
0.5
0.4482758620689655
0.3
0.2619047619047619
0.5526315789473685
0.8648648648648649
1.0
0.9206349206349206
0.26744186046511625
0.7358490566037735
0.9019607843137255
0.6224489795918368
0.6976744186046512
1.0
0.6101694915254238
0.7467532467532467
0.9555555555555556
0.8571428571428571
0.6855670103092784
0.8829787234042553
0.6444444444444445
0.6666666666666666
0.9534883720930233
0.8246753246753247
0.6
0.425531914893617
0.5949367088607594
0.7058823529411765
0.4759036144578313
1.0
0.4387755102040816
0.5555555555555556
0.6666666666666666
0.5606060606060606
0.35714285714285715
0.7
0.6111111111111112
0.5
0.3333333333333333
0.8484848484848485
0.7777777777777778
0.8888888888888888
0.7
0.5428571428571428
1.0
0.0
0.788135593220339
1.0
1.0
0.8366336633663366
0.7346938775510204
0.2
0.6
0.6097560975609756
0.6779661016949152
1.0
1.0
0.6521739130434783
0.6829268292682927
0.6530612244897959
0.5185185185185185
0.6896551724137931
0.42857142857142855
1.0
1.0
1.0
0.23076923076923078
0.8554216867469879
0.3333333333333333
1.0
0.5370370370370371
1.0
0.7121212121212122
0.6081081081081081
0.7090909090909091
1.0
0.47368421052631576
0.7
0.23529411764705882
0.8275862068965517
1.0
1.0
1.0
1.0
0.5476190476190477
0.7741935483870968
0.2564102564102564
0.8648648648648649
0.8703703703703703
1.0
0.5
1.0
0.8103448275862069
1.0
0.8181818181818182
1.0
0.6724137931034483
1.0
0.5454545454545454
0.3
0.6851851851851852
0.6296296296296297
1.0
1.0
0.826530612244898
0.7631578947368421
0.808695652173913
0.6612903225806451
0.6891891891891891
1.0
0.6351351351351351
1.0
1.0
0.48484848484848486
0.7037037037037037
0.6818181818181818
0.6739130434782609
0.6585365853658537
0.6486486486486487
0.8985507246376812
0.43243243243243246
0.8148148148148148
1.0
0.72
0.5
0.7073170731707317
0.627906976744186
1.0
0.46
0.43023255813953487
0.5
0.8
0.476
0.6486486486486487
0.506993006993007
0.5408163265306123
0.3333333333333333
0.5
0.4714285714285714
0.6571428571428571
0.5333333333333333
0.8404255319148937
1.0
0.7777777777777778
0.20689655172413793
0.6923076923076923
0.8461538461538461
0.5652173913043478
0.4756838905775076
0.5
0.48412698412698413
1.0
0.7359550561797753
0.47101449275362317
0.8979591836734694
1.0
1.0
1.0
0.47368421052631576
0.7619047619047619
0.4117647058823529
1.0
0.5909090909090909
0.6111111111111112
0.9512195121951219
1.0
0.7258064516129032
1.0
0.5614035087719298
0.8448275862068966
0.5333333333333333
1.0
1.0
1.0
0.32
0.7674418604651163
0.5666666666666667
0.8085106382978723
1.0
0.40816326530612246
1.0
0.6216216216216216
0.6538461538461539
0.5882352941176471
0.6666666666666666
0.5
0.8571428571428571
0.5307692307692308
0.4523809523809524
1.0
0.696969696969697
0.5967741935483871
0.6578947368421053
0.5555555555555556
0.7105263157894737
1.0
1.0
1.0
1.0
0.24193548387096775
0.7702702702702703
0.7162162162162162
0.5408163265306123
1.0
0.8717948717948718
0.7
0.6551724137931034
0.8363636363636363
0.8205128205128205
0.7666666666666667
0.2972972972972973
0.711864406779661
0.7978723404255319
0.5396825396825397
0.8571428571428571
1.0
1.0
0.3157894736842105
0.7142857142857143
0.8717948717948718
0.8650793650793651
0.8837209302325582
0.4491525423728814
0.872
1.0
1.0
0.3333333333333333
1.0
1.0
0.47058823529411764
1.0
0.72
0.5238095238095238
1.0
0.4230769230769231
1.0
1.0
1.0
0.5769230769230769
1.0
0.8333333333333334
0.6818181818181818
0.8148148148148148
0.42857142857142855
0.7352941176470589
0.5975609756097561
1.0
1.0
1.0
1.0
0.8333333333333334
0.6578947368421053
0.6666666666666666
1.0
0.62
0.5517241379310345
1.0
1.0
0.2777777777777778
1.0
1.0
1.0
0.42
1.0
1.0
0.6
0.8648648648648649
0.7328767123287672
1.0
0.35185185185185186
0.5
0.8444444444444444
0.8936170212765957
0.5
1.0
0.5645161290322581
0.14285714285714285
0.7680412371134021
1.0
1.0
0.14285714285714285
0.5740740740740741
0.8245614035087719
0.0
0.839622641509434
0.532258064516129
1.0
1.0
0.7307692307692307
1.0
0.34210526315789475
0.8372093023255814
1.0
0.5333333333333333
0.5555555555555556
1.0
1.0
0.6851851851851852
1.0
0.4090909090909091
0.7777777777777778
1.0
0.5
1.0
0.42857142857142855
1.0
0.35135135135135137
0.7040816326530612
0.9
0.8648648648648649
0.7796610169491526
0.7207792207792207
1.0
0.7741935483870968
0.3684210526315789
0.29411764705882354
0.5
0.7246376811594203
0.8709677419354839
0.8831168831168831
1.0
0.6379310344827587
0.927536231884058
1.0
1.0
0.5
0.2
0.4
1.0
0.8275862068965517
0.8113207547169812
0.3870967741935484
0.4482758620689655
1.0
0.66
1.0
0.6707317073170732
0.8780487804878049
1.0
0.7428571428571429
1.0
1.0
0.4387755102040816
0.7887323943661971
0.5106382978723404
0.23684210526315788
0.6575342465753424
0.6666666666666666
0.8947368421052632
0.696969696969697
0.7428571428571429
0.5789473684210527
0.5882352941176471
0.5425531914893617
0.5384615384615384
0.8571428571428571
0.6461538461538462
0.9146341463414634
0.6851851851851852
0.9122807017543859
0.5
1.0
0.7280701754385965
0.6129032258064516
1.0
0.6415929203539823
1.0
0.8533333333333334
0.3333333333333333
0.7021276595744681
0.753968253968254
1.0
0.2
0.7272727272727273
1.0
0.5877192982456141
0.6724137931034483
0.8207547169811321
0.47058823529411764
0.740506329113924
0.7142857142857143
0.7857142857142857
1.0
1.0
1.0
0.8148148148148148
1.0
0.8518518518518519
0.5769230769230769
1.0
1.0
0.7692307692307693
0.3333333333333333
1.0
1.0
0.9019607843137255
0.582089552238806
0.6551724137931034
0.8148148148148148
1.0
0.39473684210526316
1.0
0.5
0.30434782608695654
0.8478260869565217
0.8076923076923077
0.7093023255813954
0.7846153846153846
0.3333333333333333
0.3333333333333333
0.7586206896551724
0.631578947368421
0.7653061224489796
0.8648648648648649
0.8571428571428571
0.803030303030303
1.0
1.0
0.6896551724137931
0.8714285714285714
0.6666666666666666
1.0
0.7272727272727273
0.7619047619047619
0.898989898989899
1.0
0.8571428571428571
0.782608695652174
0.9253731343283582
0.8888888888888888
0.7244897959183674
0.82
0.7941176470588235
0.7647058823529411
0.6224489795918368
0.7516556291390728
0.6285714285714286
0.8
1.0
0.7011494252873564
0.6470588235294118
0.6351351351351351
1.0
1.0
0.7333333333333333
0.8947368421052632
1.0
1.0
1.0
1.0
0.7666666666666667
0.8827160493827161
0.7439024390243902
0.7666666666666667
0.7538461538461538
0.7264150943396226
0.8235294117647058
1.0
0.7272727272727273
1.0
0.3333333333333333
0.8333333333333334
1.0
0.7422680412371134
0.6463414634146342
0.7040816326530612
0.8
0.8837209302325582
0.6417910447761194
0.4117647058823529
0.4358974358974359
0.7439024390243902
1.0
0.7567567567567568
0.8245614035087719
0.8307692307692308
0.6111111111111112
1.0
0.8571428571428571
1.0
0.8714285714285714
0.6333333333333333
1.0
0.4696969696969697
1.0
0.6555555555555556
0.6351351351351351
0.7758620689655172
0.6304347826086957
0.7391304347826086
0.6086956521739131
1.0
1.0
1.0
0.391304347826087
0.7777777777777778
0.6956521739130435
0.6666666666666666
0.47058823529411764
0.8936170212765957
0.5135135135135135
0.3333333333333333
0.6739130434782609
0.6851851851851852
0.42592592592592593
1.0
0.5
0.4482758620689655
1.0
0.8888888888888888
0.7272727272727273
0.7021276595744681
0.538961038961039
0.6470588235294118
0.5188679245283019
0.7285714285714285
0.6257861635220126
0.8301886792452831
0.6271186440677966
0.6
0.6967213114754098
0.5933333333333334
0.6153846153846154
0.8936170212765957
0.7941176470588235
0.7377049180327869
0.6886792452830188
0.9310344827586207
0.7424242424242424
0.4
0.45180722891566266
0.6122448979591837
0.6
0.7235294117647059
0.5909090909090909
0.4074074074074074
0.7241379310344828
0.5161290322580645
0.8113207547169812
0.5117647058823529
0.689873417721519
0.45121951219512196
0.8780487804878049
0.8412698412698413
0.6595744680851063
1.0
0.6794871794871795
0.648936170212766
0.8118811881188119
0.7195121951219512
0.66
0.7735849056603774
1.0
1.0
0.8780487804878049
0.8356164383561644
0.6382978723404256
0.0
1.0
0.8780487804878049
0.8484848484848485
0.7068965517241379
0.8481012658227848
0.7804878048780488
0.9152542372881356
1.0
0.6705882352941176
0.8979591836734694
0.5641025641025641
0.5943396226415094
0.8148148148148148
0.6461538461538462
0.5333333333333333
0.7741935483870968
0.6025641025641025
0.6896551724137931
1.0
0.0
0.8275862068965517
1.0
0.9230769230769231
1.0
0.6857142857142857
0.6808510638297872
0.6744186046511628
0.3333333333333333
0.7089552238805971
1.0
0.9555555555555556
1.0
0.8148148148148148
0.5217391304347826
0.6666666666666666
0.3333333333333333
1.0
0.8823529411764706
0.35294117647058826
0.7105263157894737
1.0
0.7368421052631579
1.0
1.0
1.0
1.0
0.4
0.6111111111111112
0.8857142857142857
0.5789473684210527
1.0
0.9428571428571428
0.7432432432432432
0.7777777777777778
0.7619047619047619
1.0
1.0
0.4666666666666667
0.2692307692307692
1.0
0.5384615384615384
0.72
0.5857142857142857
0.555045871559633
0.62
0.7807017543859649
0.72
1.0
0.6587301587301587
0.5862068965517241
0.9019607843137255
1.0
0.7195121951219512
0.8333333333333334
0.6379310344827587
0.6016949152542372
0.7432432432432432
0.782608695652174
1.0
0.7674418604651163
1.0
0.6060606060606061
0.8103448275862069
1.0
1.0
0.52
0.7073170731707317
0.6724137931034483
0.45652173913043476
1.0
0.4594594594594595
0.7352941176470589
1.0
0.5869565217391305
0.5806451612903226
0.851063829787234
0.7307692307692307
0.5540540540540541
1.0
1.0
0.4897959183673469
0.8783783783783784
0.8780487804878049
1.0
0.7127659574468085
0.6351351351351351
0.7
1.0
1.0
0.5142857142857142
0.8148148148148148
1.0
0.7037037037037037
0.6486486486486487
0.8
0.7352941176470589
0.8783783783783784
0.686046511627907
0.4827586206896552
0.7857142857142857
1.0
1.0
1.0
0.8372093023255814
0.5909090909090909
0.524390243902439
0.7142857142857143
0.5158730158730159
0.5
0.7058823529411765
0.8666666666666667
0.8387096774193549
0.7439024390243902
0.7352941176470589
1.0
0.8245614035087719
0.6296296296296297
0.3076923076923077
0.5
0.6212121212121212
0.6320754716981132
0.8103448275862069
0.6666666666666666
1.0
0.9130434782608695
1.0
1.0
0.8283582089552238
1.0
1.0
0.9459459459459459
1.0
0.581081081081081
1.0
0.9574468085106383
0.7619047619047619
0.7307692307692307
1.0
0.5714285714285714
0.5169491525423728
0.6909090909090909
0.9382716049382716
0.7368421052631579
0.0
0.9222222222222223
0.6235294117647059
0.6836734693877551
0.6666666666666666
0.6343283582089553
0.8478260869565217
0.7686567164179104
0.8
0.7407407407407407
0.6190476190476191
1.0
0.6190476190476191
1.0
1.0
1.0
1.0
0.8650793650793651
0.82
0.6190476190476191
0.7325581395348837
1.0
1.0
1.0
1.0
0.8714285714285714
0.6610169491525424
0.8518518518518519
0.7191011235955056
0.43548387096774194
1.0
0.8589743589743589
0.9574468085106383
0.4090909090909091
0.7352941176470589
0.6612903225806451
0.48
0.5888888888888889
0.9428571428571428
0.9130434782608695
0.7564102564102564
0.3793103448275862
0.5
0.5142857142857142
1.0
0.7346938775510204
0.4189189189189189
1.0
0.5789473684210527
0.6818181818181818
0.42857142857142855
0.7142857142857143
1.0
0.6285714285714286
0.4782608695652174
1.0
0.6129032258064516
1.0
0.8
1.0
1.0
1.0
1.0
0.6129032258064516
0.627906976744186
0.813953488372093
0.6585365853658537
0.8979591836734694
0.8717948717948718
1.0
0.3333333333333333
0.603448275862069
1.0
0.7671232876712328
0.6515151515151515
0.7741935483870968
1.0
0.6956521739130435
0.648936170212766
0.8787878787878788
0.6923076923076923
0.7384615384615385
0.9459459459459459
0.746268656716418
1.0
0.8484848484848485
0.782608695652174
0.7297297297297297
1.0
1.0
0.9152542372881356
0.8207547169811321
0.696969696969697
0.8108108108108109
0.6857142857142857
0.7307692307692307
0.8780487804878049
0.7551020408163265
1.0
0.6666666666666666
0.6756756756756757
0.8846153846153846
0.7307692307692307
0.7439024390243902
0.72
0.6338028169014085
1.0
0.5967741935483871
0.6428571428571429
0.8191489361702128
0.7777777777777778
1.0
0.6379310344827587
0.8333333333333334
0.6
0.5
0.717948717948718
1.0
1.0
0.6864406779661016
1.0
0.6486486486486487
0.9295774647887324
0.6842105263157895
0.42857142857142855
1.0
0.6176470588235294
0.5510204081632653
1.0
1.0
0.7647058823529411
0.6481481481481481
0.7941176470588235
1.0
0.86
0.35135135135135137
1.0
0.42424242424242425
0.8142857142857143
0.8387096774193549
0.782608695652174
0.7
0.782608695652174
0.7142857142857143
0.23076923076923078
0.8484848484848485
0.6666666666666666
1.0
0.5
1.0
0.5294117647058824
0.3333333333333333
0.6666666666666666
1.0
0.782608695652174
1.0
0.6
0.7058823529411765
0.47619047619047616
0.8513513513513513
0.32608695652173914
0.7777777777777778
0.5263157894736842
1.0
0.3333333333333333
1.0
0.84
0.7333333333333333
0.5185185185185185
0.8924731182795699
0.8114754098360656
1.0
0.6956521739130435
0.5344827586206896
1.0
0.34146341463414637
1.0
0.7058823529411765
1.0
0.5522388059701493
0.5172413793103449
0.7272727272727273
0.7619047619047619
1.0
0.72
0.5925925925925926
0.5172413793103449
1.0
0.6153846153846154
0.7407407407407407
0.6666666666666666
1.0
0.7857142857142857
1.0
1.0
1.0
0.5
0.8245614035087719
0.6956521739130435
0.7096774193548387
0.6370370370370371
0.8936170212765957
1.0
0.7761194029850746
0.7333333333333333
1.0
0.6818181818181818
0.631578947368421
0.8148148148148148
0.2878787878787879
0.7142857142857143
1.0
0.7894736842105263
1.0
0.9672131147540983
0.7407407407407407
0.8846153846153846
0.9019607843137255
1.0
0.9019607843137255
0.7352941176470589
0.42857142857142855
1.0
1.0
0.66
1.0
0.6666666666666666
1.0
0.8181818181818182
0.7702702702702703
0.41304347826086957
0.6206896551724138
0.3333333333333333
1.0
0.8085106382978723
0.7
1.0
1.0
0.7894736842105263
0.7941176470588235
0.6956521739130435
1.0
1.0
1.0
1.0
0.5
1.0
0.782608695652174
1.0
1.0
0.8333333333333334
0.9146341463414634
0.5686274509803921
1.0
0.8114754098360656
0.8936170212765957
1.0
1.0
0.6538461538461539
0.891566265060241
0.8135593220338984
1.0
0.6333333333333333
0.6956521739130435
0.6395348837209303
1.0
0.3333333333333333
1.0
0.3333333333333333
1.0
0.782608695652174
0.5526315789473685
0.5652173913043478
0.8823529411764706
0.7586206896551724
0.7439024390243902
0.6333333333333333
0.7741935483870968
0.7702702702702703
0.5476190476190477
0.5333333333333333
1.0
0.0
0.7755102040816326
1.0
0.6481481481481481
0.7208588957055214
0.6025641025641025
1.0
0.5869565217391305
0.7631578947368421
1.0
1.0
0.5526315789473685
0.8148148148148148
0.782608695652174
0.8181818181818182
0.4
0.7089552238805971
0.782608695652174
0.6415094339622641
1.0
0.5714285714285714
0.7790697674418605
0.8793103448275862
1.0
1.0
1.0
0.6090909090909091
1.0
1.0
0.6444444444444445
0.6428571428571429
1.0
1.0
1.0
1.0
0.48717948717948717
0.6290322580645161
1.0
1.0
0.8108108108108109
0.8163265306122449
0.8648648648648649
0.6666666666666666
0.64
1.0
0.7647058823529411
0.4473684210526316
0.8387096774193549
0.7307692307692307
0.8181818181818182
0.6923076923076923
0.8870967741935484
0.6363636363636364
0.6153846153846154
0.7619047619047619
0.4186046511627907
1.0
1.0
0.8648648648648649
0.6176470588235294
0.4368421052631579
0.38461538461538464
1.0
0.6451612903225806
1.0
0.6226415094339622
0.7777777777777778
0.7333333333333333
1.0
0.7692307692307693
0.4696969696969697
0.4
0.6764705882352942
1.0
0.7592592592592593
1.0
0.7857142857142857
0.7058823529411765
0.6111111111111112
0.8627450980392157
0.38235294117647056
1.0
0.7608695652173914
0.3333333333333333
0.42857142857142855
0.8360655737704918
0.7857142857142857
0.7466666666666667
0.6428571428571429
0.8181818181818182
0.6807228915662651
1.0
1.0
1.0
1.0
1.0
0.8484848484848485
0.826530612244898
1.0
0.7352941176470589
0.8888888888888888
0.8837209302325582
0.5714285714285714
1.0
0.6428571428571429
0.8727272727272727
1.0
0.8695652173913043
0.9438202247191011
0.9019607843137255
0.7551020408163265
1.0
1.0
0.8023255813953488
0.8478260869565217
0.6296296296296297
1.0
0.7428571428571429
0.9047619047619048
1.0
0.8181818181818182
0.5
1.0
1.0
0.8571428571428571
0.927536231884058
0.44594594594594594
0.8387096774193549
0.8
0.6304347826086957
0.782608695652174
0.5454545454545454
0.18181818181818182
0.6090909090909091
0.8387096774193549
0.5
0.5975609756097561
0.795774647887324
0.803921568627451
1.0
0.7317073170731707
0.8484848484848485
1.0
0.6181818181818182
0.559322033898305
0.7127659574468085
1.0
0.6226415094339622
1.0
1.0
0.5816326530612245
1.0
0.7051282051282052
0.5555555555555556
0.6739130434782609
0.6555555555555556
0.6333333333333333
0.5294117647058824
0.7209302325581395
0.7209302325581395
0.8478260869565217
0.5769230769230769
0.7096774193548387
0.813953488372093
0.5925925925925926
0.3333333333333333
0.6829268292682927
0.8596491228070176
0.8260869565217391
0.2857142857142857
0.6530612244897959
0.8793103448275862
1.0
1.0
0.5
1.0
0.4473684210526316
0.5
1.0
1.0
0.7837837837837838
0.6304347826086957
1.0
1.0
0.7868852459016393
1.0
0.8823529411764706
0.5769230769230769
0.7878787878787878
0.8823529411764706
0.6111111111111112
0.7142857142857143
0.4864864864864865
0.7297297297297297
1.0
0.7923076923076923
1.0
0.7
0.2894736842105263
0.8484848484848485
0.7619047619047619
0.6272727272727273
0.8333333333333334
0.8648648648648649
0.7894736842105263
1.0
0.577922077922078
0.19230769230769232
0.8333333333333334
0.7615384615384615
1.0
1.0
1.0
1.0
0.6190476190476191
1.0
0.7619047619047619
0.6627906976744186
0.3333333333333333
0.8837209302325582
0.8648648648648649
0.8793103448275862
1.0
0.7586206896551724
0.8157894736842105
0.5652173913043478
0.6349206349206349
0.6363636363636364
1.0
0.6538461538461539
0.5909090909090909
0.8648648648648649
0.7906976744186046
0.6551724137931034
0.9315068493150684
0.5645161290322581
1.0
0.5652173913043478
1.0
1.0
1.0
0.8589743589743589
0.6376811594202898
0.38235294117647056
0.8181818181818182
0.8
0.6578947368421053
0.72
0.6621621621621622
0.7529411764705882
0.8526315789473684
0.8620689655172413
1.0
0.9504950495049505
0.8461538461538461
0.8015873015873016
0.6046511627906976
0.7923076923076923
0.7459016393442623
0.6545454545454545
0.5844155844155844
0.7567567567567568
0.46551724137931033
0.7777777777777778
0.8987341772151899
0.6122448979591837
0.7127659574468085
0.5
0.3157894736842105
0.7818181818181819
0.7241379310344828
0.6956521739130435
0.7121212121212122
0.5957446808510638
0.9090909090909091
0.631578947368421
0.5957446808510638
0.8070175438596491
0.3181818181818182
1.0
1.0
0.7696629213483146
0.7264150943396226
0.8473684210526315
0.7468354430379747
0.7716049382716049
0.7741935483870968
0.5263157894736842
0.5161290322580645
0.6666666666666666
1.0
0.9047619047619048
0.8648648648648649
0.8148148148148148
0.6866666666666666
0.9534883720930233
1.0
0.8421052631578947
1.0
0.8648648648648649
0.14705882352941177
0.6909090909090909
0.6714285714285714
1.0
0.8936170212765957
0.7535211267605634
1.0
0.8275862068965517
1.0
0.7560975609756098
0.6571428571428571
0.6530612244897959
0.8442622950819673
0.8043478260869565
0.6511627906976745
0.45714285714285713
0.532258064516129
0.6481481481481481
0.44
0.6089108910891089
0.8305084745762712
0.7014925373134329
0.82
0.8484848484848485
0.46
0.8148148148148148
0.6086956521739131
0.6571428571428571
0.2894736842105263
0.5666666666666667
1.0
0.47368421052631576
0.5784313725490197
0.4
0.7790697674418605
0.7758620689655172
0.8473684210526315
1.0
1.0
0.8103448275862069
0.8018867924528302
0.8426966292134831
0.8888888888888888
0.782051282051282
0.7714285714285715
0.5121951219512195
0.7325581395348837
1.0
1.0
1.0
0.6157894736842106
0.6470588235294118
0.5674740484429066
0.6242038216560509
0.8717948717948718
0.7191011235955056
0.8
0.6052631578947368
1.0
0.7555555555555555
0.5491803278688525
0.5641025641025641
0.6428571428571429
0.935064935064935
0.6714285714285714
0.6774193548387096
0.5615384615384615
0.8292682926829268
0.8780487804878049
0.673469387755102
1.0
0.4387755102040816
0.7848101265822784
0.3333333333333333
0.8142857142857143
0.7241379310344828
0.8936170212765957
0.6933333333333334
1.0
0.851063829787234
0.7446808510638298
0.6444444444444445
0.7021276595744681
1.0
0.8979591836734694
0.6134453781512605
0.64
0.9150943396226415
0.686046511627907
1.0
1.0
0.7333333333333333
1.0
0.18421052631578946
1.0
0.9130434782608695
0.5294117647058824
0.7407407407407407
0.36
1.0
0.7666666666666667
0.7530864197530864
0.8148148148148148
0.8717948717948718
0.82
0.6904761904761905
0.9019607843137255
0.6229508196721312
1.0
0.6176470588235294
1.0
0.6951219512195121
0.631578947368421
0.7966101694915254
0.7586206896551724
0.7
0.7533333333333333
0.8768115942028986
1.0
0.8032786885245902
0.7183098591549296
0.8227848101265823
0.3333333333333333
1.0
1.0
0.5
0.9047619047619048
0.8571428571428571
0.8947368421052632
0.8484848484848485
0.7043010752688172
0.7183098591549296
1.0
1.0
1.0
0.7058823529411765
1.0
0.8333333333333334
0.6612903225806451
1.0
0.8979591836734694
0.7352941176470589
0.8108108108108109
0.8837209302325582
0.7857142857142857
1.0
0.7432432432432432
0.7
1.0
0.7068965517241379
0.7368421052631579
1.0
0.6551724137931034
0.8837209302325582
0.5571428571428572
1.0
0.7564102564102564
0.7545454545454545
1.0
1.0
0.7195121951219512
0.9354838709677419
0.8113207547169812
1.0
1.0
0.9019607843137255
0.35555555555555557
0.6666666666666666
0.8979591836734694
0.7384615384615385
0.3333333333333333
0.4142857142857143
0.2
0.7142857142857143
1.0
0.8484848484848485
0.5087719298245614
0.62
0.6395348837209303
0.8484848484848485
1.0
1.0
0.9393939393939394
1.0
0.7962962962962963
1.0
1.0
0.07142857142857142
0.7941176470588235
0.7368421052631579
0.8888888888888888
0.7238805970149254
0.6176470588235294
1.0
0.8888888888888888
0.8
0.7121212121212122
0.9122807017543859
1.0
0.8275862068965517
0.7058823529411765
0.6595744680851063
0.7272727272727273
0.8292682926829268
0.6538461538461539
1.0
0.30952380952380953
0.4523809523809524
0.8461538461538461
0.5
0.8181818181818182
1.0
1.0
0.5
0.6639344262295082
0.5769230769230769
1.0
1.0
1.0
0.7358490566037735
0.9354838709677419
0.7457627118644068
0.6956521739130435
0.8837209302325582
0.7096774193548387
1.0
1.0
1.0
0.9259259259259259
1.0
1.0
1.0
0.5526315789473685
1.0
0.872093023255814
0.8148148148148148
0.8275862068965517
1.0
1.0
0.7666666666666667
1.0
1.0
1.0
0.8227848101265823
0.6952380952380952
1.0
0.6764705882352942
0.7560975609756098
1.0
0.7285714285714285
0.8936170212765957
0.8717948717948718
0.6551724137931034
0.8
0.8923076923076924
0.8975903614457831
1.0
0.8870967741935484
1.0
1.0
1.0
1.0
1.0
0.8484848484848485
0.782051282051282
0.8888888888888888
1.0
0.7058823529411765
1.0
0.7686567164179104
0.5384615384615384
0.9102564102564102
0.8837209302325582
0.7398373983739838
0.8666666666666667
0.7028985507246377
0.7702702702702703
0.72
1.0
0.5
0.6463414634146342
0.8023255813953488
0.6739130434782609
0.8148148148148148
0.38461538461538464
0.7662337662337663
0.6461538461538462
0.7333333333333333
0.5
0.6025641025641025
0.6585365853658537
0.8589743589743589
0.6978021978021978
0.7368421052631579
0.4090909090909091
0.5544554455445545
0.41304347826086957
0.5769230769230769
1.0
1.0
0.6290322580645161
1.0
1.0
0.7529411764705882
0.6698113207547169
1.0
0.7368421052631579
0.8571428571428571
0.6571428571428571
0.2631578947368421
0.782608695652174
0.43478260869565216
1.0
0.8888888888888888
0.6949152542372882
1.0
1.0
0.660377358490566
0.7741935483870968
0.9354838709677419
0.8333333333333334
0.7735849056603774
0.9099099099099099
0.6521739130434783
0.92
0.6666666666666666
0.7560975609756098
0.7238805970149254
0.7380952380952381
0.8095238095238095
0.6891891891891891
0.6604938271604939
0.38461538461538464
0.7857142857142857
0.6129032258064516
0.8356164383561644
0.8292682926829268
1.0
0.74
0.8391304347826087
1.0
0.6808510638297872
0.3333333333333333
1.0
1.0
0.6111111111111112
0.8793103448275862
1.0
0.8333333333333334
0.7619047619047619
1.0
1.0
0.7619047619047619
0.9146341463414634
1.0
0.8148148148148148
1.0
0.803921568627451
0.8571428571428571
0.7619047619047619
0.5925925925925926
0.8
0.6829268292682927
0.8484848484848485
1.0
0.8111111111111111
1.0
0.9102564102564102
0.8692307692307693
1.0
0.9259259259259259
0.6739130434782609
1.0
1.0
1.0
0.5980392156862745
1.0
0.8614457831325302
1.0
1.0
0.92
1.0
0.5303030303030303
1.0
1.0
1.0
1.0
0.9385964912280702
1.0
0.8275862068965517
0.5930232558139535
0.7264150943396226
1.0
0.8082191780821918
0.24285714285714285
1.0
1.0
0.58
0.7857142857142857
0.7619047619047619
1.0
0.15384615384615385
0.6538461538461539
1.0
0.6111111111111112
1.0
0.7446808510638298
0.7
0.6363636363636364
0.6949152542372882
0.9310344827586207
0.7619047619047619
0.6555555555555556
0.7162162162162162
0.6153846153846154
1.0
0.6571428571428571
1.0
0.9081632653061225
0.8936170212765957
0.5701754385964912
0.7692307692307693
0.5882352941176471
1.0
0.8113207547169812
1.0
0.5641025641025641
0.8717948717948718
1.0
1.0
0.5
1.0
0.7333333333333333
1.0
0.8
0.5909090909090909
0.8157894736842105
0.676923076923077
1.0
1.0
0.8387096774193549
1.0
0.8114754098360656
0.8478260869565217
0.7735849056603774
0.7439024390243902
0.8555555555555555
0.8023255813953488
0.8181818181818182
0.6140350877192983
0.8571428571428571
0.6793103448275862
0.819672131147541
0.3979591836734694
0.6
0.6111111111111112
0.7368421052631579
0.782608695652174
0.576271186440678
0.823076923076923
0.7894736842105263
0.5882352941176471
0.7631578947368421
0.7
0.4666666666666667
0.863013698630137
1.0
1.0
1.0
0.6111111111111112
0.3333333333333333
0.5555555555555556
0.8717948717948718
1.0
1.0
0.7368421052631579
0.6712328767123288
0.6153846153846154
1.0
0.8157894736842105
0.6956521739130435
0.782608695652174
0.5882352941176471
0.8648648648648649
1.0
1.0
0.7365591397849462
0.782608695652174
0.6086956521739131
0.7752808988764045
1.0
0.6756756756756757
0.8292682926829268
0.5303030303030303
0.8148148148148148
0.72
0.9313725490196079
1.0
0.7
0.8888888888888888
0.8387096774193549
0.6311475409836066
0.8021978021978022
0.7755102040816326
0.7682926829268293
1.0
0.8115942028985508
0.9056603773584906
0.8979591836734694
1.0
0.8717948717948718
0.7872340425531915
1.0
1.0
0.7380952380952381
1.0
0.782608695652174
1.0
0.7428571428571429
1.0
0.5555555555555556
1.0
1.0
0.6666666666666666
0.48148148148148145
0.8793103448275862
1.0
0.6923076923076923
1.0
1.0
0.6862745098039216
0.7878787878787878
0.6818181818181818
1.0
0.696969696969697
1.0
1.0
0.7446808510638298
0.38461538461538464
1.0
0.7333333333333333
0.7142857142857143
0.847457627118644
0.7142857142857143
0.7857142857142857
1.0
0.7127659574468085
0.6829268292682927
1.0
0.6122448979591837
1.0
0.9113924050632911
0.8
0.6470588235294118
1.0
0.0
1.0
1.0
0.971830985915493
0.7532467532467533
1.0
0.8636363636363636
1.0
1.0
0.8760683760683761
1.0
0.8698630136986302
0.9206349206349206
0.8571428571428571
0.8795180722891566
0.9555555555555556
0.8888888888888888
0.9152542372881356
0.8888888888888888
1.0
0.6551724137931034
1.0
0.4152542372881356
0.6746031746031746
0.6395348837209303
0.9295774647887324
0.8428571428571429
0.7887323943661971
0.7959183673469388
0.717948717948718
0.782608695652174
1.0
0.6774193548387096
0.66
0.7777777777777778
1.0
0.5333333333333333
0.9354838709677419
0.8111111111111111
0.8275862068965517
0.7105263157894737
0.9459459459459459
0.803921568627451
0.8301886792452831
1.0
0.8
0.8888888888888888
0.8387096774193549
0.872093023255814
0.8648648648648649
0.68
1.0
0.7551020408163265
0.9230769230769231
0.7068965517241379
0.7313432835820896
0.7439024390243902
1.0
0.8473684210526315
0.8717948717948718
0.7622950819672131
0.7978723404255319
0.7692307692307693
0.7058823529411765
0.7346938775510204
0.9292929292929293
0.46551724137931033
1.0
0.7368421052631579
0.4230769230769231
0.6111111111111112
0.82
1.0
0.8571428571428571
0.5869565217391305
0.92
0.44
0.44
1.0
0.6216216216216216
1.0
0.7741935483870968
0.6179775280898876
0.7142857142857143
1.0
0.5912280701754385
1.0
0.7542372881355932
0.8793103448275862
1.0
0.7540983606557377
0.7352941176470589
0.7619047619047619
0.8148148148148148
0.782051282051282
1.0
0.7631578947368421
0.7352941176470589
0.7192982456140351
1.0
0.6938775510204082
0.6986301369863014
0.7558139534883721
1.0
0.2692307692307692
1.0
1.0
0.5
0.8461538461538461
0.4
0.9180327868852459
0.5967741935483871
0.82
1.0
0.8507462686567164
0.8157894736842105
0.7818181818181819
0.3333333333333333
1.0
1.0
0.7804878048780488
0.8783783783783784
1.0
1.0
1.0
0.8372093023255814
1.0
0.9636363636363636
0.6274509803921569
0.7619047619047619
0.6206896551724138
0.7068965517241379
0.8717948717948718
0.5633802816901409
0.782608695652174
1.0
0.44339622641509435
0.6956521739130435
0.803030303030303
0.6914893617021277
0.845679012345679
0.746031746031746
0.8979591836734694
1.0
0.7142857142857143
0.7545454545454545
0.6937984496124031
0.9295774647887324
0.8608247422680413
0.6818181818181818
0.7741935483870968
0.8043478260869565
0.782608695652174
0.8478260869565217
0.7368421052631579
1.0
0.8703703703703703
0.8387096774193549
0.8918918918918919
1.0
0.8157894736842105
0.7619047619047619
0.7280701754385965
0.8108108108108109
1.0
1.0
0.8442622950819673
0.7037037037037037
1.0
0.7605633802816901
0.4672131147540984
0.3333333333333333
0.8591549295774648
1.0
1.0
0.6428571428571429
0.9047619047619048
1.0
0.7073170731707317
0.8591549295774648
0.7619047619047619
1.0
0.7283950617283951
0.5869565217391305
0.86
0.6
1.0
1.0
1.0
1.0
0.9152542372881356
0.8275862068965517
1.0
1.0
0.8209876543209876
0.5
0.8461538461538461
0.8717948717948718
1.0
0.8953488372093024
0.40476190476190477
0.8
0.9056603773584906
1.0
0.8648648648648649
1.0
1.0
0.5
0.8717948717948718
0.6341463414634146
1.0
0.8571428571428571
0.782051282051282
0.391304347826087
0.7307692307692307
0.6212121212121212
0.8205128205128205
0.7619047619047619
0.7368421052631579
1.0
0.6282051282051282
0.8939393939393939
0.7169811320754716
0.8205128205128205
1.0
0.8333333333333334
1.0
1.0
0.7090909090909091
0.8484848484848485
0.851063829787234
0.86
0.54
0.7967032967032966
0.8648648648648649
0.8636363636363636
0.7692307692307693
0.8098591549295775
1.0
1.0
1.0
1.0
1.0
0.8260869565217391
0.5454545454545454
0.9047619047619048
0.8870967741935484
1.0
0.391304347826087
1.0
0.696969696969697
0.8103448275862069
0.8837209302325582
1.0
0.8108108108108109
0.9113924050632911
0.9056603773584906
0.6486486486486487
0.7857142857142857
0.803921568627451
0.8888888888888888
1.0
0.9487179487179487
0.9122807017543859
0.5
0.7777777777777778
0.6129032258064516
0.8275862068965517
0.9090909090909091
1.0
0.7865168539325843
0.8717948717948718
0.7454545454545455
0.7910447761194029
0.9230769230769231
1.0
0.6764705882352942
0.6
1.0
0.6896551724137931
0.7647058823529411
0.8888888888888888
1.0
0.8275862068965517
1.0
0.8333333333333334
0.8734177215189873
0.927536231884058
1.0
0.626984126984127
0.6566265060240963
0.9014084507042254
1.0
0.6777777777777778
0.4444444444444444
0.5581395348837209
0.7465753424657534
0.7027027027027027
1.0
0.7777777777777778
1.0
0.8783783783783784
0.9152542372881356
1.0
1.0
0.3333333333333333
1.0
0.7058823529411765
1.0
1.0
1.0
0.9622641509433962
0.6402877697841727
0.7985074626865671
0.45652173913043476
0.6296296296296297
0.8703703703703703
0.5185185185185185
0.8333333333333334
0.6144578313253012
0.6923076923076923
1.0
0.8571428571428571
1.0
0.5483870967741935
0.6923076923076923
0.6864406779661016
0.6956521739130435
0.8387096774193549
0.8360655737704918
0.7631578947368421
1.0
0.6571428571428571
1.0
0.7857142857142857
1.0
0.7058823529411765
0.2391304347826087
0.6111111111111112
0.8181818181818182
0.5740740740740741
0.7368421052631579
0.8085106382978723
0.4827586206896552
0.5
1.0
0.8148148148148148
1.0
1.0
0.5454545454545454
1.0
0.2222222222222222
0.7549019607843137
0.5471698113207547
0.6491228070175439
0.9047619047619048
0.782608695652174
0.581081081081081
0.46153846153846156
1.0
0.4
1.0
0.5952380952380952
0.7181818181818181
0.773972602739726
0.8148148148148148
1.0
0.6604938271604939
0.6020408163265306
1.0
0.7735849056603774
0.8478260869565217
0.7647058823529411
0.8098591549295775
0.7
0.5
0.5714285714285714
0.8448275862068966
0.72
0.5476190476190477
0.8024691358024691
1.0
0.839622641509434
0.7804878048780488
0.7674418604651163
0.8975903614457831
1.0
1.0
0.6129032258064516
0.6976744186046512
0.92
0.5897435897435898
0.8648648648648649
0.8813559322033898
0.8
1.0
1.0
0.7903225806451613
0.7333333333333333
0.7674418604651163
0.8888888888888888
0.7523809523809524
0.6813186813186813
1.0
1.0
0.5
0.8108108108108109
0.6935483870967742
1.0
0.6222222222222222
1.0
0.6363636363636364
0.6538461538461539
0.7058823529411765
0.8278688524590164
0.6923076923076923
1.0
0.782608695652174
0.5444444444444444
0.7634408602150538
0.9152542372881356
1.0
0.6216216216216216
0.43333333333333335
0.8888888888888888
0.7285714285714285
0.7627118644067796
0.8050847457627118
0.8478260869565217
0.6219512195121951
0.7364341085271318
0.8484848484848485
0.4915254237288136
0.9054054054054054
1.0
0.6304347826086957
0.8305084745762712
0.8387096774193549
1.0
0.5769230769230769
1.0
0.4090909090909091
0.4090909090909091
0.7407407407407407
1.0
0.7394366197183099
0.8481012658227848
0.680327868852459
0.8717948717948718
1.0
0.7397660818713451
0.6885245901639344
0.7619047619047619
0.7435897435897436
1.0
0.788
0.6839080459770115
0.717391304347826
0.8157894736842105
0.9069767441860465
0.5
0.7894736842105263
1.0
0.8076923076923077
0.6016949152542372
0.8734177215189873
0.9384615384615385
0.7878787878787878
0.6839080459770115
0.8108108108108109
1.0
0.49056603773584906
0.7407407407407407
0.5666666666666667
0.803921568627451
1.0
1.0
0.5897435897435898
0.7758620689655172
0.7560975609756098
0.6666666666666666
0.5
1.0
0.5
1.0
0.5
1.0
0.46153846153846156
0.9056603773584906
0.8148148148148148
0.631578947368421
0.84
0.7702702702702703
0.8148148148148148
0.6929824561403509
0.8508771929824561
0.8627450980392157
0.8043478260869565
0.8703703703703703
0.8181818181818182
0.8372093023255814
0.7872340425531915
0.6636363636363637
0.6486486486486487
0.6444444444444445
0.8478260869565217
0.6727272727272727
1.0
0.8292682926829268
0.9411764705882353
0.7
0.6904761904761905
1.0
0.6914893617021277
0.6967213114754098
0.7653061224489796
0.6153846153846154
0.851063829787234
0.9067796610169492
0.391304347826087
0.6274509803921569
0.14
0.8571428571428571
0.7337662337662337
0.688034188034188
0.7409638554216867
0.9152542372881356
1.0
1.0
1.0
0.7777777777777778
0.3333333333333333
1.0
0.6632653061224489
1.0
0.7424242424242424
0.7407407407407407
1.0
0.7971014492753623
0.8877551020408163
0.8888888888888888
0.782608695652174
0.6407766990291263
1.0
0.16666666666666666
1.0
0.8333333333333334
1.0
0.6129032258064516
0.8939393939393939
0.6764705882352942
0.2777777777777778
0.8108108108108109
1.0
0.6666666666666666
1.0
0.8484848484848485
0.8363636363636363
1.0
0.7777777777777778
1.0
1.0
0.7941176470588235
0.5777777777777777
0.66
0.47619047619047616
0.5454545454545454
0.7368421052631579
1.0
0.7653061224489796
1.0
0.868421052631579
0.782051282051282
0.8985507246376812
0.9206349206349206
0.6428571428571429
0.74
0.5573770491803278
0.8902439024390244
0.6222222222222222
0.6940298507462687
0.782608695652174
0.6111111111111112
0.8111111111111111
1.0
0.6792452830188679
0.8095238095238095
0.7363636363636363
1.0
0.9726027397260274
0.9047619047619048
0.6129032258064516
0.8108108108108109
0.7417582417582418
0.8545454545454545
0.9367088607594937
1.0
0.8163265306122449
0.4215686274509804
0.5882352941176471
1.0
0.8351648351648352
0.7424242424242424
0.6521739130434783
0.8157894736842105
0.7244897959183674
0.803921568627451
0.8376623376623377
0.8043478260869565
0.6226415094339622
1.0
0.8113207547169812
0.8414634146341463
0.47674418604651164
1.0
1.0
0.7903225806451613
0.7966101694915254
0.7096774193548387
0.7333333333333333
0.38095238095238093
0.5869565217391305
1.0
0.8846153846153846
0.2857142857142857
1.0
0.34782608695652173
0.23809523809523808
0.8
0.813953488372093
0.7586206896551724
0.9
0.6296296296296297
0.7352941176470589
1.0
0.3181818181818182
0.7027027027027027
1.0
0.5434782608695652
0.9056603773584906
0.5925925925925926
1.0
0.8275862068965517
1.0
0.9206349206349206
0.7222222222222222
0.6304347826086957
0.8333333333333334
1.0
1.0
0.3333333333333333
0.8780487804878049
1.0
1.0
1.0
1.0
0.8148148148148148
1.0
0.8939393939393939
0.8292682926829268
0.9180327868852459
1.0
0.8484848484848485
0.5853658536585366
0.21428571428571427
1.0
0.7222222222222222
0.86
0.8666666666666667
0.7586206896551724
0.7
1.0
0.8717948717948718
0.631578947368421
1.0
0.5263157894736842
0.7978723404255319
0.6363636363636364
0.7972972972972973
0.8648648648648649
1.0
1.0
0.8765432098765432
0.9425287356321839
1.0
0.723404255319149
0.7873563218390804
0.9393939393939394
0.42
1.0
0.8444444444444444
0.8387096774193549
0.7368421052631579
0.9206349206349206
1.0
0.8278688524590164
0.6788617886178862
0.6707317073170732
0.6495726495726496
0.7317880794701986
0.7297297297297297
0.8157894736842105
1.0
0.8620689655172413
1.0
0.8765432098765432
0.8543046357615894
0.794392523364486
0.7017543859649122
0.8388429752066116
0.7372881355932204
1.0
0.603448275862069
0.5
0.7307692307692307
1.0
0.7323232323232324
0.551948051948052
0.8733333333333333
0.7424242424242424
0.4666666666666667
0.62
0.8048780487804879
1.0
0.7542372881355932
0.9014084507042254
0.6031746031746031
0.6341463414634146
1.0
0.7479674796747967
1.0
0.8023255813953488
0.7368421052631579
0.38461538461538464
0.6443298969072165
0.6428571428571429
0.9180327868852459
0.8780487804878049
0.6949152542372882
0.8852459016393442
0.9315068493150684
0.780373831775701
0.9122807017543859
0.7864077669902912
0.9367088607594937
0.8045977011494253
0.5333333333333333
0.8780487804878049
0.6509433962264151
0.9295774647887324
0.8679245283018868
0.8771929824561403
1.0
0.8979591836734694
0.8717948717948718
0.8095238095238095
0.7111111111111111
1.0
0.7272727272727273
1.0
0.7459016393442623
0.9056603773584906
0.5666666666666667
0.8148148148148148
1.0
0.872093023255814
1.0
0.8717948717948718
0.6
0.9315068493150684
1.0
0.8571428571428571
0.8148148148148148
0.9180327868852459
0.879746835443038
0.782608695652174
0.7285714285714285
0.8840579710144928
0.8372093023255814
0.8484848484848485
0.6153846153846154
0.7
0.7289156626506024
0.6774193548387096
1.0
0.6162790697674418
1.0
1.0
0.8852459016393442
0.7215189873417721
0.58
0.7452830188679245
0.5943396226415094
1.0
0.7926829268292683
1.0
1.0
0.8484848484848485
0.746268656716418
1.0
0.7777777777777778
1.0
0.696969696969697
0.5757575757575758
0.7446808510638298
1.0
0.45555555555555555
0.7169811320754716
1.0
0.7288135593220338
1.0
0.7586206896551724
0.5806451612903226
0.8780487804878049
0.7627118644067796
0.6470588235294118
0.7073170731707317
1.0
1.0
0.8513513513513513
1.0
0.6851851851851852
0.8870967741935484
1.0
0.5740740740740741
1.0
1.0
0.36046511627906974
0.7058823529411765
0.8793103448275862
1.0
0.8636363636363636
1.0
0.9122807017543859
0.7911392405063291
1.0
1.0
0.8837209302325582
0.7818181818181819
0.84
1.0
0.9081632653061225
0.8955223880597015
0.7368421052631579
0.9
0.6935483870967742
0.9492753623188406
1.0
1.0
0.8484848484848485
0.9285714285714286
0.6571428571428571
0.7407407407407407
0.6909090909090909
1.0
0.6888888888888889
1.0
0.5121951219512195
0.9315068493150684
0.776595744680851
1.0
0.8207547169811321
0.5571428571428572
1.0
0.9152542372881356
0.8780487804878049
0.9180327868852459
0.9056603773584906
0.5526315789473685
0.589041095890411
1.0
0.8598130841121495
0.8717948717948718
0.9259259259259259
0.7904761904761904
0.9130434782608695
0.8777777777777778
0.8679245283018868
0.7073170731707317
0.8090909090909091
0.9122807017543859
1.0
0.6888888888888889
0.72
0.8
0.9090909090909091
0.860655737704918
0.6790123456790124
1.0
0.7674418604651163
0.8275862068965517
0.8701298701298701
0.6097560975609756
0.5507246376811594
0.9122807017543859
0.8114754098360656
0.8028169014084507
0.7142857142857143
0.7551020408163265
0.803030303030303
0.6707317073170732
0.6233766233766234
0.7051282051282052
0.8441558441558441
0.678082191780822
0.717948717948718
0.7285714285714285
0.6846153846153846
0.8113207547169812
1.0
0.6271186440677966
1.0
0.6703296703296703
0.6363636363636364
0.8333333333333334
1.0
0.9230769230769231
0.7027027027027027
0.532258064516129
1.0
0.8442622950819673
0.9315068493150684
0.5434782608695652
0.6538461538461539
0.5977011494252874
0.8073394495412844
0.8095238095238095
0.8837209302325582
0.6888888888888889
1.0
0.686046511627907
0.8768115942028986
0.746031746031746
0.6379310344827587
1.0
0.8431372549019608
0.8823529411764706
0.8658536585365854
0.5
1.0
1.0
0.7560975609756098
1.0
0.753731343283582
1.0
1.0
0.8979591836734694
0.5232558139534884
0.8484848484848485
0.6454545454545455
0.8717948717948718
0.7412060301507538
0.6464646464646465
1.0
0.8064516129032258
1.0
0.82
0.810126582278481
0.7941176470588235
1.0
0.6304347826086957
0.855072463768116
0.9401709401709402
0.5853658536585366
1.0
0.9313725490196079
0.8225806451612904
0.9090909090909091
0.7528089887640449
0.6428571428571429
0.8
0.8813559322033898
0.9145299145299145
0.8602150537634409
1.0
0.7692307692307693
1.0
0.8
0.9122807017543859
0.7619047619047619
0.746031746031746
0.7432432432432432
1.0
1.0
0.8356164383561644
0.8292682926829268
0.746268656716418
0.7699115044247787
0.782051282051282
1.0
1.0
1.0
0.8108108108108109
0.7682926829268293
0.9122807017543859
0.8157894736842105
0.7602739726027398
0.7735042735042735
0.9306930693069307
1.0
0.723404255319149
0.8051948051948052
0.7536231884057971
0.8631578947368421
1.0
0.8823529411764706
0.5555555555555556
0.8157894736842105
0.7891156462585034
0.8021978021978022
1.0
0.5882352941176471
0.5851063829787234
0.8211382113821138
0.66
0.9487179487179487
0.8146067415730337
0.6883116883116883
0.7608695652173914
1.0
0.7684210526315789
0.5662251655629139
1.0
1.0
0.7444444444444445
0.8162393162393162
0.8148148148148148
0.7808219178082192
0.9056603773584906
1.0
0.8870967741935484
0.7619047619047619
0.8484848484848485
0.9512195121951219
0.7903225806451613
0.5116279069767442
0.6967213114754098
0.9438202247191011
1.0
0.7540983606557377
1.0
0.7066666666666667
0.8048780487804879
1.0
0.6428571428571429
1.0
0.7619047619047619
0.5909090909090909
0.9180327868852459
1.0
0.8823529411764706
0.851063829787234
0.696078431372549
0.8559322033898306
1.0
0.8023255813953488
1.0
1.0
0.7878787878787878
0.8
0.9393939393939394
1.0
0.8333333333333334
0.8461538461538461
0.8292682926829268
0.7121212121212122
0.9122807017543859
1.0
1.0
1.0
0.8717948717948718
1.0
1.0
0.7
0.872093023255814
1.0
0.7586206896551724
0.8507462686567164
0.8448275862068966
0.7753623188405797
0.7560975609756098
1.0
0.7721518987341772
1.0
0.8902439024390244
0.8780487804878049
0.782608695652174
0.8405797101449275
0.8205128205128205
0.8837209302325582
1.0
1.0
1.0
0.788135593220339
0.8205128205128205
0.8813559322033898
0.8148148148148148
0.8362831858407079
0.5975609756097561
0.6444444444444445
0.9354838709677419
0.66
1.0
0.8734177215189873
0.9591836734693877
0.7848101265822784
0.7307692307692307
0.8181818181818182
0.5975609756097561
0.8245614035087719
0.6111111111111112
0.47058823529411764
0.6555555555555556
0.8533333333333334
0.6692307692307692
0.47435897435897434
0.7040816326530612
0.5510204081632653
0.8924731182795699
0.5769230769230769
0.5
0.5886075949367089
0.5555555555555556
0.8526315789473684
0.8
0.6428571428571429
0.74
0.7
0.8333333333333334
1.0
0.8627450980392157
0.5377358490566038
0.7213740458015268
1.0
0.6333333333333333
0.5980392156862745
0.7021276595744681
0.3333333333333333
1.0
0.8529411764705882
0.6818181818181818
0.803921568627451
0.23809523809523808
0.7
0.6076923076923076
0.7169811320754716
0.7941176470588235
0.7872340425531915
0.7101449275362319
0.8780487804878049
0.7075471698113207
0.7171717171717171
0.6836734693877551
0.6481481481481481
0.6842105263157895
0.9047619047619048
0.7575757575757576
0.8220338983050848
0.8225806451612904
0.5641025641025641
1.0
1.0
0.9607843137254902
0.64
0.9102564102564102
0.8333333333333334
0.631578947368421
0.7195121951219512
0.6901408450704225
0.8727272727272727
0.8840579710144928
0.7698412698412699
0.9
0.6443298969072165
0.9230769230769231
0.7692307692307693
0.8283582089552238
0.7959183673469388
1.0
0.9130434782608695
0.7904761904761904
0.8461538461538461
0.8765432098765432
1.0
0.6555555555555556
0.7790697674418605
0.7424242424242424
0.782051282051282
0.5909090909090909
0.7682926829268293
0.9047619047619048
0.9195402298850575
1.0
0.7359550561797753
0.8837209302325582
1.0
0.8108108108108109
0.8780487804878049
0.7857142857142857
0.6811594202898551
0.7325581395348837
0.927536231884058
0.8148148148148148
0.8888888888888888
0.5306122448979592
0.8205128205128205
0.6111111111111112
0.8559322033898306
0.5538461538461539
0.8153846153846154
0.8372093023255814
0.7777777777777778
0.8780487804878049
0.8
0.7849462365591398
0.7280701754385965
1.0
0.8548387096774194
0.9122807017543859
0.9152542372881356
0.9259259259259259
0.7950819672131147
0.9285714285714286
0.8305084745762712
0.8538461538461538
1.0
1.0
0.8518518518518519
0.6754385964912281
0.8478260869565217
1.0
0.8734177215189873
0.9152542372881356
0.7407407407407407
0.7658227848101266
1.0
0.7452830188679245
0.7542372881355932
0.5
0.7435897435897436
0.54
0.9130434782608695
0.8148148148148148
0.782608695652174
1.0
0.8333333333333334
0.8783783783783784
1.0
0.6304347826086957
1.0
1.0
0.8947368421052632
0.62
0.84
0.8571428571428571
0.782608695652174
0.8333333333333334
0.3333333333333333
1.0
0.8387096774193549
0.6444444444444445
0.74
1.0
1.0
0.8108108108108109
0.8571428571428571
0.8780487804878049
0.8387096774193549
0.9393939393939394
1.0
1.0
0.8837209302325582
1.0
0.8953488372093024
0.7213114754098361
0.6754385964912281
0.927536231884058
0.7682926829268293
1.0
1.0
1.0
1.0
0.7424242424242424
1.0
0.8043478260869565
0.68
1.0
0.7878787878787878
1.0
0.5877192982456141
0.7358490566037735
0.8673469387755102
0.9591836734693877
1.0
0.9056603773584906
0.8441558441558441
0.8507462686567164
1.0
0.9066666666666666
0.8113207547169812
0.7454545454545455
0.9622641509433962
0.8936170212765957
0.8793103448275862
1.0
0.7280701754385965
0.776595744680851
0.8387096774193549
1.0
0.7209302325581395
0.6454545454545455
0.8305084745762712
0.5757575757575758
0.8389830508474576
1.0
0.759493670886076
0.8148148148148148
0.5714285714285714
1.0
0.6666666666666666
0.8095238095238095
0.5
0.9152542372881356
0.5862068965517241
0.9607843137254902
0.9152542372881356
0.8271604938271605
0.9117647058823529
0.8470588235294118
0.9354838709677419
0.8852459016393442
0.6263157894736842
0.8591549295774648
0.9019607843137255
1.0
0.9081632653061225
0.9295774647887324
0.7439024390243902
0.6935483870967742
0.8717948717948718
0.9206349206349206
0.9367088607594937
1.0
0.8870967741935484
1.0
1.0
0.7878787878787878
1.0
0.8939393939393939
0.7540983606557377
0.863013698630137
0.8384615384615385
0.8736263736263736
0.8780487804878049
0.7741935483870968
0.7741935483870968
1.0
0.34615384615384615
0.7424242424242424
0.6176470588235294
0.8148148148148148
0.7345679012345679
1.0
0.8936170212765957
0.8148148148148148
0.64
1.0
0.9306930693069307
0.8181818181818182
0.9054054054054054
0.7169811320754716
1.0
0.8061224489795918
1.0
1.0
1.0
1.0
1.0
0.7777777777777778
1.0
0.86
0.6923076923076923
1.0
0.7428571428571429
0.8888888888888888
0.6619718309859155
0.7878787878787878
0.573170731707317
0.8764044943820225
0.7280701754385965
0.6037735849056604
0.4714285714285714
0.7127659574468085
1.0
0.6707317073170732
0.8
0.5487804878048781
0.5454545454545454
0.6290322580645161
0.8108108108108109
0.527027027027027
0.631578947368421
0.7075471698113207
0.7142857142857143
0.5217391304347826
0.8
0.8648648648648649
0.7830188679245284
0.7169811320754716
1.0
1.0
0.6060606060606061
0.7142857142857143
0.7258064516129032
0.42105263157894735
0.631578947368421
1.0
0.8132530120481928
1.0
1.0
0.7796610169491526
0.9315068493150684
0.9393939393939394
0.7368421052631579
1.0
1.0
1.0
0.8484848484848485
1.0
1.0
0.7142857142857143
1.0
0.8
1.0
0.925531914893617
0.782051282051282
1.0
0.9041095890410958
0.6627906976744186
0.8137254901960784
1.0
0.7959183673469388
1.0
0.8780487804878049
0.8936170212765957
0.86
0.7
0.6938775510204082
0.9150943396226415
1.0
0.9090909090909091
0.860655737704918
0.7560975609756098
0.6538461538461539
1.0
0.6917808219178082
0.8421052631578947
1.0
0.9607843137254902
0.8555555555555555
1.0
0.5454545454545454
0.8275862068965517
0.8666666666666667
0.8275862068965517
1.0
0.5161290322580645
0.6538461538461539
1.0
0.8148148148148148
0.8571428571428571
1.0
1.0
0.723404255319149
0.4888888888888889
0.6153846153846154
1.0
0.8148148148148148
0.7761194029850746
0.7121212121212122
0.7368421052631579
1.0
0.7790697674418605
0.34615384615384615
1.0
1.0
0.7586206896551724
0.8085106382978723
0.6538461538461539
1.0
0.827433628318584
0.62
0.9056603773584906
0.8837209302325582
0.927536231884058
0.9295774647887324
0.7684210526315789
0.4365079365079365
0.9555555555555556
0.3181818181818182
0.6111111111111112
0.7878787878787878
0.7631578947368421
0.6698113207547169
0.6470588235294118
0.7777777777777778
0.8484848484848485
0.7
1.0
0.7183098591549296
0.729064039408867
0.6986301369863014
0.7910447761194029
0.9382716049382716
0.9
0.7698412698412699
0.8164556962025317
0.7558139534883721
0.8627450980392157
0.8
0.5285714285714286
0.48148148148148145
0.5365853658536586
1.0
1.0
0.5652173913043478
0.7407407407407407
0.43333333333333335
0.7096774193548387
0.5
1.0
0.4864864864864865
0.782051282051282
0.7666666666666667
0.6481481481481481
0.8701298701298701
1.0
0.6666666666666666
1.0
1.0
0.7608695652173914
0.6222222222222222
0.7978723404255319
0.8
0.8181818181818182
1.0
1.0
1.0
0.7586206896551724
0.782608695652174
1.0
0.6511627906976745
0.8148148148148148
1.0
0.6923076923076923
0.7619047619047619
0.7571428571428571
0.8023255813953488
0.7352941176470589
0.8043478260869565
0.6170212765957447
0.8953488372093024
0.6538461538461539
1.0
0.8191489361702128
0.68
0.8679245283018868
1.0
0.9636363636363636
0.7878787878787878
0.7105263157894737
1.0
0.6065573770491803
0.7446808510638298
0.7296296296296296
0.8852459016393442
0.64
0.8793103448275862
0.7571428571428571
0.7887323943661971
0.8333333333333334
0.6290322580645161
0.5869565217391305
0.5882352941176471
0.8389830508474576
0.872093023255814
0.8947368421052632
0.6101694915254238
0.8936170212765957
0.9
0.6363636363636364
0.5571428571428572
0.8575757575757575
0.7093023255813954
1.0
0.7258064516129032
0.864406779661017
0.8888888888888888
0.6382978723404256
0.6363636363636364
0.8484848484848485
0.8703703703703703
1.0
0.8947368421052632
0.5434782608695652
0.8484848484848485
0.7307692307692307
0.6764705882352942
0.8571428571428571
1.0
0.7037037037037037
0.5909090909090909
1.0
0.8780487804878049
1.0
0.2
1.0
1.0
1.0
0.7631578947368421
0.6296296296296297
0.6666666666666666
0.8205128205128205
0.8780487804878049
0.7325581395348837
0.7872340425531915
0.4
0.782608695652174
0.6976744186046512
0.8111111111111111
0.8108108108108109
0.7058823529411765
0.7407407407407407
1.0
0.9019607843137255
0.66
0.6714285714285714
0.8648648648648649
1.0
1.0
0.9081632653061225
1.0
1.0
1.0
0.782608695652174
1.0
1.0
0.9102564102564102
0.7213114754098361
1.0
0.5689655172413793
1.0
0.8648648648648649
0.782051282051282
1.0
0.696969696969697
1.0
0.8275862068965517
0.8015873015873016
0.6086956521739131
0.5753424657534246
1.0
0.7653061224489796
0.6486486486486487
0.6904761904761905
0.6206896551724138
0.5666666666666667
0.5847457627118644
0.855072463768116
1.0
0.7924528301886793
1.0
0.8648648648648649
0.5869565217391305
Min Sentence GLEU Score: 0.0
Max Sentence GLEU Score: 1.0
Average Sentence GLEU Score: 0.7699600415481114
Corpus Sentence GLEU Score: 0.5869565217391305
