0.6111111111111112
0.6754385964912281
0.5116279069767442
0.6864406779661016
0.29411764705882354
0.41304347826086957
0.6081081081081081
0.5425531914893617
0.2692307692307692
0.6698113207547169
0.25742574257425743
0.3780487804878049
0.5
0.6142857142857143
0.5945945945945946
0.8518518518518519
0.5454545454545454
0.6666666666666666
0.7804878048780488
0.717948717948718
0.7142857142857143
0.3333333333333333
0.52
0.5
0.7647058823529411
0.5
0.5714285714285714
0.0
0.58
0.319672131147541
0.21428571428571427
0.32857142857142857
0.16666666666666666
0.3372093023255814
0.5967741935483871
0.34210526315789475
0.42857142857142855
0.8181818181818182
0.6060606060606061
0.7714285714285715
0.09420289855072464
0.13043478260869565
0.4838709677419355
0.13333333333333333
0.6896551724137931
0.5769230769230769
0.21428571428571427
0.3888888888888889
0.6212121212121212
0.3275862068965517
0.3333333333333333
0.7553191489361702
0.5454545454545454
0.524
0.23228346456692914
0.42758620689655175
0.44776119402985076
0.48148148148148145
0.33980582524271846
0.40860215053763443
0.5967741935483871
0.43548387096774194
0.52
0.2710843373493976
0.06349206349206349
0.47058823529411764
0.6857142857142857
0.18
0.2441860465116279
0.20588235294117646
0.19230769230769232
0.18181818181818182
0.4189189189189189
0.5957446808510638
0.8703703703703703
0.21739130434782608
0.3717948717948718
0.5666666666666667
0.3888888888888889
0.8518518518518519
0.6081081081081081
0.39655172413793105
0.5789473684210527
0.56
0.6666666666666666
0.5517241379310345
0.22077922077922077
0.41025641025641024
0.37037037037037035
0.19047619047619047
0.5370370370370371
0.38524590163934425
0.34615384615384615
0.36231884057971014
0.4523809523809524
0.2676056338028169
0.7142857142857143
0.3333333333333333
0.5
0.38
0.4090909090909091
0.5151515151515151
0.64
0.18421052631578946
0.6954022988505747
0.78
0.3
0.4918032786885246
0.52
0.4411764705882353
0.25862068965517243
0.5930232558139535
0.3
0.14893617021276595
0.42424242424242425
0.5272727272727272
0.3974358974358974
0.25252525252525254
0.4857142857142857
0.6
0.6666666666666666
0.5686274509803921
0.8
0.8013245033112583
0.5492957746478874
0.0
0.5461538461538461
0.14797507788161993
0.32
0.0
0.6773049645390071
0.6756756756756757
0.21621621621621623
0.35555555555555557
0.5483870967741935
0.16666666666666666
0.5
0.6176470588235294
0.3813559322033898
0.3115942028985507
0.6
0.44155844155844154
0.7317073170731707
0.8918918918918919
0.42857142857142855
0.8947368421052632
0.5555555555555556
0.6666666666666666
0.30952380952380953
0.391304347826087
0.45652173913043476
0.7142857142857143
0.45454545454545453
0.5882352941176471
0.5333333333333333
0.18181818181818182
0.8461538461538461
0.717391304347826
0.6086956521739131
0.8181818181818182
0.12121212121212122
0.33783783783783783
0.2972972972972973
0.44508670520231214
0.5089820359281437
0.5449438202247191
0.717391304347826
0.4540229885057471
0.41304347826086957
0.42105263157894735
0.44285714285714284
0.2866666666666667
0.1111111111111111
0.7413793103448276
0.16129032258064516
0.7301587301587301
0.5545454545454546
0.47297297297297297
0.45714285714285713
0.5238095238095238
0.5411764705882353
0.5196078431372549
0.45454545454545453
0.6363636363636364
0.5689655172413793
0.6333333333333333
0.5512820512820513
0.5697674418604651
0.47560975609756095
0.42105263157894735
0.2647058823529412
0.11538461538461539
0.8333333333333334
0.5641025641025641
0.7142857142857143
0.40540540540540543
0.07142857142857142
0.03333333333333333
0.2
0.13513513513513514
0.19047619047619047
0.5777777777777777
0.0
0.5149253731343284
0.3115942028985507
0.6707317073170732
0.6206896551724138
0.5303030303030303
0.37209302325581395
0.5
0.7093023255813954
0.5555555555555556
0.7096774193548387
0.20967741935483872
0.2857142857142857
0.12962962962962962
0.5263157894736842
0.3333333333333333
0.47058823529411764
0.045454545454545456
0.6410256410256411
0.48823529411764705
0.25471698113207547
0.2537313432835821
0.23684210526315788
0.6578947368421053
0.6511627906976745
0.5392156862745098
0.2714285714285714
0.39655172413793105
0.40476190476190477
0.47619047619047616
0.5925925925925926
0.3387096774193548
0.4148936170212766
0.21428571428571427
0.46153846153846156
0.58
0.6857142857142857
0.5930232558139535
0.4230769230769231
0.28
0.3910891089108911
0.4482758620689655
0.5898876404494382
0.5
0.3157894736842105
0.6333333333333333
0.47058823529411764
0.3
0.58
0.627906976744186
0.5217391304347826
0.696969696969697
0.5517241379310345
0.5849056603773585
0.1111111111111111
0.32608695652173914
0.47058823529411764
0.5813953488372093
0.21739130434782608
0.6176470588235294
0.5967741935483871
0.2692307692307692
0.3333333333333333
0.14492753623188406
0.36
0.6428571428571429
0.6538461538461539
0.48148148148148145
0.5555555555555556
0.1111111111111111
0.532258064516129
0.46511627906976744
0.1
0.5967741935483871
0.6521739130434783
0.7941176470588235
0.6470588235294118
0.5
0.14171122994652408
0.2830188679245283
0.3013698630136986
0.5909090909090909
0.6692307692307692
0.6081081081081081
0.6428571428571429
0.42696629213483145
0.25862068965517243
0.30392156862745096
0.8095238095238095
0.7272727272727273
0.3220338983050847
0.08108108108108109
0.07936507936507936
0.44594594594594594
0.20666666666666667
0.15079365079365079
0.4411764705882353
0.4787234042553192
0.6884057971014492
0.5099009900990099
0.5614035087719298
0.5636363636363636
0.6111111111111112
0.5434782608695652
0.9130434782608695
0.7777777777777778
0.43243243243243246
0.18604651162790697
0.23809523809523808
0.07142857142857142
0.29310344827586204
0.28
0.09523809523809523
0.22727272727272727
0.16666666666666666
0.3448275862068966
0.3157894736842105
0.18181818181818182
0.8095238095238095
0.2222222222222222
0.42857142857142855
0.2727272727272727
0.16666666666666666
0.5384615384615384
0.7142857142857143
0.2222222222222222
0.35714285714285715
0.5454545454545454
0.33980582524271846
0.65748031496063
0.7209302325581395
0.5434782608695652
0.3103448275862069
0.7142857142857143
0.6538461538461539
0.7333333333333333
0.6428571428571429
0.8947368421052632
0.6285714285714286
0.5949367088607594
0.8461538461538461
0.6857142857142857
0.3
0.5584415584415584
0.8333333333333334
0.6101694915254238
0.7439024390243902
0.25806451612903225
0.6923076923076923
0.5116279069767442
0.3732394366197183
0.5588235294117647
0.5142857142857142
0.5384615384615384
0.5370370370370371
0.5490196078431373
0.6290322580645161
0.40540540540540543
0.35294117647058826
0.4154929577464789
0.39823008849557523
0.3333333333333333
0.4787234042553192
0.18421052631578946
0.8947368421052632
0.2692307692307692
0.5619469026548672
0.631578947368421
0.5163934426229508
0.7666666666666667
0.4657534246575342
0.44776119402985076
0.43103448275862066
0.43506493506493504
0.3924050632911392
0.42452830188679247
0.6415094339622641
0.4838709677419355
0.6122448979591837
0.3918918918918919
0.6021505376344086
0.6311475409836066
0.6923076923076923
0.5882352941176471
0.1111111111111111
0.5555555555555556
0.8823529411764706
0.5196078431372549
0.6190476190476191
0.48484848484848486
0.6451612903225806
0.9259259259259259
0.6571428571428571
0.391304347826087
0.16666666666666666
0.7222222222222222
0.7407407407407407
0.8378378378378378
0.5
0.3783783783783784
0.29381443298969073
0.5765765765765766
0.3888888888888889
0.40588235294117647
0.5
0.5217391304347826
0.2391304347826087
0.2647058823529412
0.35135135135135137
0.6923076923076923
0.5222222222222223
0.4146341463414634
0.2878787878787879
0.2
0.43103448275862066
0.13333333333333333
0.5
0.7142857142857143
0.3524590163934426
0.27586206896551724
0.2857142857142857
0.2222222222222222
0.23880597014925373
0.425531914893617
0.4473684210526316
0.35555555555555557
0.0
0.16666666666666666
0.24545454545454545
0.5063291139240507
0.5597014925373134
0.6
0.15384615384615385
0.3333333333333333
1.0
0.41509433962264153
0.3888888888888889
0.5319148936170213
0.524390243902439
0.696969696969697
0.8666666666666667
0.23333333333333334
0.8666666666666667
0.8181818181818182
0.2857142857142857
0.72
0.7741935483870968
0.15873015873015872
0.48717948717948717
0.06363636363636363
0.0
0.6237113402061856
0.3181818181818182
0.21052631578947367
0.2
0.25675675675675674
0.39655172413793105
0.3275862068965517
0.2823529411764706
0.35185185185185186
0.2692307692307692
0.29310344827586204
0.13043478260869565
0.5094339622641509
0.5173010380622838
0.7407407407407407
0.46153846153846156
0.3111111111111111
0.4090909090909091
0.2727272727272727
0.3651685393258427
0.13636363636363635
0.30434782608695654
0.28205128205128205
0.7096774193548387
0.5769230769230769
0.2826086956521739
0.30303030303030304
0.28
0.8518518518518519
0.4666666666666667
0.753968253968254
0.4365079365079365
0.23333333333333334
0.7021276595744681
0.5263157894736842
0.379746835443038
0.6470588235294118
0.5333333333333333
0.4878048780487805
0.43846153846153846
0.5555555555555556
0.6
0.6739130434782609
0.7777777777777778
0.7297297297297297
0.5508474576271186
0.41935483870967744
0.5172413793103449
0.5
0.24736842105263157
0.7681159420289855
0.6206896551724138
0.3333333333333333
0.20224719101123595
0.26842105263157895
0.6864406779661016
0.423728813559322
0.8387096774193549
0.5380116959064327
0.3684210526315789
0.5816326530612245
0.32727272727272727
0.2087912087912088
0.5714285714285714
0.32608695652173914
0.0
0.0
0.1
0.6176470588235294
0.4473684210526316
0.45714285714285713
0.8666666666666667
0.2972972972972973
0.3918918918918919
0.25757575757575757
0.15384615384615385
0.43478260869565216
0.34210526315789475
0.37777777777777777
0.5588235294117647
0.1
0.16666666666666666
0.34210526315789475
0.2246376811594203
0.5172413793103449
0.25757575757575757
0.43478260869565216
0.3170731707317073
0.44594594594594594
0.3787878787878788
0.39655172413793105
0.5
0.42
0.34
0.5571428571428572
0.4230769230769231
0.13076923076923078
0.6
0.5465116279069767
0.803921568627451
0.2
0.7692307692307693
0.5454545454545454
0.5636363636363636
0.2411764705882353
0.5319148936170213
0.43103448275862066
0.8461538461538461
0.16666666666666666
0.0
0.8
0.22
0.5
0.3709677419354839
0.44
0.08695652173913043
0.44545454545454544
0.16666666666666666
0.8823529411764706
0.5370370370370371
0.5555555555555556
0.5952380952380952
0.2222222222222222
0.5
0.23333333333333334
0.3
0.8181818181818182
0.3918918918918919
0.08823529411764706
0.6
0.58
0.5945945945945946
0.581081081081081
0.40476190476190477
0.5238095238095238
0.8181818181818182
0.72
0.7727272727272727
0.6052631578947368
0.2608695652173913
0.8823529411764706
0.40476190476190477
0.62
0.25675675675675674
0.2753623188405797
0.6571428571428571
0.42857142857142855
0.16049382716049382
0.6595744680851063
0.2894736842105263
0.23809523809523808
0.45652173913043476
0.45918367346938777
0.3333333333333333
0.43859649122807015
0.9393939393939394
0.4393939393939394
0.5405405405405406
0.47368421052631576
0.453781512605042
0.711864406779661
0.5392156862745098
0.5517241379310345
0.3333333333333333
0.2727272727272727
0.5634920634920635
0.16666666666666666
0.16666666666666666
0.6
0.16666666666666666
0.1
0.16666666666666666
0.2222222222222222
0.6
0.42857142857142855
0.6
0.42857142857142855
0.6
0.7777777777777778
0.16666666666666666
0.17647058823529413
0.058823529411764705
0.6
0.1111111111111111
0.5
0.16666666666666666
0.16666666666666666
0.09090909090909091
0.3
0.2923076923076923
0.5111111111111111
0.3142857142857143
0.6555555555555556
0.5
0.38571428571428573
0.2878787878787879
0.32608695652173914
0.24390243902439024
0.6666666666666666
0.7142857142857143
0.42857142857142855
0.363013698630137
0.5
0.2966101694915254
0.3
0.36
0.2826086956521739
0.7777777777777778
0.38461538461538464
0.5185185185185185
0.7692307692307693
0.6857142857142857
0.34
0.8461538461538461
0.8518518518518519
0.2
0.04838709677419355
0.5285714285714286
0.8947368421052632
0.35294117647058826
0.36
0.45454545454545453
0.6052631578947368
0.31443298969072164
0.7209302325581395
0.6666666666666666
0.6144578313253012
0.41044776119402987
0.38
0.6351351351351351
0.6587301587301587
0.2894736842105263
0.40476190476190477
0.5671641791044776
0.5362318840579711
0.330188679245283
0.8461538461538461
0.42857142857142855
0.18888888888888888
0.3617021276595745
0.5930232558139535
0.46825396825396826
0.5317460317460317
0.21428571428571427
0.3
0.5555555555555556
0.2692307692307692
0.5
0.2647058823529412
0.6440677966101694
0.21818181818181817
0.56
0.6428571428571429
0.6428571428571429
0.43478260869565216
0.32608695652173914
0.5434782608695652
0.1619718309859155
0.6363636363636364
0.3372093023255814
0.2469879518072289
0.23684210526315788
0.3783783783783784
0.16666666666666666
0.4444444444444444
0.5
0.92
0.36666666666666664
0.43333333333333335
0.5888888888888889
0.45454545454545453
0.43333333333333335
0.38461538461538464
0.7142857142857143
0.6206896551724138
0.7878787878787878
0.7
0.9393939393939394
0.6142857142857143
0.3181818181818182
0.5555555555555556
0.058823529411764705
0.4411764705882353
0.64
0.3732394366197183
0.16666666666666666
0.1
0.47674418604651164
0.7931034482758621
0.6282051282051282
0.5510204081632653
0.4180327868852459
0.11538461538461539
0.8823529411764706
0.23333333333333334
0.29411764705882354
0.7666666666666667
0.5697674418604651
0.4393939393939394
0.7444444444444445
0.8108108108108109
0.42857142857142855
0.6086956521739131
0.4489795918367347
0.5
0.38372093023255816
0.5434782608695652
0.2619047619047619
0.3793103448275862
0.423728813559322
0.16666666666666666
0.3979591836734694
0.3548387096774194
0.2746478873239437
0.45161290322580644
0.8620689655172413
0.5
0.8947368421052632
0.72
0.58
0.24603174603174602
0.8108108108108109
0.6216216216216216
0.3780487804878049
0.5283018867924528
0.6290322580645161
0.2857142857142857
0.5757575757575758
0.5142857142857142
0.43333333333333335
0.2222222222222222
0.5806451612903226
0.2777777777777778
0.7058823529411765
0.6428571428571429
0.7647058823529411
0.7407407407407407
0.5
0.5869565217391305
0.44
0.4057971014492754
0.32608695652173914
0.42857142857142855
0.5151515151515151
0.5641025641025641
0.3333333333333333
0.3333333333333333
0.0
0.7777777777777778
0.3
0.7142857142857143
0.5
0.3793103448275862
0.6578947368421053
0.425531914893617
0.5434782608695652
0.13636363636363635
0.2
0.16666666666666666
0.5555555555555556
0.20588235294117646
0.6222222222222222
0.6111111111111112
0.39473684210526316
0.45454545454545453
0.5555555555555556
0.5666666666666667
0.34210526315789475
0.5512820512820513
0.17647058823529413
0.6666666666666666
0.6699029126213593
0.3870967741935484
0.5128205128205128
0.7894736842105263
0.6551724137931034
0.8870967741935484
0.3333333333333333
0.7586206896551724
0.5555555555555556
0.6363636363636364
0.4090909090909091
0.16417910447761194
0.8260869565217391
0.43333333333333335
0.6086956521739131
0.9047619047619048
0.3387096774193548
0.41379310344827586
0.43333333333333335
0.5757575757575758
0.3684210526315789
0.2631578947368421
0.6111111111111112
0.36363636363636365
0.15384615384615385
0.5476190476190477
0.581081081081081
0.41304347826086957
0.2894736842105263
0.20689655172413793
0.06923076923076923
0.14285714285714285
0.38095238095238093
0.5945945945945946
0.5882352941176471
0.7301587301587301
0.4186046511627907
0.20707070707070707
0.696078431372549
0.5588235294117647
0.6395348837209303
0.7424242424242424
0.4818181818181818
0.6558441558441559
0.6888888888888889
0.6714285714285714
0.42857142857142855
0.7127659574468085
0.5697674418604651
0.5869565217391305
0.6395348837209303
0.2857142857142857
0.34615384615384615
0.16470588235294117
0.3380952380952381
0.35294117647058826
0.2469879518072289
0.6666666666666666
0.32653061224489793
0.16666666666666666
0.5740740740740741
0.22151898734177214
0.19047619047619047
0.76
0.3888888888888889
0.5
0.16666666666666666
0.6363636363636364
0.43333333333333335
0.4787234042553192
0.7666666666666667
0.45714285714285713
0.2
0.0
0.6440677966101694
0.22448979591836735
0.5952380952380952
0.6534653465346535
0.6836734693877551
0.0
0.3941176470588235
0.5609756097560976
0.6016949152542372
0.6515151515151515
0.7142857142857143
0.7894736842105263
0.36046511627906974
0.5408163265306123
0.4444444444444444
0.6206896551724138
0.037037037037037035
0.7142857142857143
0.0
0.5769230769230769
0.19230769230769232
0.5061728395061729
0.2
0.72
0.42592592592592593
0.58
0.6060606060606061
0.47297297297297297
0.13043478260869565
0.44
0.42105263157894735
0.6
0.29411764705882354
0.5862068965517241
0.5555555555555556
0.6470588235294118
0.24050632911392406
0.5
0.6428571428571429
0.5967741935483871
0.2948717948717949
0.6756756756756757
0.66
0.6666666666666666
0.5555555555555556
0.3
0.7413793103448276
0.7777777777777778
0.4230769230769231
0.9393939393939394
0.3793103448275862
0.6666666666666666
0.42727272727272725
0.36666666666666664
0.25925925925925924
0.2962962962962963
0.4105263157894737
0.8666666666666667
0.6020408163265306
0.45454545454545453
0.4608695652173913
0.3793103448275862
0.35714285714285715
0.8461538461538461
0.6285714285714286
0.9047619047619048
0.3
0.24242424242424243
0.74
0.3333333333333333
0.5869565217391305
0.47560975609756095
0.47297297297297297
0.4842105263157895
0.6285714285714286
0.48148148148148145
0.8666666666666667
0.15942028985507245
0.4117647058823529
0.4146341463414634
0.45348837209302323
0.7407407407407407
0.2
0.313953488372093
0.5
0.92
0.36
0.7
0.4343065693430657
0.23469387755102042
0.16666666666666666
0.3333333333333333
0.44285714285714284
0.7428571428571429
0.4
0.6914893617021277
0.7692307692307693
0.15384615384615385
0.2222222222222222
0.5384615384615384
0.8461538461538461
0.3103448275862069
0.13221884498480244
0.2565217391304348
0.5555555555555556
0.4473684210526316
0.4885057471264368
0.36231884057971014
0.6122448979591837
0.8666666666666667
0.6666666666666666
0.6896551724137931
0.2894736842105263
0.3333333333333333
0.2631578947368421
0.8181818181818182
0.22727272727272727
0.5185185185185185
0.7441860465116279
0.7142857142857143
0.5689655172413793
0.7
0.5
0.7413793103448276
0.2
0.4393939393939394
0.6129032258064516
0.6904761904761905
0.46
0.627906976744186
0.2222222222222222
0.4777777777777778
0.5777777777777777
0.6632653061224489
0.45454545454545453
0.7567567567567568
0.8461538461538461
0.2647058823529412
0.40476190476190477
0.16666666666666666
0.5405405405405406
0.4461538461538462
0.3333333333333333
0.28735632183908044
0.5909090909090909
0.3548387096774194
0.47368421052631576
0.48148148148148145
0.5350877192982456
0.18181818181818182
0.5555555555555556
0.3333333333333333
0.07142857142857142
0.1774193548387097
0.4857142857142857
0.4864864864864865
0.5306122448979592
0.2808219178082192
0.7195121951219512
0.42857142857142855
0.3103448275862069
0.5909090909090909
0.7692307692307693
0.8666666666666667
0.30303030303030304
0.4406779661016949
0.574468085106383
0.5238095238095238
0.6714285714285714
0.6486486486486487
0.5789473684210527
0.631578947368421
0.42857142857142855
0.6219512195121951
0.5873015873015873
0.5465116279069767
0.5508474576271186
0.6097560975609756
0.6764705882352942
0.16666666666666666
0.16666666666666666
0.7567567567567568
0.30952380952380953
0.35714285714285715
0.5526315789473685
0.5217391304347826
0.3157894736842105
0.16666666666666666
0.2692307692307692
0.6470588235294118
0.34615384615384615
0.8947368421052632
0.8461538461538461
0.5
0.2698412698412698
0.09090909090909091
0.5
0.21428571428571427
0.6176470588235294
0.10810810810810811
0.3181818181818182
0.64
0.2857142857142857
0.6176470588235294
0.7619047619047619
0.6176470588235294
0.4
0.8857142857142857
0.5370370370370371
0.4074074074074074
0.7647058823529411
0.42857142857142855
0.3888888888888889
0.5769230769230769
0.6923076923076923
0.6428571428571429
0.26
0.2222222222222222
0.72
0.42857142857142855
0.7435897435897436
0.6232876712328768
0.6222222222222222
0.3448275862068966
0.5
0.8404255319148937
0.5102040816326531
0.3793103448275862
0.0
0.8709677419354839
0.14285714285714285
0.711340206185567
0.8333333333333334
0.46551724137931033
0.1111111111111111
0.49382716049382713
0.8508771929824561
0.0
0.36597938144329895
0.7096774193548387
0.1
0.5555555555555556
0.8461538461538461
0.5185185185185185
0.08196721311475409
0.6976744186046512
0.7258064516129032
0.43333333333333335
0.5740740740740741
0.3888888888888889
0.8181818181818182
0.5
0.3
0.16666666666666666
0.2962962962962963
0.6764705882352942
0.16666666666666666
0.3333333333333333
0.2222222222222222
0.8181818181818182
0.1891891891891892
0.42105263157894735
0.7142857142857143
0.581081081081081
0.7786885245901639
0.4935064935064935
0.6923076923076923
0.6451612903225806
0.18421052631578946
0.20588235294117646
0.3
0.4855072463768116
0.6935483870967742
0.551948051948052
0.8170731707317073
0.5862068965517241
0.572463768115942
0.6
0.5
0.0
0.05555555555555555
0.07142857142857142
0.2727272727272727
0.6896551724137931
0.5849056603773585
0.3548387096774194
0.25862068965517243
0.686046511627907
0.64
0.6206896551724138
0.5540540540540541
0.7926829268292683
0.7407407407407407
0.6
0.1
0.5
0.39622641509433965
0.7394366197183099
0.27319587628865977
0.10526315789473684
0.7012987012987013
0.6666666666666666
0.4473684210526316
0.7424242424242424
0.6060606060606061
0.2543859649122807
0.47058823529411764
0.15591397849462366
0.5285714285714286
0.35714285714285715
0.6076923076923076
0.7926829268292683
0.5185185185185185
0.8771929824561403
0.3888888888888889
0.0
0.5087719298245614
0.23333333333333334
0.3
0.5398230088495575
0.5
0.7333333333333333
0.3
0.5319148936170213
0.5952380952380952
0.7777777777777778
0.1
0.10526315789473684
0.29577464788732394
0.6454545454545455
0.3275862068965517
0.46226415094339623
0.5882352941176471
0.4936708860759494
0.5879120879120879
0.8333333333333334
0.5
0.16666666666666666
0.21428571428571427
0.7407407407407407
0.48148148148148145
0.5259259259259259
0.2846153846153846
0.6891891891891891
0.7333333333333333
0.46153846153846156
0.0
0.3333333333333333
0.3333333333333333
0.8333333333333334
0.3870967741935484
0.8103448275862069
0.6666666666666666
0.25949367088607594
0.06716417910447761
0.7647058823529411
0.48484848484848486
0.2391304347826087
0.6666666666666666
0.5675675675675675
0.5813953488372093
0.49230769230769234
0.16666666666666666
0.16666666666666666
0.6666666666666666
0.23076923076923078
0.7021276595744681
0.5405405405405406
0.3072289156626506
0.5483870967741935
0.7428571428571429
0.8461538461538461
0.5517241379310345
0.5
0.5714285714285714
0.6
0.6212121212121212
0.2318840579710145
0.8787878787878788
0.6025641025641025
0.336734693877551
0.6739130434782609
0.6194029850746269
0.7209302325581395
0.5918367346938775
0.5740740740740741
0.2
0.7647058823529411
0.5306122448979592
0.6125827814569537
0.2471264367816092
0.56
0.7272727272727273
0.5783132530120482
0.6176470588235294
0.5405405405405406
0.7647058823529411
0.7894736842105263
0.6
0.7894736842105263
0.38028169014084506
0.9591836734693877
0.7592592592592593
0.8823529411764706
0.2127659574468085
0.8765432098765432
0.7073170731707317
0.5
0.5615384615384615
0.5
0.6078431372549019
0.23170731707317074
0.48484848484848486
0.33157894736842103
0.26666666666666666
0.6428571428571429
0.6666666666666666
0.4117647058823529
0.5203252032520326
0.6632653061224489
0.31746031746031744
0.8
0.5447761194029851
0.3235294117647059
0.6153846153846154
0.28160919540229884
0.5405405405405406
0.5
0.6491228070175439
0.5692307692307692
0.5
0.6836734693877551
0.5714285714285714
0.72
0.6142857142857143
0.6
0.9310344827586207
0.3333333333333333
0.1
0.35555555555555557
0.3918918918918919
0.3793103448275862
0.43478260869565216
0.47368421052631576
0.21428571428571427
0.5666666666666667
0.8666666666666667
0.5526315789473685
0.3695652173913043
0.6481481481481481
0.4782608695652174
0.4696969696969697
0.06923076923076923
0.5106382978723404
0.5135135135135135
0.38095238095238093
0.14084507042253522
0.24074074074074073
0.42592592592592593
0.3235294117647059
0.34615384615384615
0.3620689655172414
0.5952380952380952
0.7
0.7878787878787878
0.6276595744680851
0.36363636363636365
0.42452830188679247
0.5471698113207547
0.4857142857142857
0.5723270440251572
0.6862745098039216
0.4971751412429379
0.0
0.6147540983606558
0.5133333333333333
0.46153846153846156
0.25806451612903225
0.7127659574468085
0.639344262295082
0.41836734693877553
0.7931034482758621
0.5606060606060606
0.38666666666666666
0.3795180722891566
0.5510204081632653
0.4
0.7294117647058823
0.803030303030303
0.4074074074074074
0.41954022988505746
0.3387096774193548
0.6509433962264151
0.4411764705882353
0.6
0.4024390243902439
0.573170731707317
0.626984126984127
0.34946236559139787
0.52
0.686046511627907
0.776595744680851
0.599009900990099
0.6341463414634146
0.76
0.5660377358490566
0.0660377358490566
0.8703703703703703
0.3448275862068966
0.8082191780821918
0.40425531914893614
0.0
0.45454545454545453
0.6707317073170732
0.7272727272727273
0.3931297709923664
0.7341772151898734
0.36585365853658536
0.5847457627118644
0.21428571428571427
0.4223300970873786
0.6232876712328768
0.5121951219512195
0.25252525252525254
0.5555555555555556
0.5692307692307692
0.6744186046511628
0.8064516129032258
0.7285714285714285
0.39655172413793105
0.42857142857142855
0.0
0.6896551724137931
0.5333333333333333
0.7307692307692307
0.5555555555555556
0.7428571428571429
0.6276595744680851
0.5
0.16666666666666666
0.5671641791044776
0.581081081081081
0.44623655913978494
0.18181818181818182
0.08
0.5217391304347826
0.47619047619047616
0.7647058823529411
0.3
0.6176470588235294
0.5882352941176471
0.17692307692307693
0.8095238095238095
0.631578947368421
0.6363636363636364
0.3333333333333333
0.627906976744186
0.8947368421052632
0.43333333333333335
0.14285714285714285
0.6285714285714286
0.4473684210526316
0.4230769230769231
0.8857142857142857
0.581081081081081
0.13636363636363635
0.1956521739130435
0.8709677419354839
0.2028985507246377
0.11855670103092783
0.4230769230769231
0.76
0.44871794871794873
0.2608695652173913
0.38571428571428573
0.47368421052631576
0.32
0.8596491228070176
0.470873786407767
0.6923076923076923
0.3968253968253968
0.5
0.6226415094339622
0.18181818181818182
0.6923076923076923
0.6060606060606061
0.24193548387096775
0.5254237288135594
0.6025641025641025
0.1984126984126984
0.9354838709677419
0.627906976744186
0.6212121212121212
0.4696969696969697
0.39655172413793105
0.9024390243902439
0.8225806451612904
0.58
0.6707317073170732
0.7586206896551724
0.6956521739130435
0.6206896551724138
0.5540540540540541
0.23529411764705882
0.6956521739130435
0.15333333333333332
0.22448979591836735
0.7872340425531915
0.7435897435897436
0.35135135135135137
0.27611940298507465
0.7586206896551724
0.6888888888888889
0.5
0.34146341463414637
0.5980392156862745
0.6888888888888889
0.6756756756756757
0.5666666666666667
0.16923076923076924
0.18627450980392157
0.5454545454545454
0.5185185185185185
0.6896551724137931
0.3888888888888889
0.3783783783783784
0.4222222222222222
0.5294117647058824
0.3275862068965517
0.5
0.5
0.5476190476190477
0.9047619047619048
0.6081081081081081
0.47368421052631576
0.30337078651685395
0.2
0.4268292682926829
0.5238095238095238
0.3333333333333333
0.34615384615384615
0.6666666666666666
0.8666666666666667
0.7096774193548387
0.4268292682926829
0.6176470588235294
0.5769230769230769
0.6754385964912281
0.3148148148148148
0.28205128205128205
0.5425531914893617
0.30303030303030304
0.36792452830188677
0.4482758620689655
0.4
0.1076923076923077
0.6086956521739131
0.2222222222222222
0.6739130434782609
0.8656716417910447
0.20149253731343283
0.5217391304347826
0.3941176470588235
0.9047619047619048
0.7162162162162162
0.8518518518518519
0.6170212765957447
0.4523809523809524
0.8461538461538461
0.92
0.5
0.4915254237288136
0.7090909090909091
0.7901234567901234
0.7894736842105263
0.0
0.7
0.6235294117647059
0.6632653061224489
0.5980392156862745
0.44029850746268656
0.8095238095238095
0.6
0.4714285714285714
0.4074074074074074
0.5238095238095238
0.5
0.6190476190476191
0.7555555555555555
0.8823529411764706
0.8666666666666667
0.631578947368421
0.7777777777777778
0.52
0.5952380952380952
0.7209302325581395
0.06382978723404255
0.7647058823529411
0.7894736842105263
0.56
0.7285714285714285
0.6610169491525424
0.6975308641975309
0.5842696629213483
0.39655172413793105
0.782051282051282
0.6538461538461539
0.7340425531914894
0.38571428571428573
0.6176470588235294
0.6896551724137931
0.22
0.4666666666666667
0.8243243243243243
0.3695652173913043
0.5135135135135135
0.25862068965517243
0.4523809523809524
0.5428571428571428
0.6956521739130435
0.6702127659574468
0.1891891891891892
0.56
0.7894736842105263
0.7878787878787878
0.05384615384615385
0.21428571428571427
0.7741935483870968
0.45714285714285713
0.35714285714285715
0.8787878787878788
0.5483870967741935
0.7
1.0
0.8947368421052632
0.6
0.1
0.5
0.3709677419354839
0.6829268292682927
0.7209302325581395
0.3780487804878049
0.5918367346938775
0.4358974358974359
0.524390243902439
0.42857142857142855
0.3275862068965517
0.6764705882352942
0.5915492957746479
0.5454545454545454
0.3448275862068966
0.7209302325581395
0.08904109589041095
0.5918367346938775
0.5
0.6714285714285714
0.3901098901098901
0.6666666666666666
0.8384615384615385
0.5
0.7
0.5652173913043478
0.8
0.7222222222222222
0.7777777777777778
0.7288135593220338
0.4044943820224719
0.7424242424242424
0.527027027027027
0.44285714285714284
0.6923076923076923
0.45121951219512196
0.6808510638297872
0.84
0.3974358974358974
0.3918918918918919
0.7439024390243902
0.3076923076923077
0.5975609756097561
0.42
0.5866666666666667
0.6142857142857143
0.5185185185185185
0.2631578947368421
0.7978723404255319
0.7
0.6612903225806451
0.2602739726027397
0.8181818181818182
0.7142857142857143
0.5
0.7432432432432432
0.2872340425531915
0.7090909090909091
0.2727272727272727
0.8095238095238095
0.5675675675675675
0.7816901408450704
0.15789473684210525
0.21428571428571427
0.8095238095238095
0.5212765957446809
0.41836734693877553
0.7777777777777778
0.6666666666666666
0.42105263157894735
0.4
0.29411764705882354
0.7777777777777778
0.66
0.47297297297297297
0.46153846153846156
0.3181818181818182
0.4142857142857143
0.5483870967741935
0.2054794520547945
0.5333333333333333
0.41304347826086957
0.3333333333333333
0.11538461538461539
0.6857142857142857
0.0945945945945946
0.42857142857142855
0.56
0.6923076923076923
0.38235294117647056
0.0
0.5333333333333333
0.2857142857142857
0.30434782608695654
0.5789473684210527
0.4666666666666667
0.7647058823529411
0.15789473684210525
0.43243243243243246
0.43478260869565216
0.3333333333333333
0.38235294117647056
0.8461538461538461
0.6363636363636364
0.14285714285714285
0.6933333333333334
0.56
0.22
0.5
0.4691358024691358
0.045454545454545456
0.13043478260869565
0.5645161290322581
0.6470588235294118
0.17142857142857143
0.8157894736842105
0.2549019607843137
0.391304347826087
0.291044776119403
0.46551724137931033
0.5757575757575758
0.47619047619047616
0.8103448275862069
0.35185185185185186
0.52
0.3103448275862069
0.22535211267605634
0.43333333333333335
0.5
0.5909090909090909
0.7380952380952381
0.48412698412698413
0.8181818181818182
0.16666666666666666
0.7906976744186046
0.6774193548387096
0.5526315789473685
0.6304347826086957
0.5
0.6297709923664122
0.5
0.9682539682539683
0.5970149253731343
0.5777777777777777
0.5151515151515151
0.5483870967741935
0.8823529411764706
0.7037037037037037
0.21212121212121213
0.6
0.8461538461538461
0.5
0.7407407407407407
0.7622950819672131
0.6666666666666666
0.6555555555555556
0.6764705882352942
0.22
0.44339622641509435
0.5
0.6666666666666666
0.2727272727272727
0.5666666666666667
0.84
0.5384615384615384
0.6666666666666666
0.4782608695652174
0.18181818181818182
0.40540540540540543
0.45652173913043476
0.5689655172413793
0.13636363636363635
0.6
0.4041095890410959
0.8666666666666667
0.7777777777777778
0.8181818181818182
0.4411764705882353
0.6764705882352942
0.6956521739130435
0.8181818181818182
0.3333333333333333
0.6
0.8666666666666667
0.5
0.8947368421052632
0.2923076923076923
0.21428571428571427
0.9310344827586207
0.5652173913043478
0.5813953488372093
0.4117647058823529
0.6090909090909091
0.38461538461538464
0.7659574468085106
0.8461538461538461
0.16666666666666666
0.5
0.5783132530120482
0.4661016949152542
0.84
0.6
0.84
0.5232558139534884
0.64
0.3333333333333333
0.0
0.0
0.6
0.5
0.5882352941176471
0.35714285714285715
0.29411764705882354
0.7241379310344828
0.3313253012048193
0.21428571428571427
0.46774193548387094
0.6216216216216216
0.2826086956521739
0.43333333333333335
0.5
0.0
0.5612244897959183
0.5
0.48148148148148145
0.6226993865030674
0.5085470085470085
0.8823529411764706
0.5217391304347826
0.5952380952380952
0.7142857142857143
0.6086956521739131
0.7142857142857143
0.42592592592592593
0.5
0.7909090909090909
0.43333333333333335
0.5746268656716418
0.717391304347826
0.42452830188679247
0.42857142857142855
0.5
0.7790697674418605
0.5689655172413793
0.8095238095238095
0.3333333333333333
0.6923076923076923
0.5818181818181818
0.35714285714285715
0.7647058823529411
0.5777777777777777
0.6190476190476191
0.7391304347826086
0.24
0.8461538461538461
0.84
0.44871794871794873
0.5370370370370371
0.11764705882352941
0.6896551724137931
0.5285714285714286
0.7553191489361702
0.5
0.43333333333333335
0.68
0.14285714285714285
0.16923076923076924
0.42105263157894735
0.1865671641791045
0.5384615384615384
0.3684210526315789
0.07894736842105263
0.7580645161290323
0.6212121212121212
0.48717948717948717
0.16153846153846155
0.45348837209302323
0.6304347826086957
0.5714285714285714
0.6756756756756757
0.6764705882352942
0.23684210526315788
0.2564102564102564
0.16666666666666666
0.48148148148148145
0.3888888888888889
0.7547169811320755
0.5555555555555556
0.6
0.5333333333333333
0.6282051282051282
0.6212121212121212
0.35294117647058826
0.6764705882352942
0.3148148148148148
0.25925925925925924
0.7142857142857143
0.6904761904761905
0.5882352941176471
0.45454545454545453
0.5510204081632653
0.18421052631578946
0.6363636363636364
0.5869565217391305
0.3333333333333333
0.05555555555555555
0.5163934426229508
0.6825396825396826
0.5
0.6098901098901099
0.6909090909090909
0.4397590361445783
0.8666666666666667
0.3333333333333333
0.0
0.7285714285714285
0.9354838709677419
0.7424242424242424
0.4536082474226804
0.6
0.5517241379310345
0.5333333333333333
0.7093023255813954
0.44594594594594594
0.4
0.5714285714285714
0.45714285714285713
0.04918032786885246
0.545045045045045
0.651685393258427
0.8333333333333334
0.8571428571428571
0.43478260869565216
0.631578947368421
0.3076923076923077
0.6086956521739131
0.24675324675324675
0.26119402985074625
0.7878787878787878
0.5714285714285714
0.7586206896551724
0.8181818181818182
0.26
0.6333333333333333
0.7333333333333333
0.8
0.7463768115942029
0.3870967741935484
0.27419354838709675
0.3
0.3695652173913043
0.34782608695652173
0.2727272727272727
0.2727272727272727
0.41818181818181815
0.3387096774193548
0.3103448275862069
0.4146341463414634
0.4788732394366197
0.4803921568627451
0.6065573770491803
0.6666666666666666
0.6666666666666666
0.3888888888888889
0.4176470588235294
0.4915254237288136
0.6170212765957447
0.8243243243243243
0.5204081632653061
0.5333333333333333
0.2153846153846154
0.3723404255319149
0.6486486486486487
0.44594594594594594
0.4146341463414634
0.5
0.4222222222222222
0.5444444444444444
0.30526315789473685
0.4883720930232558
0.3076923076923077
0.7608695652173914
0.8461538461538461
0.6290322580645161
0.47674418604651164
0.43037974683544306
0.2222222222222222
0.5365853658536586
0.5877192982456141
0.5652173913043478
0.21428571428571427
0.20224719101123595
0.11940298507462686
0.8666666666666667
0.6428571428571429
0.44285714285714284
0.6956521739130435
0.34210526315789475
0.16666666666666666
0.7105263157894737
0.9024390243902439
0.14942528735632185
0.4057971014492754
0.6
0.64
0.5983606557377049
0.2826086956521739
0.38235294117647056
0.4230769230769231
0.532258064516129
0.22388059701492538
0.9259259259259259
0.5285714285714286
0.6756756756756757
0.581081081081081
0.72
0.5153846153846153
0.9130434782608695
0.6
0.2619047619047619
0.5757575757575758
0.5714285714285714
0.5636363636363636
0.7962962962962963
0.5571428571428572
0.5
0.5882352941176471
0.38311688311688313
0.045454545454545456
0.84
0.5076923076923077
0.6764705882352942
0.6086956521739131
0.7894736842105263
0.8666666666666667
0.38349514563106796
0.92
0.4523809523809524
0.6046511627906976
0.6
0.6951219512195121
0.7162162162162162
0.43103448275862066
0.6923076923076923
0.7407407407407407
0.34210526315789475
0.41379310344827586
0.4444444444444444
0.3484848484848485
0.4782608695652174
0.5
0.8181818181818182
0.5540540540540541
0.4418604651162791
0.6481481481481481
0.5547945205479452
0.3548387096774194
0.5555555555555556
0.34782608695652173
0.5
0.5945945945945946
0.8518518518518519
0.38372093023255816
0.5476190476190477
0.09523809523809523
0.48484848484848486
0.4
0.4411764705882353
0.78
0.4714285714285714
0.3893129770992366
0.6741573033707865
0.532258064516129
0.9384615384615385
0.8282828282828283
0.5447761194029851
0.7222222222222222
0.7558139534883721
0.6666666666666666
0.7786885245901639
0.5363636363636364
0.38961038961038963
0.5571428571428572
0.29310344827586204
0.5222222222222223
0.5759493670886076
0.5408163265306123
0.5555555555555556
0.4696969696969697
0.1791044776119403
0.5818181818181818
0.5483870967741935
0.23880597014925373
0.5689655172413793
0.2736842105263158
0.6454545454545455
0.631578947368421
0.4222222222222222
0.7368421052631579
0.2727272727272727
0.8181818181818182
0.8461538461538461
0.47752808988764045
0.423728813559322
0.47368421052631576
0.7088607594936709
0.7176470588235294
0.5
0.2619047619047619
0.43103448275862066
0.4897959183673469
0.12307692307692308
0.7380952380952381
0.527027027027027
0.7407407407407407
0.36619718309859156
0.4
0.5689655172413793
0.5
0.7258064516129032
0.6216216216216216
0.00909090909090909
0.4818181818181818
0.5303030303030303
0.64
0.5638297872340425
0.43478260869565216
0.5882352941176471
0.8620689655172413
0.3333333333333333
0.3132530120481928
0.2876712328767123
0.41836734693877553
0.3623853211009174
0.9130434782608695
0.46511627906976744
0.2571428571428571
0.24193548387096775
0.4444444444444444
0.36
0.39568345323741005
0.3598130841121495
0.6567164179104478
0.74
0.5909090909090909
0.46
0.5740740740740741
0.5217391304347826
0.7571428571428571
0.34210526315789475
0.23333333333333334
0.6
0.17647058823529413
0.37755102040816324
0.3333333333333333
0.8372093023255814
0.6206896551724138
0.6559139784946236
0.7647058823529411
0.7142857142857143
0.6379310344827587
0.5588235294117647
0.5287356321839081
0.6904761904761905
0.41025641025641024
0.6428571428571429
0.45121951219512196
0.6162790697674418
0.5185185185185185
0.3333333333333333
0.6
0.5526315789473685
0.5033557046979866
0.2370242214532872
0.5191082802547771
0.7307692307692307
0.5898876404494382
0.52
0.5087719298245614
0.8292682926829268
0.6333333333333333
0.6746031746031746
0.5641025641025641
0.5714285714285714
0.68
0.2289156626506024
0.4032258064516129
0.5655737704918032
0.3902439024390244
0.6707317073170732
0.6170212765957447
0.7333333333333333
0.35106382978723405
0.48058252427184467
0.2
0.6285714285714286
0.7068965517241379
0.8085106382978723
0.6428571428571429
0.8823529411764706
0.7021276595744681
0.8191489361702128
0.5111111111111111
0.425531914893617
0.8679245283018868
0.8571428571428571
0.42857142857142855
0.5457142857142857
0.7547169811320755
0.9186046511627907
0.5555555555555556
0.5333333333333333
0.34615384615384615
0.6
0.08208955223880597
0.5588235294117647
0.30434782608695654
0.5
0.41379310344827586
0.24
0.74
0.8666666666666667
0.6506024096385542
0.42592592592592593
0.6025641025641025
0.5
0.24509803921568626
0.6078431372549019
0.5819672131147541
0.8823529411764706
0.6764705882352942
0.5769230769230769
0.6333333333333333
0.47368421052631576
0.6186440677966102
0.5967741935483871
0.7176470588235294
0.74
0.7536231884057971
0.3
0.6147540983606558
0.24336283185840707
0.44155844155844154
0.7777777777777778
0.058823529411764705
0.0
0.16666666666666666
0.7142857142857143
0.4714285714285714
0.5862068965517241
0.5303030303030303
0.5806451612903226
0.6056338028169014
0.8666666666666667
0.8181818181818182
0.3333333333333333
0.7647058823529411
0.7647058823529411
0.24647887323943662
0.6451612903225806
0.7380952380952381
0.8085106382978723
0.6052631578947368
0.44285714285714284
0.7325581395348837
0.5
0.7567567567567568
0.6351351351351351
0.07936507936507936
0.1746031746031746
0.6206896551724138
0.7105263157894737
0.16279069767441862
0.7413793103448276
0.5813953488372093
0.4714285714285714
0.7941176470588235
0.29310344827586204
0.6
0.46153846153846156
0.574468085106383
0.6585365853658537
0.8064516129032258
0.4528301886792453
0.5526315789473685
0.6086956521739131
0.5882352941176471
0.21052631578947367
0.5333333333333333
0.6428571428571429
0.5
0.2619047619047619
0.32857142857142857
0.21428571428571427
0.7058823529411765
0.8787878787878788
0.6515151515151515
0.38596491228070173
0.5
0.27586206896551724
0.6666666666666666
0.7894736842105263
0.34615384615384615
0.5641025641025641
0.9354838709677419
0.84
0.4230769230769231
0.3
0.42857142857142855
0.6764705882352942
0.6454545454545455
0.5111111111111111
0.7238805970149254
0.5588235294117647
0.5347826086956522
0.7111111111111111
0.5777777777777777
0.6363636363636364
0.4532710280373832
0.47058823529411764
0.603448275862069
0.5882352941176471
0.40425531914893614
0.32727272727272727
0.2857142857142857
0.23333333333333334
0.3
0.5952380952380952
0.40476190476190477
0.4230769230769231
0.6956521739130435
0.6727272727272727
0.11904761904761904
0.2923076923076923
0.2727272727272727
0.7368421052631579
0.5
0.5
0.6363636363636364
0.84
0.7647058823529411
0.2733333333333333
0.6181818181818182
0.5217391304347826
0.6511627906976745
0.45161290322580644
0.6744186046511628
0.5333333333333333
0.7209302325581395
0.7592592592592593
0.5555555555555556
0.3333333333333333
0.8947368421052632
0.631578947368421
0.6666666666666666
0.872093023255814
0.5
0.5
0.3333333333333333
0.5217391304347826
0.5333333333333333
0.5
0.2857142857142857
0.8666666666666667
0.7597402597402597
0.5666666666666667
0.7894736842105263
0.2647058823529412
0.4634146341463415
0.42857142857142855
0.6714285714285714
0.34210526315789475
0.8974358974358975
0.3103448275862069
0.4857142857142857
0.819672131147541
0.7349397590361446
0.8333333333333334
0.8787878787878788
0.9310344827586207
0.8461538461538461
0.1
0.0
0.6428571428571429
0.42424242424242425
0.5641025641025641
0.6170212765957447
0.8493150684931506
0.6078431372549019
0.5857142857142857
0.5597014925373134
0.5769230769230769
0.5641025641025641
0.6585365853658537
0.4105691056910569
0.13333333333333333
0.6376811594202898
0.6216216216216216
0.22549019607843138
0.7380952380952381
0.13380281690140844
0.573170731707317
0.45348837209302323
0.43478260869565216
0.5925925925925926
0.13583815028901733
0.551948051948052
0.3380952380952381
0.6888888888888889
0.16666666666666666
0.5641025641025641
0.3448275862068966
0.32051282051282054
0.5054945054945055
0.2631578947368421
0.4090909090909091
0.3082706766917293
0.34782608695652173
0.36486486486486486
0.3
0.7142857142857143
0.5483870967741935
0.6451612903225806
0.9130434782608695
0.5941176470588235
0.5566037735849056
0.7407407407407407
0.7380952380952381
0.42857142857142855
0.44285714285714284
0.11764705882352941
0.5434782608695652
0.34782608695652173
0.8857142857142857
0.7142857142857143
0.635593220338983
0.7926829268292683
0.8709677419354839
0.5098039215686274
0.8620689655172413
0.8387096774193549
0.9259259259259259
0.5849056603773585
0.8153153153153153
0.9130434782608695
0.84
0.8461538461538461
0.6097560975609756
0.6716417910447762
0.5567375886524822
0.626984126984127
0.6351351351351351
0.6012658227848101
0.48717948717948717
0.7532467532467533
0.39655172413793105
0.678082191780822
0.7906976744186046
0.7424242424242424
0.7266666666666667
0.7739130434782608
0.5714285714285714
0.3333333333333333
0.3333333333333333
0.1111111111111111
0.4666666666666667
0.05555555555555555
0.8103448275862069
0.8372093023255814
0.35714285714285715
0.7380952380952381
0.3
0.9130434782608695
0.8095238095238095
0.6707317073170732
0.8461538461538461
0.8518518518518519
0.5769230769230769
0.803921568627451
0.6
0.20149253731343283
0.6296296296296297
0.84
0.5428571428571428
0.7878787878787878
0.6956521739130435
0.7906976744186046
0.6395348837209303
0.8974358974358975
0.6923076923076923
0.696078431372549
0.7777777777777778
0.8095238095238095
0.7777777777777778
0.3313253012048193
0.2752808988764045
0.43617021276595747
0.47619047619047616
0.7710843373493976
0.7446808510638298
0.92
0.7
0.7142857142857143
0.5
0.40540540540540543
0.7878787878787878
0.24603174603174602
0.3150684931506849
0.8157894736842105
0.6
0.4827586206896552
0.5232558139534884
0.6792452830188679
0.6521739130434783
0.589041095890411
0.3142857142857143
0.5
0.42857142857142855
0.48
0.6444444444444445
0.3157894736842105
0.631578947368421
0.5384615384615384
0.9102564102564102
0.6206896551724138
0.6851851851851852
0.7741935483870968
0.5319148936170213
0.4230769230769231
0.6272727272727273
0.635593220338983
0.7586206896551724
0.6666666666666666
0.7333333333333333
0.6081081081081081
0.34615384615384615
0.8666666666666667
0.8857142857142857
0.45544554455445546
0.9591836734693877
0.7244897959183674
0.7456140350877193
0.6463414634146342
0.24545454545454545
0.8205128205128205
0.4090909090909091
0.8823529411764706
0.5
0.7307692307692307
0.6290322580645161
0.8444444444444444
0.7586206896551724
0.8513513513513513
0.9534883720930233
0.2537313432835821
0.58
0.2727272727272727
0.7894736842105263
0.8923076923076924
0.5588235294117647
0.5
0.8387096774193549
0.8555555555555555
0.7295081967213115
0.22950819672131148
0.37735849056603776
0.7195121951219512
0.5481481481481482
0.7906976744186046
0.40404040404040403
0.4824561403508772
0.696078431372549
0.4586206896551724
0.3793103448275862
0.3877551020408163
0.05555555555555555
0.5555555555555556
0.18421052631578946
0.62
0.38596491228070173
0.7615384615384615
0.3598130841121495
0.5588235294117647
0.8421052631578947
0.8153846153846154
0.4065934065934066
0.5753424657534246
0.5
0.5
0.5
0.2088607594936709
0.0
0.43103448275862066
0.5609756097560976
0.8095238095238095
0.6222222222222222
0.6578947368421053
0.7318840579710145
0.46153846153846156
0.6639344262295082
0.7105263157894737
0.6086956521739131
0.9047619047619048
0.6470588235294118
0.5540540540540541
0.8666666666666667
0.7777777777777778
0.7150537634408602
0.64
0.7391304347826086
0.7247191011235955
0.3235294117647059
0.5405405405405406
0.6951219512195121
0.8333333333333334
0.5344827586206896
0.5
0.5980392156862745
0.5135135135135135
0.5
0.7
0.6129032258064516
0.2803738317757009
0.4943820224719101
0.5816326530612245
0.9512195121951219
0.7580645161290323
0.5579710144927537
0.6698113207547169
0.8571428571428571
0.6176470588235294
0.8648648648648649
0.7666666666666667
0.7209302325581395
0.8205128205128205
0.32608695652173914
0.8508771929824561
0.4957983193277311
0.7647058823529411
0.7948717948717948
0.5588235294117647
0.6666666666666666
0.5555555555555556
0.1417910447761194
0.10317460317460317
0.7407407407407407
0.6896551724137931
0.8666666666666667
0.6282051282051282
0.08108108108108109
0.5925925925925926
0.6078431372549019
0.5967741935483871
0.6363636363636364
0.34210526315789475
0.6666666666666666
0.6
0.7439024390243902
0.574468085106383
0.2692307692307692
0.6086956521739131
0.4666666666666667
0.1111111111111111
0.5508474576271186
0.21428571428571427
0.16666666666666666
0.7
0.8936170212765957
0.6463414634146342
0.9146341463414634
0.46808510638297873
0.9534883720930233
0.9556962025316456
0.2463768115942029
0.5384615384615384
0.3333333333333333
0.0
0.7142857142857143
0.8870967741935484
0.8169014084507042
0.6
0.839622641509434
0.8939393939393939
0.16666666666666666
0.8939393939393939
0.6367521367521367
0.6639344262295082
0.7465753424657534
0.6984126984126984
0.6714285714285714
0.8192771084337349
0.6444444444444445
0.8777777777777778
0.8559322033898306
0.41954022988505746
0.16666666666666666
0.5
0.8947368421052632
0.6779661016949152
0.6746031746031746
0.5813953488372093
0.5985915492957746
0.34705882352941175
0.36752136752136755
0.7551020408163265
0.6794871794871795
0.9130434782608695
0.7027027027027027
0.7741935483870968
0.66
0.6666666666666666
0.7428571428571429
0.7333333333333333
0.7741935483870968
0.7444444444444445
0.7068965517241379
0.5754716981132075
0.7162162162162162
0.696078431372549
0.7358490566037735
0.6714285714285714
0.46
0.7
0.6451612903225806
0.8023255813953488
0.4523809523809524
0.66
0.7857142857142857
0.673469387755102
0.7153846153846154
0.5344827586206896
0.2676767676767677
0.34415584415584416
0.7
0.6631578947368421
0.8205128205128205
0.5819672131147541
0.6063829787234043
0.3103448275862069
0.5882352941176471
0.36082474226804123
0.702020202020202
0.5862068965517241
0.7407407407407407
0.42105263157894735
0.4230769230769231
0.4230769230769231
0.7
0.573170731707317
0.6571428571428571
0.2746478873239437
0.56
0.38
0.5652173913043478
0.6081081081081081
0.32432432432432434
0.7567567567567568
0.18309859154929578
0.5449438202247191
0.5079365079365079
0.64
0.22105263157894736
0.7073170731707317
0.5338983050847458
0.7413793103448276
0.1
0.559322033898305
0.5588235294117647
0.6666666666666666
0.5370370370370371
0.6410256410256411
0.7068965517241379
0.3684210526315789
0.8823529411764706
0.5350877192982456
0.32098765432098764
0.35051546391752575
0.6830985915492958
0.6162790697674418
0.7777777777777778
0.6
0.3333333333333333
0.1
0.03333333333333333
0.5769230769230769
0.3
0.9426229508196722
0.8939393939393939
0.7191780821917808
0.42857142857142855
0.7615384615384615
0.7894736842105263
0.6666666666666666
0.0
0.0
0.7258064516129032
0.8918918918918919
0.6891891891891891
0.9245283018867925
0.6808510638297872
0.7878787878787878
0.627906976744186
0.8604651162790697
0.9363636363636364
0.5686274509803921
0.29577464788732394
0.6149425287356322
0.5689655172413793
0.3089887640449438
0.6956521739130435
0.391304347826087
0.8095238095238095
0.5660377358490566
0.62
0.8247422680412371
0.5638297872340425
0.7771084337349398
0.46825396825396826
0.9591836734693877
0.7758620689655172
0.7741935483870968
0.6636363636363637
0.6707317073170732
0.8309859154929577
0.8298969072164949
0.6923076923076923
0.8709677419354839
0.6739130434782609
0.6666666666666666
0.291044776119403
0.39473684210526316
0.5909090909090909
0.7407407407407407
0.8709677419354839
0.5675675675675675
0.72
0.6052631578947368
0.5952380952380952
0.6272727272727273
0.6216216216216216
0.8620689655172413
0.6190476190476191
0.8571428571428571
0.7222222222222222
0.5666666666666667
0.8732394366197183
0.4180327868852459
0.16666666666666666
0.352112676056338
0.7551020408163265
0.6304347826086957
0.6229508196721312
0.7142857142857143
0.8780487804878049
0.6341463414634146
0.647887323943662
0.8260869565217391
0.647887323943662
0.7098765432098766
0.41304347826086957
0.2866666666666667
0.3
0.0
0.7903225806451613
0.7804878048780488
0.4
0.3813559322033898
0.8275862068965517
0.7323943661971831
0.7222222222222222
0.8037974683544303
0.07142857142857142
0.8666666666666667
0.5512820512820513
0.8095238095238095
0.5930232558139535
0.2894736842105263
0.56
0.6509433962264151
0.15942028985507245
0.6666666666666666
0.7333333333333333
0.1
0.3
0.8461538461538461
0.5609756097560976
0.4358974358974359
0.6
0.6756756756756757
0.21739130434782608
0.6333333333333333
0.5606060606060606
0.6666666666666666
0.6190476190476191
0.2727272727272727
0.7051282051282052
0.373015873015873
0.5909090909090909
0.6698113207547169
0.6923076923076923
0.0
0.7962962962962963
0.6666666666666666
0.16923076923076924
0.6545454545454545
0.5303030303030303
0.5638297872340425
0.84
0.3333333333333333
0.5824175824175825
0.8513513513513513
0.8857142857142857
0.8015873015873016
0.7887323943661971
0.7741935483870968
0.7777777777777778
0.44680851063829785
0.62
0.7567567567567568
0.8095238095238095
0.17073170731707318
0.9047619047619048
0.7096774193548387
0.8666666666666667
0.4782608695652174
0.8095238095238095
0.5
0.8620689655172413
0.686046511627907
0.2692307692307692
0.5675675675675675
0.6075949367088608
0.660377358490566
0.5853658536585366
0.9047619047619048
0.4411764705882353
0.7063492063492064
0.872093023255814
0.3595505617977528
0.7192982456140351
0.6923076923076923
0.9069767441860465
0.1865671641791045
0.9310344827586207
0.4540229885057471
0.74
0.7688172043010753
0.6923076923076923
0.31443298969072164
0.6692307692307692
0.6307692307692307
0.9180327868852459
0.5588235294117647
0.6857142857142857
0.7931034482758621
0.5172413793103449
0.5918367346938775
0.5888888888888889
0.208955223880597
0.208955223880597
0.8823529411764706
0.35185185185185186
0.8924050632911392
0.8768115942028986
0.2535211267605634
0.5317460317460317
0.5421686746987951
0.8591549295774648
0.7142857142857143
0.7444444444444445
0.4444444444444444
0.5116279069767442
0.541095890410959
0.6216216216216216
0.9354838709677419
0.5333333333333333
0.7972972972972973
0.7702702702702703
0.788135593220339
0.8461538461538461
0.16666666666666666
0.5
0.7777777777777778
0.47058823529411764
0.6153846153846154
0.288135593220339
0.821917808219178
0.9339622641509434
0.8129496402877698
0.7014925373134329
0.5925925925925926
0.84
0.5185185185185185
0.5
0.6896551724137931
0.6566265060240963
0.27011494252873564
0.9555555555555556
0.7959183673469388
0.6470588235294118
0.43103448275862066
0.5
0.5932203389830508
0.6086956521739131
0.41379310344827586
0.639344262295082
0.7105263157894737
0.7142857142857143
0.6
0.8372093023255814
0.5714285714285714
0.5555555555555556
0.2
0.34782608695652173
0.13636363636363635
0.6363636363636364
0.7586206896551724
0.5714285714285714
0.5638297872340425
0.3888888888888889
0.3
0.24647887323943662
0.42592592592592593
0.13559322033898305
0.38235294117647056
0.4090909090909091
0.2857142857142857
0.13636363636363635
0.5784313725490197
0.4339622641509434
0.6666666666666666
0.6190476190476191
0.1864406779661017
0.527027027027027
0.47435897435897434
0.5
0.36666666666666664
0.4696969696969697
0.47368421052631576
0.7545454545454545
0.6086956521739131
0.35185185185185186
0.782051282051282
0.6049382716049383
0.5408163265306123
0.43333333333333335
0.32098765432098764
0.6956521739130435
0.5638297872340425
0.5774647887323944
0.34615384615384615
0.8292682926829268
0.5408163265306123
0.7258064516129032
0.6111111111111112
0.40476190476190477
0.43209876543209874
0.58
0.7058823529411765
0.524390243902439
0.41304347826086957
0.6807228915662651
0.7068965517241379
0.8518518518518519
0.41935483870967744
0.38372093023255816
0.42857142857142855
0.41025641025641024
0.8918918918918919
0.7457627118644068
0.54
0.76
0.7181818181818181
0.3787878787878788
0.5581395348837209
0.6395348837209303
0.5777777777777777
0.5662251655629139
0.6123595505617978
0.6891891891891891
0.2692307692307692
0.5588235294117647
0.5135135135135135
0.3620689655172414
0.39655172413793105
0.5888888888888889
0.5384615384615384
0.44285714285714284
0.46153846153846156
0.2647058823529412
0.4426229508196721
0.38461538461538464
0.2246376811594203
0.18493150684931506
0.2631578947368421
0.5773195876288659
0.711864406779661
0.17391304347826086
0.33076923076923076
0.12264150943396226
0.8111111111111111
0.6
0.3983050847457627
0.5254237288135594
0.5434782608695652
0.5930232558139535
0.7248062015503876
0.26582278481012656
0.4067796610169492
0.7702702702702703
0.39603960396039606
0.6086956521739131
0.7203389830508474
0.41935483870967744
0.23809523809523808
0.6923076923076923
0.6764705882352942
0.09090909090909091
0.5
0.35185185185185186
0.8181818181818182
0.6159420289855072
0.7658227848101266
0.6557377049180327
0.8974358974358975
0.9102564102564102
0.672514619883041
0.6779661016949152
0.8333333333333334
0.6538461538461539
0.5
0.66
0.6176470588235294
0.9130434782608695
0.6578947368421053
0.9186046511627907
0.2786885245901639
0.6754385964912281
0.4536082474226804
0.7439024390243902
0.3474576271186441
0.7911392405063291
0.8923076923076924
0.8709677419354839
0.6379310344827587
0.39552238805970147
0.4845360824742268
0.696078431372549
0.48148148148148145
0.25555555555555554
0.6862745098039216
0.7142857142857143
0.5882352941176471
0.3974358974358974
0.7931034482758621
0.5487804878048781
0.5333333333333333
0.4838709677419355
0.8620689655172413
0.8260869565217391
0.6363636363636364
0.15384615384615385
0.20149253731343283
0.6410256410256411
0.42452830188679247
0.18032786885245902
0.6052631578947368
0.64
0.7702702702702703
0.7407407407407407
0.7456140350877193
0.5701754385964912
0.7254901960784313
0.17391304347826086
0.8518518518518519
0.5454545454545454
0.5465116279069767
0.5555555555555556
0.5754716981132075
0.3918918918918919
0.7555555555555555
0.5674157303370787
0.7363636363636363
0.9069767441860465
0.5609756097560976
0.6647058823529411
0.5303030303030303
0.6428571428571429
0.3888888888888889
0.5638297872340425
0.7704918032786885
0.9183673469387755
0.3
0.48936170212765956
0.6779661016949152
0.30434782608695654
0.5727272727272728
0.16
0.42857142857142855
0.504424778761062
0.48201438848920863
0.7710843373493976
0.711864406779661
0.2
0.2
0.16666666666666666
0.11702127659574468
0.16666666666666666
0.9363636363636364
0.8979591836734694
0.7142857142857143
0.5303030303030303
0.66
0.6
0.7318840579710145
0.7244897959183674
0.7111111111111111
0.2676767676767677
0.5436893203883495
0.5666666666666667
0.5
0.3333333333333333
0.4074074074074074
0.8260869565217391
0.5967741935483871
0.6363636363636364
0.47058823529411764
0.16666666666666666
0.36486486486486486
0.7647058823529411
0.9047619047619048
0.2698412698412698
0.5909090909090909
0.46601941747572817
0.8947368421052632
0.3333333333333333
0.56
0.8823529411764706
0.8823529411764706
0.40860215053763443
0.84
0.41304347826086957
0.5
0.5952380952380952
0.8181818181818182
0.5408163265306123
0.8095238095238095
0.6473684210526316
0.46153846153846156
0.4608695652173913
0.6984126984126984
0.6632653061224489
0.56
0.319672131147541
0.6829268292682927
0.776595744680851
0.5615384615384615
0.6086956521739131
0.58
0.6666666666666666
0.8111111111111111
0.6981132075471698
0.8650793650793651
0.7454545454545455
0.84
0.821917808219178
0.8333333333333334
0.3
0.8076923076923077
0.48905109489051096
0.7090909090909091
0.7987012987012987
0.3333333333333333
0.41836734693877553
0.47058823529411764
0.5882352941176471
0.8709677419354839
0.8241758241758241
0.9393939393939394
0.4927536231884058
0.6052631578947368
0.5714285714285714
0.6274509803921569
0.6558441558441559
0.3695652173913043
0.46226415094339623
0.6981132075471698
0.6132075471698113
0.6951219512195121
0.3953488372093023
0.3
0.6571428571428571
0.6451612903225806
0.5423728813559322
0.7096774193548387
0.7209302325581395
0.42105263157894735
0.7608695652173914
0.42857142857142855
0.3103448275862069
0.45714285714285713
0.782608695652174
0.19047619047619047
0.34210526315789475
0.717391304347826
0.5465116279069767
0.7586206896551724
0.5714285714285714
0.4444444444444444
0.6764705882352942
0.7424242424242424
0.6363636363636364
0.7162162162162162
0.78
0.5952380952380952
0.7735849056603774
0.14084507042253522
0.7647058823529411
0.7241379310344828
0.72
0.4823008849557522
0.4222222222222222
0.5434782608695652
0.5686274509803921
0.3333333333333333
0.0
0.3333333333333333
0.8222222222222222
0.6111111111111112
0.5
0.8518518518518519
0.631578947368421
0.6666666666666666
0.6
0.7878787878787878
0.7073170731707317
0.6885245901639344
0.03333333333333333
0.7096774193548387
0.45121951219512196
0.7777777777777778
0.7586206896551724
0.5370370370370371
0.7
0.6470588235294118
0.6379310344827587
0.3333333333333333
0.8428571428571429
0.6794871794871795
0.6764705882352942
0.5185185185185185
0.47619047619047616
0.776595744680851
0.9393939393939394
0.5303030303030303
0.8205128205128205
0.8484848484848485
0.6888888888888889
0.6818181818181818
0.6666666666666666
0.8787878787878788
0.6111111111111112
0.4885057471264368
0.5757575757575758
0.74
0.43333333333333335
0.8444444444444444
0.2753623188405797
0.631578947368421
0.6746031746031746
0.5757575757575758
0.6557377049180327
0.6585365853658537
0.7439024390243902
0.6282051282051282
0.6754966887417219
0.6351351351351351
0.8095238095238095
1.0
0.6952380952380952
0.6917808219178082
0.9567901234567902
0.7152317880794702
0.5319148936170213
0.7456140350877193
0.8571428571428571
0.6885245901639344
0.9259259259259259
0.6206896551724138
0.19672131147540983
0.7692307692307693
0.7666666666666667
0.6818181818181818
0.42857142857142855
0.6666666666666666
0.8787878787878788
0.36666666666666664
0.28
0.28651685393258425
0.8857142857142857
0.6864406779661016
0.42436974789915966
0.5952380952380952
0.8292682926829268
0.4782608695652174
0.6219512195121951
0.6956521739130435
0.5697674418604651
0.15217391304347827
0.5
0.6684210526315789
0.42857142857142855
0.6392405063291139
0.8536585365853658
0.9322033898305084
0.860655737704918
0.8098591549295775
0.8691588785046729
0.8421052631578947
0.8446601941747572
0.9493670886075949
0.7529411764705882
0.7333333333333333
0.8372093023255814
0.6363636363636364
0.9452054794520548
0.7352941176470589
0.6818181818181818
0.8658536585365854
0.8979591836734694
0.5384615384615384
0.6190476190476191
0.5666666666666667
0.717948717948718
0.5303030303030303
0.8205128205128205
0.7377049180327869
0.839622641509434
0.7555555555555555
0.2608695652173913
0.8461538461538461
0.8777777777777778
0.5
0.7051282051282052
0.5967741935483871
0.8698630136986302
0.5757575757575758
0.32857142857142857
0.8518518518518519
0.6229508196721312
0.8734177215189873
0.5217391304347826
0.7
0.7246376811594203
0.686046511627907
0.4647887323943662
0.09836065573770492
0.45555555555555555
0.6867469879518072
0.6290322580645161
0.6595744680851063
0.7558139534883721
0.5217391304347826
0.7647058823529411
0.9426229508196722
0.740506329113924
0.4574468085106383
0.6415094339622641
0.4716981132075472
0.9393939393939394
1.0
0.5384615384615384
0.8260869565217391
0.6060606060606061
0.6417910447761194
0.32456140350877194
0.7333333333333333
0.4788732394366197
0.8620689655172413
0.5862068965517241
0.5
0.7586206896551724
0.3146067415730337
0.660377358490566
0.7096774193548387
0.7280701754385965
0.8620689655172413
0.8275862068965517
0.43548387096774194
0.7073170731707317
0.8389830508474576
0.5882352941176471
0.5
0.5645161290322581
0.9428571428571428
0.4805194805194805
0.7142857142857143
0.8518518518518519
0.7272727272727273
0.35542168674698793
0.48148148148148145
0.2753623188405797
0.24528301886792453
0.2876712328767123
0.2537313432835821
0.9310344827586207
0.8709677419354839
0.8787878787878788
0.7454545454545455
0.8421052631578947
0.8354430379746836
0.3888888888888889
0.8
0.5232558139534884
0.7181818181818181
1.0
0.6595744680851063
0.6938775510204082
0.5671641791044776
0.7894736842105263
0.33766233766233766
0.3548387096774194
0.8985507246376812
0.7142857142857143
0.6111111111111112
0.7272727272727273
0.6020408163265306
0.7428571428571429
0.5925925925925926
0.6090909090909091
0.5727272727272728
0.4777777777777778
0.7894736842105263
0.2235294117647059
0.7465753424657534
0.9186046511627907
0.391304347826087
0.9056603773584906
0.8857142857142857
0.6372549019607843
0.7372881355932204
0.7926829268292683
0.8524590163934426
0.46601941747572817
0.631578947368421
0.7887323943661971
0.6896551724137931
0.5794392523364486
0.3987341772151899
0.9259259259259259
0.7571428571428571
0.6
0.5465116279069767
0.8679245283018868
0.8292682926829268
0.7272727272727273
0.9122807017543859
0.925531914893617
0.6333333333333333
0.42
0.7571428571428571
0.7545454545454545
0.680327868852459
0.7037037037037037
0.7162162162162162
0.7209302325581395
0.6896551724137931
0.7727272727272727
0.26666666666666666
0.5072463768115942
0.7894736842105263
0.6311475409836066
0.647887323943662
0.7428571428571429
0.5510204081632653
0.7
0.6463414634146342
0.487012987012987
0.5512820512820513
0.5909090909090909
0.6438356164383562
0.7162162162162162
0.6428571428571429
0.6846153846153846
0.46601941747572817
0.8095238095238095
0.3870967741935484
0.4117647058823529
0.5824175824175825
0.7133333333333334
0.8620689655172413
0.0
0.8307692307692308
0.7162162162162162
0.532258064516129
0.7777777777777778
0.5819672131147541
0.6643835616438356
0.8478260869565217
0.47619047619047616
0.6206896551724138
0.5296296296296297
0.6349206349206349
0.6627906976744186
0.8444444444444444
0.8947368421052632
0.6
0.7681159420289855
0.7777777777777778
0.3275862068965517
0.9354838709677419
0.9019607843137255
0.8823529411764706
0.4025974025974026
0.4473684210526316
0.9222222222222223
0.6888888888888889
0.6341463414634146
0.7551020408163265
0.6716417910447762
0.7333333333333333
0.9047619047619048
0.6224489795918368
0.21764705882352942
0.7272727272727273
0.5818181818181818
0.7027027027027027
0.5879396984924623
0.5871559633027523
0.5303030303030303
0.6559139784946236
0.6724137931034483
0.92
0.7658227848101266
0.7894736842105263
0.6231884057971014
0.5434782608695652
0.7536231884057971
0.516
0.45121951219512196
0.8518518518518519
0.44554455445544555
0.7878787878787878
0.8363636363636363
0.7415730337078652
0.9183673469387755
0.2971014492753623
0.7457627118644068
1.0
0.8548387096774194
0.603448275862069
0.7380952380952381
0.30952380952380953
0.66
1.0
0.8095238095238095
0.5238095238095238
0.6621621621621622
0.8918918918918919
0.7755102040816326
0.678082191780822
0.782051282051282
0.6194029850746269
0.6415929203539823
0.717948717948718
0.7424242424242424
0.84
0.8372093023255814
0.8108108108108109
0.4010989010989011
0.7543859649122807
0.8245614035087719
0.821917808219178
0.7692307692307693
0.9504950495049505
0.6818181818181818
0.7222222222222222
0.7727272727272727
0.7971014492753623
0.7419354838709677
0.9487179487179487
0.5534351145038168
0.3333333333333333
0.2631578947368421
0.3662420382165605
0.6373626373626373
0.8205128205128205
0.47058823529411764
0.5510204081632653
0.8333333333333334
0.6333333333333333
0.6341463414634146
0.8426966292134831
0.538961038961039
0.6956521739130435
0.48
0.6473684210526316
0.608843537414966
0.8620689655172413
0.7424242424242424
0.7777777777777778
0.7692307692307693
0.6666666666666666
0.678082191780822
0.6981132075471698
0.8095238095238095
0.8064516129032258
0.23809523809523808
0.7878787878787878
0.9146341463414634
0.6989247311827957
0.686046511627907
0.6475409836065574
0.6074074074074074
0.8666666666666667
0.7213114754098361
0.7924528301886793
0.7922077922077922
0.6219512195121951
0.8648648648648649
0.24647887323943662
0.8260869565217391
0.6666666666666666
0.8181818181818182
0.8524590163934426
0.8962264150943396
0.47058823529411764
0.6063829787234043
0.696078431372549
0.43564356435643564
0.9534883720930233
0.8292682926829268
0.20175438596491227
0.8947368421052632
0.6142857142857143
0.9
0.8787878787878788
0.08823529411764706
0.46078431372549017
0.6923076923076923
0.6707317073170732
0.24074074074074073
0.5701754385964912
0.3380281690140845
0.8461538461538461
0.7547169811320755
0.8974358974358975
0.8103448275862069
0.8620689655172413
0.5849056603773585
0.4418604651162791
0.6363636363636364
0.8620689655172413
0.6865671641791045
0.6206896551724138
0.7536231884057971
0.7317073170731707
0.8857142857142857
0.6962025316455697
0.8666666666666667
0.6627906976744186
0.5189873417721519
0.5434782608695652
0.3495575221238938
0.6923076923076923
0.4942528735632184
0.5373134328358209
0.33636363636363636
0.6923076923076923
0.6491228070175439
0.24705882352941178
0.6271186440677966
0.6772151898734177
0.7018348623853211
0.7560975609756098
0.8
0.5967741935483871
0.64
0.8432835820895522
0.8333333333333334
0.8571428571428571
0.6392405063291139
0.6923076923076923
0.6923076923076923
0.6463414634146342
0.4482758620689655
0.32038834951456313
0.6470588235294118
0.35555555555555557
0.5466666666666666
0.3588235294117647
0.47435897435897434
0.826530612244898
0.6428571428571429
0.8655913978494624
0.5384615384615384
0.07142857142857142
0.6708860759493671
0.6666666666666666
0.8526315789473684
0.9574468085106383
0.7857142857142857
0.5068493150684932
0.5142857142857142
0.7142857142857143
0.46
0.7254901960784313
0.31313131313131315
0.732824427480916
0.3333333333333333
0.5666666666666667
0.7941176470588235
0.6976744186046512
0.09230769230769231
0.9130434782608695
0.5784313725490197
0.7818181818181819
0.673469387755102
0.47058823529411764
0.23076923076923078
0.676923076923077
0.5943396226415094
0.5588235294117647
0.6702127659574468
0.5797101449275363
0.7804878048780488
0.7075471698113207
0.7373737373737373
0.6428571428571429
0.9259259259259259
0.5701754385964912
0.29577464788732394
0.5428571428571428
0.7457627118644068
0.7741935483870968
0.4230769230769231
0.9354838709677419
0.5862068965517241
0.7549019607843137
0.64
0.8974358974358975
0.7692307692307693
0.5964912280701754
0.5487804878048781
0.644927536231884
0.6090909090909091
0.8115942028985508
0.873015873015873
0.3883495145631068
0.6494845360824743
0.4782608695652174
0.6666666666666666
0.7014925373134329
0.7551020408163265
0.8518518518518519
0.8260869565217391
0.6476190476190476
0.6307692307692307
0.6582278481012658
0.7586206896551724
0.7666666666666667
0.7209302325581395
0.7878787878787878
0.7702702702702703
0.5151515151515151
0.7051282051282052
0.8095238095238095
0.6826086956521739
0.5606060606060606
0.7359550561797753
0.8372093023255814
0.6
0.7972972972972973
0.7682926829268293
0.6428571428571429
0.528169014084507
0.5666666666666667
0.7898550724637681
0.6851851851851852
0.9555555555555556
0.41836734693877553
0.5897435897435898
0.6
0.5847457627118644
0.6384615384615384
0.7615384615384615
0.8837209302325582
0.6222222222222222
0.9512195121951219
0.7
0.6344086021505376
0.5087719298245614
0.8857142857142857
0.8387096774193549
0.7192982456140351
0.6186440677966102
0.5185185185185185
0.5163934426229508
0.851063829787234
0.711864406779661
0.8153846153846154
0.6444444444444445
0.7894736842105263
0.6666666666666666
0.7982456140350878
0.5
0.5084033613445378
0.5393700787401575
0.7627118644067796
0.7777777777777778
0.5353535353535354
0.8021978021978022
0.5754716981132075
0.5901639344262295
0.32608695652173914
0.5897435897435898
0.1780821917808219
0.7391304347826086
0.7068965517241379
0.6304347826086957
0.6938775510204082
0.7962962962962963
0.8108108108108109
0.6851851851851852
0.8260869565217391
0.9130434782608695
0.6923076923076923
0.39473684210526316
0.6666666666666666
0.92
0.7428571428571429
0.48148148148148145
0.7894736842105263
0.5
0.7073170731707317
0.8709677419354839
0.4897959183673469
0.78
0.8108108108108109
0.8
0.7837837837837838
0.6224489795918368
0.7906976744186046
0.6612903225806451
0.7424242424242424
0.5365853658536586
0.9459459459459459
0.9534883720930233
0.6086956521739131
0.627906976744186
0.639344262295082
0.3564356435643564
0.7318840579710145
0.5365853658536586
0.5606060606060606
0.6666666666666666
0.8108108108108109
0.5133333333333333
0.37755102040816324
0.3235294117647059
0.4026548672566372
0.22666666666666666
0.8181818181818182
0.3787878787878788
0.6333333333333333
0.4077669902912621
0.8679245283018868
0.8829787234042553
0.4263157894736842
0.8421052631578947
0.7169811320754716
0.6558441558441559
0.5095238095238095
0.78
0.7466666666666667
0.7169811320754716
0.5909090909090909
0.6037735849056604
0.8085106382978723
0.7988505747126436
0.6081081081081081
0.6272727272727273
0.5851063829787234
0.8709677419354839
0.8220338983050848
0.8292682926829268
0.5727272727272728
0.8813559322033898
0.6451612903225806
0.5964912280701754
0.8823529411764706
0.689873417721519
0.6296296296296297
0.47619047619047616
0.8620689655172413
0.8095238095238095
0.5158730158730159
0.47619047619047616
0.635593220338983
0.7222222222222222
0.6274509803921569
0.864406779661017
0.6728395061728395
0.803921568627451
0.7294117647058823
0.7741935483870968
0.7540983606557377
0.6157894736842106
0.6619718309859155
0.6862745098039216
0.5526315789473685
0.6836734693877551
0.823943661971831
0.7439024390243902
0.7727272727272727
0.398876404494382
0.6746031746031746
0.7974683544303798
0.8979591836734694
0.9354838709677419
0.7244897959183674
0.9354838709677419
0.5757575757575758
0.8513513513513513
0.9393939393939394
0.680327868852459
0.8356164383561644
0.8153846153846154
0.7307692307692307
0.6627906976744186
0.5161290322580645
0.8709677419354839
0.8095238095238095
0.5
0.1557377049180328
0.7647058823529411
0.6481481481481481
0.5432098765432098
0.8823529411764706
0.8775510204081632
0.4444444444444444
0.64
0.8518518518518519
0.46946564885496184
0.5769230769230769
0.26436781609195403
0.7264150943396226
0.6052631578947368
0.7872340425531915
0.8947368421052632
0.6363636363636364
1.0
0.8333333333333334
0.8793103448275862
0.45454545454545453
0.8870967741935484
0.66
0.8461538461538461
0.23728813559322035
0.38961038961038963
0.6777777777777778
0.528169014084507
0.5606060606060606
0.7682926829268293
0.7191011235955056
0.5818181818181818
0.6132075471698113
0.3870967741935484
0.574468085106383
0.7333333333333333
0.8292682926829268
0.6086956521739131
0.43902439024390244
0.3181818181818182
0.5909090909090909
0.7702702702702703
0.8
0.13934426229508196
0.6509433962264151
0.22151898734177214
0.5217391304347826
0.4
0.6714285714285714
0.5566037735849056
0.6415094339622641
0.8857142857142857
0.8518518518518519
0.7096774193548387
0.6
0.3225806451612903
0.8947368421052632
0.7894736842105263
0.6363636363636364
0.7037037037037037
0.8484848484848485
0.9310344827586207
0.514018691588785
0.524390243902439
0.8787878787878788
0.5263157894736842
0.5444444444444444
0.5217391304347826
0.6363636363636364
0.6363636363636364
0.20149253731343283
0.7142857142857143
0.7142857142857143
0.5232558139534884
0.58
0.8870967741935484
0.851063829787234
0.47435897435897434
0.44155844155844154
0.5616438356164384
0.5581395348837209
0.7448979591836735
0.7096774193548387
0.8191489361702128
1.0
0.7073170731707317
0.8222222222222222
0.64
0.8461538461538461
0.7653061224489796
0.7735849056603774
0.7941176470588235
0.8282828282828283
0.6271186440677966
0.8414634146341463
0.7307692307692307
0.8974358974358975
0.36585365853658536
0.8771929824561403
0.6530612244897959
0.487012987012987
0.5957446808510638
0.6379310344827587
0.36363636363636365
0.6774193548387096
0.8666666666666667
0.6206896551724138
0.92
0.5806451612903226
0.5769230769230769
0.2753623188405797
0.6379310344827587
0.5428571428571428
0.6304347826086957
0.7894736842105263
0.28735632183908044
0.23626373626373626
0.7692307692307693
0.8666666666666667
0.19148936170212766
0.6230769230769231
0.3787878787878788
0.631578947368421
0.6764705882352942
0.6744186046511628
0.6923076923076923
0.7758620689655172
0.92
0.7068965517241379
0.7021276595744681
0.5
0.8260869565217391
0.7831858407079646
0.66
0.6981132075471698
0.6976744186046512
0.582089552238806
0.6619718309859155
0.46774193548387094
0.5087719298245614
0.6888888888888889
0.3181818181818182
0.5555555555555556
0.24242424242424243
0.6792452830188679
0.7075471698113207
0.6595744680851063
0.5444444444444444
0.581081081081081
0.7878787878787878
0.3412698412698413
0.6408450704225352
0.6551724137931034
0.7397260273972602
0.6865671641791045
0.5987654320987654
0.6846153846153846
0.5047619047619047
0.8417721518987342
0.8023255813953488
0.9215686274509803
0.38
0.23770491803278687
0.18
0.4358974358974359
0.2222222222222222
0.29577464788732394
0.6956521739130435
0.48
0.43333333333333335
0.532258064516129
0.5789473684210527
0.3684210526315789
0.47297297297297297
0.5641025641025641
0.6111111111111112
0.6666666666666666
0.8246753246753247
0.46236559139784944
0.5
0.7906976744186046
0.7564102564102564
0.2028985507246377
0.5888888888888889
0.6808510638297872
0.56
0.34615384615384615
0.8023255813953488
0.8253968253968254
0.29333333333333333
0.5344827586206896
0.6956521739130435
0.5
0.9024390243902439
0.6666666666666666
0.7142857142857143
0.5675675675675675
0.24647887323943662
0.6714285714285714
0.686046511627907
0.8191489361702128
0.7142857142857143
0.8404255319148937
0.45348837209302323
0.717948717948718
0.16666666666666666
0.44680851063829785
0.84
0.7358490566037735
0.6226415094339622
0.6818181818181818
0.6515151515151515
0.6842105263157895
0.54
0.6967213114754098
0.6170212765957447
0.47368421052631576
0.8360655737704918
0.64
0.6451612903225806
0.32098765432098764
0.7394366197183099
0.7456140350877193
0.43548387096774194
0.2608695652173913
0.22388059701492538
0.6864406779661016
0.7093023255813954
0.2698412698412698
0.5423728813559322
0.9574468085106383
0.7428571428571429
0.24096385542168675
0.6
0.4303030303030303
0.7222222222222222
0.6666666666666666
0.3064516129032258
0.5169491525423728
0.8829787234042553
0.9111111111111111
0.5909090909090909
0.7878787878787878
0.6666666666666666
0.24528301886792453
0.7105263157894737
0.2608695652173913
0.48484848484848486
0.6794871794871795
0.8823529411764706
0.5
0.8857142857142857
0.7931034482758621
0.46153846153846156
0.7254901960784313
0.7195121951219512
0.8292682926829268
0.6
0.5333333333333333
0.8461538461538461
0.8947368421052632
0.1
0.8518518518518519
0.26495726495726496
0.5641025641025641
1.0
0.5888888888888889
0.776595744680851
0.43333333333333335
0.6086956521739131
0.4878048780487805
0.8555555555555555
0.8918918918918919
0.7647058823529411
0.2857142857142857
0.6097560975609756
0.6938775510204082
0.48
0.44285714285714284
0.6351351351351351
0.524390243902439
0.42528735632183906
0.6836734693877551
0.8787878787878788
0.6486486486486487
0.7647058823529411
0.36792452830188677
0.3115942028985507
0.7647058823529411
0.5769230769230769
0.48360655737704916
0.3
0.8620689655172413
0.7444444444444445
0.7027027027027027
0.8974358974358975
0.8412698412698413
0.5757575757575758
0.6481481481481481
0.5344827586206896
0.7222222222222222
0.9130434782608695
0.6575342465753424
0.8823529411764706
0.4090909090909091
0.3448275862068966
0.5952380952380952
0.3333333333333333
0.6888888888888889
0.6694915254237288
0.7246376811594203
0.6363636363636364
0.7830188679245284
0.7567567567567568
0.6756756756756757
0.5942028985507246
Min Sentence GLEU Score: 0.0
Max Sentence GLEU Score: 1.0
Average Sentence GLEU Score: 0.5529645623568309
Corpus Sentence GLEU Score: 0.5942028985507246
