0.4603174603174603
0.4473684210526316
0.3023255813953488
0.5423728813559322
0.29411764705882354
0.41304347826086957
0.32432432432432434
0.2978723404255319
0.3902439024390244
0.4339622641509434
0.43636363636363634
0.358974358974359
0.5
0.8
0.28378378378378377
0.5925925925925926
0.5363636363636364
0.5363636363636364
0.35365853658536583
0.5769230769230769
0.2857142857142857
0.3888888888888889
0.38
0.3488372093023256
0.5333333333333333
0.3333333333333333
0.4523809523809524
0.0
0.5434782608695652
0.21311475409836064
0.14285714285714285
0.2545454545454545
0.16666666666666666
0.5512820512820513
0.3064516129032258
0.13157894736842105
0.31746031746031744
0.5
0.2727272727272727
0.527027027027027
0.25925925925925924
0.2037037037037037
0.3225806451612903
0.4230769230769231
0.3275862068965517
0.5769230769230769
0.2857142857142857
0.36666666666666664
0.4696969696969697
0.27586206896551724
0.2564102564102564
0.5425531914893617
0.3787878787878788
0.448
0.35802469135802467
0.4241379310344828
0.43283582089552236
0.6851851851851852
0.5
0.3763440860215054
0.2962962962962963
0.3225806451612903
0.3148148148148148
0.21084337349397592
0.23333333333333334
0.32075471698113206
0.4714285714285714
0.13043478260869565
0.18604651162790697
0.17346938775510204
0.15384615384615385
0.45454545454545453
0.34234234234234234
0.2553191489361702
0.2037037037037037
0.1956521739130435
0.1282051282051282
0.26666666666666666
0.3333333333333333
0.3333333333333333
0.4189189189189189
0.5172413793103449
0.2982456140350877
0.58
0.6428571428571429
0.603448275862069
0.40540540540540543
0.1794871794871795
0.3333333333333333
0.35714285714285715
0.18518518518518517
0.30327868852459017
0.34615384615384615
0.5
0.38095238095238093
0.3333333333333333
0.6
0.3888888888888889
0.6025641025641025
0.72
0.35454545454545455
0.45454545454545453
0.84
0.2619047619047619
0.4482758620689655
0.52
0.5
0.2978142076502732
0.74
0.39473684210526316
0.3387096774193548
0.37209302325581395
0.2
0.3888888888888889
0.30303030303030304
0.4636363636363636
0.47435897435897434
0.3181818181818182
0.6285714285714286
0.4266666666666667
0.42105263157894735
0.2830188679245283
0.4142857142857143
0.5
0.5273972602739726
0.0
0.2846153846153846
0.32398753894080995
0.24
0.3333333333333333
0.2937062937062937
0.44054054054054054
0.23333333333333334
0.2222222222222222
0.45161290322580644
0.0
0.36666666666666664
0.8823529411764706
0.3813559322033898
0.17391304347826086
0.35714285714285715
0.34415584415584416
0.524390243902439
0.6756756756756757
0.2857142857142857
0.13157894736842105
0.3333333333333333
0.47619047619047616
0.2894736842105263
0.30434782608695654
0.5869565217391305
0.7142857142857143
0.1111111111111111
0.29411764705882354
0.8666666666666667
0.2222222222222222
0.4230769230769231
0.5434782608695652
0.5217391304347826
0.22727272727272727
0.5
0.36486486486486486
0.2927927927927928
0.4277456647398844
0.2874251497005988
0.34269662921348315
0.717391304347826
0.3620689655172414
0.5434782608695652
0.42105263157894735
0.18571428571428572
0.18
0.14705882352941177
0.5862068965517241
0.27419354838709675
0.373015873015873
0.4636363636363636
0.4864864864864865
0.2571428571428571
0.2857142857142857
0.4647058823529412
0.38235294117647056
0.16666666666666666
0.5
0.41379310344827586
0.6
0.4358974358974359
0.4418604651162791
0.3076923076923077
0.34210526315789475
0.5294117647058824
0.15384615384615385
0.41304347826086957
0.3170731707317073
0.7142857142857143
0.3918918918918919
0.6
0.6
0.2
0.7777777777777778
0.5714285714285714
0.4444444444444444
0.16666666666666666
0.417910447761194
0.25757575757575757
0.35365853658536583
0.27586206896551724
0.3142857142857143
0.3072289156626506
0.8461538461538461
0.47674418604651164
0.46296296296296297
0.6451612903225806
0.16129032258064516
0.2857142857142857
0.3148148148148148
0.6578947368421053
0.6060606060606061
0.7647058823529411
0.11538461538461539
0.4230769230769231
0.3352941176470588
0.2641509433962264
0.17647058823529413
0.2647058823529412
0.7894736842105263
0.37209302325581395
0.45918367346938777
0.24285714285714285
0.25862068965517243
0.21428571428571427
0.4523809523809524
0.3333333333333333
0.41935483870967744
0.3979591836734694
0.2
0.5
0.3
0.18571428571428572
0.3372093023255814
0.26865671641791045
0.24
0.31343283582089554
0.20689655172413793
0.3595505617977528
0.27586206896551724
0.39473684210526316
0.5666666666666667
0.47058823529411764
0.18181818181818182
0.46
0.6744186046511628
0.19047619047619047
0.7272727272727273
0.5689655172413793
0.5471698113207547
0.07142857142857142
0.17391304347826086
0.14705882352941177
0.38372093023255816
0.3695652173913043
0.3018867924528302
0.24193548387096775
0.15384615384615385
0.0
0.34210526315789475
0.6111111111111112
0.40476190476190477
0.4864864864864865
0.5
0.1111111111111111
0.07142857142857142
0.27586206896551724
0.26744186046511625
0.4
0.46551724137931033
0.1956521739130435
0.5666666666666667
0.6333333333333333
0.0
0.24598930481283424
0.32075471698113206
0.3933333333333333
0.2818181818181818
0.6153846153846154
0.7162162162162162
0.5869565217391305
0.449438202247191
0.2903225806451613
0.4803921568627451
0.5238095238095238
0.21212121212121213
0.36885245901639346
0.18181818181818182
0.15217391304347827
0.4594594594594595
0.3225806451612903
0.3076923076923077
0.5882352941176471
0.574468085106383
0.4855072463768116
0.7611940298507462
0.7017543859649122
0.6363636363636364
0.26
0.30434782608695654
0.6086956521739131
0.24
0.32926829268292684
0.1951219512195122
0.21052631578947367
0.7142857142857143
0.41379310344827586
0.16666666666666666
0.15217391304347827
0.09090909090909091
0.0
0.12903225806451613
0.3157894736842105
0.3333333333333333
0.42105263157894735
0.35185185185185186
0.21428571428571427
0.13636363636363635
0.16666666666666666
0.13636363636363635
0.0
0.3888888888888889
0.3524590163934426
0.30303030303030304
0.2909090909090909
0.41732283464566927
0.6162790697674418
0.6956521739130435
0.3275862068965517
0.7894736842105263
0.6263736263736264
0.7333333333333333
0.47619047619047616
0.4473684210526316
0.581081081081081
0.4873417721518987
0.6923076923076923
0.5428571428571428
0.25925925925925924
0.5569620253164557
0.5098039215686274
0.4406779661016949
0.3170731707317073
0.24193548387096775
0.19230769230769232
0.23170731707317074
0.2676056338028169
0.6568627450980392
0.24285714285714285
0.7777777777777778
0.5370370370370371
0.46226415094339623
0.43548387096774194
0.527027027027027
0.8823529411764706
0.29577464788732394
0.4827586206896552
0.5333333333333333
0.46808510638297873
0.42105263157894735
0.631578947368421
0.4230769230769231
0.40707964601769914
0.5789473684210527
0.4344262295081967
0.5
0.2328767123287671
0.3805970149253731
0.3275862068965517
0.3961038961038961
0.2549019607843137
0.22641509433962265
0.39622641509433965
0.1935483870967742
0.3469387755102041
0.2972972972972973
0.3172043010752688
0.28688524590163933
0.3769230769230769
0.21568627450980393
0.2
0.7777777777777778
0.7647058823529411
0.5196078431372549
0.19047619047619047
0.3620689655172414
0.3709677419354839
0.6111111111111112
0.6891891891891891
0.37623762376237624
0.16666666666666666
0.35185185185185186
0.6111111111111112
0.5142857142857142
0.16666666666666666
0.36036036036036034
0.1958762886597938
0.3153153153153153
0.2
0.5882352941176471
0.3220338983050847
0.40476190476190477
0.5434782608695652
0.5882352941176471
0.4358974358974359
0.34615384615384615
0.6222222222222222
0.3372093023255814
0.3181818181818182
0.24
0.5344827586206896
0.3
0.6764705882352942
0.7142857142857143
0.28688524590163933
0.3103448275862069
0.19047619047619047
0.18518518518518517
0.6739130434782609
0.44680851063829785
0.21428571428571427
0.32222222222222224
0.5
0.16666666666666666
0.08823529411764706
0.5886075949367089
0.5144927536231884
0.4714285714285714
0.4090909090909091
1.0
0.0
0.330188679245283
0.4126984126984127
0.6276595744680851
0.32051282051282054
0.6142857142857143
0.8666666666666667
0.3333333333333333
0.5666666666666667
0.8181818181818182
0.7142857142857143
0.64
0.5967741935483871
0.4
0.46153846153846156
0.7647058823529411
0.16666666666666666
0.4175257731958763
0.18181818181818182
0.21052631578947367
0.4666666666666667
0.4594594594594595
0.4032258064516129
0.41379310344827586
0.5405405405405406
0.24074074074074073
0.5
0.3793103448275862
0.4473684210526316
0.20754716981132076
0.3806228373702422
0.7407407407407407
0.15384615384615385
0.25555555555555554
0.3116883116883117
0.45454545454545453
0.33707865168539325
0.2777777777777778
0.2826086956521739
0.2863247863247863
0.2903225806451613
0.2692307692307692
0.10869565217391304
0.24193548387096775
0.28
0.6296296296296297
0.4411764705882353
0.5396825396825397
0.23015873015873015
0.2909090909090909
0.4787234042553192
0.2647058823529412
0.6025641025641025
0.2692307692307692
0.43333333333333335
0.28888888888888886
0.2692307692307692
0.35555555555555557
0.4230769230769231
0.1956521739130435
0.3888888888888889
0.3108108108108108
0.5701754385964912
0.6612903225806451
0.5517241379310345
0.4803921568627451
0.4666666666666667
0.41304347826086957
0.8709677419354839
0.2222222222222222
0.2926829268292683
0.4154929577464789
0.6101694915254238
0.2966101694915254
0.4032258064516129
0.36257309941520466
0.3684210526315789
0.6224489795918368
0.2636363636363636
0.2894736842105263
0.19047619047619047
0.38
0.0
0.3333333333333333
0.0
0.5882352941176471
0.3157894736842105
0.34285714285714286
0.5666666666666667
0.2571428571428571
0.14285714285714285
0.3484848484848485
0.3181818181818182
0.391304347826087
0.3684210526315789
0.47674418604651164
0.35294117647058826
0.16666666666666666
0.5
0.3684210526315789
0.5526315789473685
0.3620689655172414
0.5151515151515151
0.52
0.5121951219512195
0.3918918918918919
0.37142857142857144
0.41379310344827586
0.46153846153846156
0.2
0.2
0.38571428571428573
0.15384615384615385
0.47368421052631576
0.30337078651685395
0.47674418604651164
0.3137254901960784
0.16666666666666666
0.46153846153846156
0.43859649122807015
0.4090909090909091
0.41025641025641024
0.5212765957446809
0.3620689655172414
0.4230769230769231
0.5
0.3333333333333333
0.6111111111111112
0.46
0.4594594594594595
0.27419354838709675
0.38
0.13043478260869565
0.31736526946107785
0.16666666666666666
0.29411764705882354
0.4444444444444444
0.1111111111111111
0.5
0.3333333333333333
0.21428571428571427
0.1
0.6
0.22727272727272727
0.32432432432432434
0.3076923076923077
0.6
0.3333333333333333
0.44594594594594594
0.5897435897435898
0.2619047619047619
0.2857142857142857
0.5
0.5
0.5151515151515151
0.38235294117647056
0.13043478260869565
0.4117647058823529
0.38095238095238093
0.18
0.28378378378378377
0.3157894736842105
0.17142857142857143
0.2894736842105263
0.34146341463414637
0.39361702127659576
0.2608695652173913
0.5476190476190477
0.9130434782608695
0.41836734693877553
0.5476190476190477
0.3135593220338983
0.7272727272727273
0.48484848484848486
0.6081081081081081
0.3157894736842105
0.4117647058823529
0.4830508474576271
0.6078431372549019
0.4482758620689655
0.34946236559139787
0.3116883116883117
0.29365079365079366
0.6
0.5
0.1
0.5
0.5
0.1111111111111111
0.05555555555555555
0.6
0.2857142857142857
0.6
0.6
0.6
0.16666666666666666
0.16666666666666666
0.20588235294117646
0.3
0.1
0.5555555555555556
0.5
0.5
0.16666666666666666
0.4090909090909091
0.2
0.3048780487804878
0.5222222222222223
0.1891891891891892
0.2553191489361702
0.3695652173913043
0.14285714285714285
0.5151515151515151
0.391304347826087
0.24390243902439024
0.12962962962962962
0.2857142857142857
0.4523809523809524
0.4383561643835616
0.6333333333333333
0.288135593220339
0.24324324324324326
0.5
0.35714285714285715
0.5555555555555556
0.34615384615384615
0.2962962962962963
0.3333333333333333
0.42857142857142855
0.24
0.19230769230769232
0.2037037037037037
0.1
0.7142857142857143
0.38571428571428573
0.2631578947368421
0.23529411764705882
0.28
1.0
0.5263157894736842
0.34615384615384615
0.3372093023255814
0.19696969696969696
0.41566265060240964
0.373134328358209
0.2733333333333333
0.5405405405405406
0.29365079365079366
0.39473684210526316
0.07142857142857142
0.3582089552238806
0.2028985507246377
0.34545454545454546
0.5
0.5
0.14444444444444443
0.25555555555555554
0.28888888888888886
0.30158730158730157
0.3968253968253968
0.2
0.6
0.3333333333333333
0.4090909090909091
0.30952380952380953
0.47058823529411764
0.3135593220338983
0.18
0.14
0.3333333333333333
0.6632653061224489
0.30434782608695654
0.4782608695652174
0.5217391304347826
0.18518518518518517
0.15384615384615385
0.29069767441860467
0.3192771084337349
0.10526315789473684
0.2702702702702703
0.16666666666666666
0.58
0.4090909090909091
0.92
0.16666666666666666
0.4222222222222222
0.34444444444444444
0.3888888888888889
0.6333333333333333
0.3076923076923077
0.7142857142857143
0.5172413793103449
0.6212121212121212
0.56
0.5303030303030303
0.4714285714285714
0.5555555555555556
0.3888888888888889
0.5
0.2549019607843137
0.26
0.33098591549295775
0.2631578947368421
0.6
0.4594594594594595
0.27586206896551724
0.3717948717948718
0.29591836734693877
0.5409836065573771
0.11538461538461539
0.4411764705882353
0.3333333333333333
0.23529411764705882
0.3333333333333333
0.5232558139534884
0.4090909090909091
0.3333333333333333
0.8108108108108109
0.5714285714285714
0.9130434782608695
0.6530612244897959
0.28888888888888886
0.2
0.41304347826086957
0.47619047619047616
0.43103448275862066
0.3983050847457627
0.2
0.19387755102040816
0.24242424242424243
0.3170731707317073
0.2878787878787879
0.6379310344827587
0.58
0.631578947368421
0.72
0.42592592592592593
0.4
0.5571428571428572
0.3783783783783784
0.4069767441860465
0.4339622641509434
0.6612903225806451
0.47619047619047616
0.48484848484848486
0.3783783783783784
0.8666666666666667
0.5217391304347826
0.5483870967741935
0.32222222222222224
0.6764705882352942
0.40476190476190477
0.6764705882352942
0.42592592592592593
0.4032258064516129
0.5
0.46
0.36231884057971014
0.6052631578947368
0.7142857142857143
0.3939393939393939
0.2682926829268293
0.0
0.0
0.16666666666666666
0.14285714285714285
0.0
0.0
0.0
0.27586206896551724
0.5701754385964912
0.3111111111111111
0.6884057971014492
0.4090909090909091
0.5
0.0
0.2857142857142857
0.43023255813953487
0.4
0.3448275862068966
0.39473684210526316
0.7777777777777778
0.46296296296296297
0.6
0.631578947368421
0.28205128205128205
0.43333333333333335
0.8095238095238095
0.4029126213592233
0.20967741935483872
0.2948717948717949
0.5526315789473685
0.5689655172413793
0.7580645161290323
0.44
0.08064516129032258
0.7777777777777778
0.1111111111111111
0.3939393939393939
0.3103448275862069
0.2857142857142857
0.13333333333333333
0.45652173913043476
0.38095238095238093
0.27419354838709675
0.3793103448275862
0.2
0.3484848484848485
0.13157894736842105
0.30952380952380953
0.24074074074074073
0.30303030303030304
0.19230769230769232
0.14285714285714285
0.44594594594594594
0.35714285714285715
0.13157894736842105
0.25862068965517243
0.5
0.2619047619047619
0.2391304347826087
0.6351351351351351
0.8823529411764706
0.4523809523809524
0.3372093023255814
0.3113207547169811
0.4019607843137255
0.47959183673469385
0.36046511627906974
0.5454545454545454
0.4
0.538961038961039
0.8444444444444444
0.32857142857142857
0.34536082474226804
0.851063829787234
0.6744186046511628
0.38095238095238093
0.46511627906976744
0.2987012987012987
0.38461538461538464
0.18085106382978725
0.34415584415584416
0.35294117647058826
0.18072289156626506
0.30952380952380953
0.30612244897959184
0.5555555555555556
0.46296296296296297
0.4393939393939394
0.21428571428571427
0.42
0.2222222222222222
0.5
0.5
0.18181818181818182
0.26666666666666666
0.4444444444444444
0.7222222222222222
0.3783783783783784
0.3
0.0
0.288135593220339
0.5
0.30952380952380953
0.504950495049505
0.5408163265306123
0.2
0.3
0.5121951219512195
0.5901639344262295
0.5689655172413793
0.7142857142857143
0.34210526315789475
0.37777777777777777
0.1836734693877551
0.16666666666666666
0.22413793103448276
0.42857142857142855
0.7142857142857143
0.16666666666666666
0.6923076923076923
0.19230769230769232
0.5617283950617284
0.16666666666666666
0.48
0.2037037037037037
0.56
0.3181818181818182
0.5405405405405406
0.18181818181818182
0.42
0.15789473684210525
0.13333333333333333
0.2647058823529412
0.5689655172413793
0.2222222222222222
0.4
0.43103448275862066
0.35714285714285715
0.2619047619047619
0.5483870967741935
0.2564102564102564
0.32432432432432434
0.46296296296296297
0.40476190476190477
0.3333333333333333
0.1
0.4482758620689655
0.3888888888888889
0.4090909090909091
0.6666666666666666
0.3448275862068966
0.5
0.3
0.3
0.35185185185185186
0.4074074074074074
0.4117647058823529
0.36666666666666664
0.3979591836734694
0.8947368421052632
0.24347826086956523
0.29310344827586204
0.21428571428571427
0.5
0.44285714285714284
0.6428571428571429
0.3333333333333333
0.3181818181818182
0.6666666666666666
0.6111111111111112
0.6086956521739131
0.47560975609756095
0.3783783783783784
0.35507246376811596
0.4696969696969697
0.3103448275862069
0.8666666666666667
0.3
0.5
0.2804878048780488
0.3048780487804878
0.5370370370370371
0.2
0.22093023255813954
0.29411764705882354
0.5
0.328
0.5285714285714286
0.3900709219858156
0.23469387755102042
0.16666666666666666
0.3888888888888889
0.18571428571428572
0.38571428571428573
0.43333333333333335
0.26595744680851063
0.5512820512820513
0.5454545454545454
0.3333333333333333
0.6923076923076923
0.15384615384615385
0.43103448275862066
0.31458966565349544
0.27692307692307694
0.2777777777777778
0.38596491228070173
0.3333333333333333
0.36231884057971014
0.5816326530612245
0.6333333333333333
0.5555555555555556
0.4827586206896552
0.23684210526315788
0.30952380952380953
0.47058823529411764
0.2727272727272727
0.18181818181818182
0.5370370370370371
0.47560975609756095
0.7142857142857143
0.3620689655172414
0.62
0.2818181818181818
0.5689655172413793
0.23333333333333334
0.3181818181818182
0.45161290322580644
0.30952380952380953
0.24
0.4418604651162791
0.15555555555555556
0.4111111111111111
0.5333333333333333
0.6020408163265306
0.2222222222222222
0.35135135135135137
0.34615384615384615
0.4411764705882353
0.47619047619047616
0.16666666666666666
0.35714285714285715
0.23846153846153847
0.21428571428571427
0.4358974358974359
0.42424242424242425
0.3870967741935484
0.4473684210526316
0.3148148148148148
0.5
0.7777777777777778
0.2857142857142857
0.0
0.14285714285714285
0.14516129032258066
0.34285714285714286
0.3108108108108108
0.5714285714285714
0.43548387096774194
0.4358974358974359
0.2857142857142857
0.46551724137931033
0.6454545454545455
0.44871794871794873
0.4
0.2878787878787879
0.3983050847457627
0.44680851063829785
0.46825396825396826
0.5571428571428572
0.2702702702702703
0.8823529411764706
0.2631578947368421
0.07142857142857142
0.44871794871794873
0.4126984126984127
0.313953488372093
0.3813559322033898
0.5
0.6764705882352942
0.5
0.0
0.527027027027027
0.6666666666666666
0.24489795918367346
0.7647058823529411
0.3695652173913043
0.7105263157894737
0.8181818181818182
0.15384615384615385
0.6333333333333333
0.34615384615384615
0.42105263157894735
0.3076923076923077
0.11538461538461539
0.6428571428571429
0.45454545454545453
0.3333333333333333
0.21428571428571427
0.7647058823529411
0.3902439024390244
0.4090909090909091
0.42
0.2857142857142857
0.3235294117647059
0.35714285714285715
0.8823529411764706
0.23333333333333334
0.6571428571428571
0.18
0.5370370370370371
0.7647058823529411
0.7142857142857143
0.5555555555555556
0.4230769230769231
0.8181818181818182
0.6666666666666666
0.38
0.7142857142857143
0.38
0.2
0.38461538461538464
0.547945205479452
0.5333333333333333
0.3548387096774194
0.22727272727272727
0.7127659574468085
0.4897959183673469
0.1724137931034483
0.0
0.22580645161290322
0.14285714285714285
0.33505154639175255
0.38095238095238093
0.4827586206896552
0.07142857142857142
0.4876543209876543
0.40350877192982454
0.0
0.4528301886792453
0.2727272727272727
0.16666666666666666
0.42857142857142855
0.23076923076923078
0.42
0.2894736842105263
0.4186046511627907
0.5862068965517241
0.4
0.2037037037037037
0.7142857142857143
0.8181818181818182
0.2962962962962963
0.5
0.3333333333333333
0.5740740740740741
0.6176470588235294
0.16666666666666666
0.0
0.07142857142857142
0.18181818181818182
0.13513513513513514
0.40816326530612246
0.6
0.32432432432432434
0.5491803278688525
0.4506172839506173
0.34615384615384615
0.43548387096774194
0.23684210526315788
0.11764705882352941
0.0
0.32608695652173914
0.5
0.42207792207792205
0.6219512195121951
0.5
0.6014492753623188
0.0
0.0
0.0
0.0
0.6
0.14285714285714285
0.43103448275862066
0.36792452830188677
0.16129032258064516
0.25862068965517243
0.4418604651162791
0.22
0.3103448275862069
0.6666666666666666
0.5
0.5925925925925926
0.32857142857142857
0.5
0.0
0.3137254901960784
0.589041095890411
0.45918367346938777
0.39473684210526316
0.36666666666666664
0.35714285714285715
0.4473684210526316
0.3939393939393939
0.5
0.47368421052631576
0.4117647058823529
0.20212765957446807
0.20512820512820512
0.6428571428571429
0.2846153846153846
0.32926829268292684
0.46296296296296297
0.5087719298245614
0.0
0.0
0.43859649122807015
0.5645161290322581
0.16666666666666666
0.4911504424778761
0.3333333333333333
0.49333333333333335
0.3333333333333333
0.26595744680851063
0.5317460317460317
0.3888888888888889
0.1
0.3484848484848485
0.9047619047619048
0.40350877192982454
0.3103448275862069
0.5471698113207547
0.29411764705882354
0.4810126582278481
0.4010989010989011
0.6666666666666666
0.16666666666666666
0.16666666666666666
0.6
0.35185185185185186
0.24074074074074073
0.3
0.13846153846153847
0.358974358974359
0.8461538461538461
0.48717948717948717
0.3333333333333333
0.0
0.3333333333333333
0.5196078431372549
0.2153846153846154
0.41379310344827586
0.6111111111111112
0.6
0.2894736842105263
0.8823529411764706
0.2878787878787879
0.21739130434782608
0.9130434782608695
0.6891891891891891
0.29069767441860467
0.3923076923076923
0.5
0.0
0.3148148148148148
0.5
0.4787234042553192
0.36486486486486486
0.4857142857142857
0.24193548387096775
0.5571428571428572
0.19230769230769232
0.13793103448275862
0.4857142857142857
0.6666666666666666
0.8461538461538461
0.25757575757575757
0.5238095238095238
0.4696969696969697
0.358974358974359
0.46938775510204084
0.3333333333333333
0.44029850746268656
0.36046511627906974
0.4387755102040816
0.18
0.4117647058823529
0.5392156862745098
0.24489795918367346
0.3211920529801324
0.2972972972972973
0.46296296296296297
0.36363636363636365
0.3132530120481928
0.5
0.5
0.6764705882352942
0.631578947368421
0.6
0.34210526315789475
0.7962962962962963
0.6530612244897959
0.6111111111111112
0.8666666666666667
0.5333333333333333
0.6049382716049383
0.2926829268292683
0.13333333333333333
0.6923076923076923
0.44339622641509435
0.4411764705882353
0.5
0.3484848484848485
0.8378378378378378
0.3
0.40476190476190477
0.49019607843137253
0.49473684210526314
0.5284552845528455
0.5918367346938775
0.56
0.7222222222222222
0.43283582089552236
0.23529411764705882
0.47560975609756095
0.45121951219512196
0.5405405405405406
0.43243243243243246
0.34210526315789475
0.6230769230769231
0.22727272727272727
0.5306122448979592
0.3142857142857143
0.44
0.48484848484848486
0.36666666666666664
0.3103448275862069
0.3484848484848485
0.6
0.46511627906976744
0.33783783783783783
0.46551724137931033
0.45652173913043476
0.5
0.38095238095238093
0.16666666666666666
0.26666666666666666
0.2631578947368421
0.043478260869565216
0.46296296296296297
0.15217391304347827
0.45454545454545453
0.2647058823529412
0.30851063829787234
0.1891891891891892
0.2619047619047619
0.38095238095238093
0.25925925925925924
0.2777777777777778
0.17647058823529413
0.2692307692307692
0.1896551724137931
0.40476190476190477
0.36666666666666664
0.30303030303030304
0.3617021276595745
0.11688311688311688
0.24545454545454545
0.32075471698113206
0.5
0.39308176100628933
0.47058823529411764
0.4350282485875706
0.1
0.5983606557377049
0.47333333333333333
0.48717948717948717
0.5212765957446809
0.48936170212765956
0.3770491803278688
0.30612244897959184
0.8103448275862069
0.4696969696969697
0.2866666666666667
0.37058823529411766
0.3163265306122449
0.34
0.38823529411764707
0.3484848484848485
0.35185185185185186
0.2988505747126437
0.22580645161290322
0.4716981132075472
0.36470588235294116
0.3466666666666667
0.1951219512195122
0.5975609756097561
0.4365079365079365
0.30851063829787234
0.62
0.32558139534883723
0.3469387755102041
0.46534653465346537
0.5232558139534884
0.36
0.5566037735849056
0.19230769230769232
0.42592592592592593
0.5365853658536586
0.4178082191780822
0.26595744680851063
0.0
0.42424242424242425
0.524390243902439
0.5757575757575758
0.47126436781609193
0.4873417721518987
0.47560975609756095
0.7627118644067796
0.2857142857142857
0.4117647058823529
0.6530612244897959
0.21794871794871795
0.5566037735849056
0.9259259259259259
0.3923076923076923
0.43023255813953487
0.2903225806451613
0.4230769230769231
0.6896551724137931
0.6
0.0
0.4482758620689655
0.3333333333333333
0.5384615384615384
0.14285714285714285
0.6
0.5212765957446809
0.3488372093023256
0.3333333333333333
0.5895522388059702
0.6
0.6444444444444445
0.5555555555555556
0.14814814814814814
0.7608695652173914
0.5714285714285714
0.8666666666666667
0.6
0.29411764705882354
0.14705882352941177
0.5263157894736842
0.5
0.34210526315789475
0.48484848484848486
0.21428571428571427
0.5930232558139535
0.3684210526315789
0.3
0.42857142857142855
0.34285714285714286
0.21052631578947367
0.2692307692307692
0.6142857142857143
0.581081081081081
1.0
0.42857142857142855
0.6896551724137931
0.5
0.3404255319148936
0.2692307692307692
0.5
0.24358974358974358
0.2
0.44285714285714284
0.5714285714285714
0.3148148148148148
0.4649122807017544
0.44
0.6410256410256411
0.2076923076923077
0.3
0.33636363636363636
0.5555555555555556
0.5384615384615384
0.5909090909090909
0.3333333333333333
0.5254237288135594
0.7027027027027027
0.44
0.7258064516129032
0.8488372093023255
0.5303030303030303
0.21212121212121213
0.5555555555555556
0.6585365853658537
0.7741935483870968
0.5185185185185185
0.4146341463414634
0.41379310344827586
0.5217391304347826
0.25862068965517243
0.35135135135135137
0.6176470588235294
0.3695652173913043
0.36
0.3148148148148148
0.2872340425531915
0.3076923076923077
0.28378378378378377
0.2
0.3620689655172414
0.3023255813953488
0.44594594594594594
0.524390243902439
0.37254901960784315
0.4444444444444444
0.47297297297297297
0.3333333333333333
0.5
0.2391304347826087
0.4696969696969697
0.24074074074074073
0.7586206896551724
0.3888888888888889
0.581081081081081
0.5444444444444444
0.47058823529411764
0.5135135135135135
0.5232558139534884
0.6379310344827587
0.6904761904761905
0.6666666666666666
0.6216216216216216
0.4473684210526316
0.5
0.6212121212121212
0.34146341463414637
0.3333333333333333
0.42063492063492064
0.38461538461538464
0.5882352941176471
0.43333333333333335
0.5
0.3023255813953488
0.47058823529411764
0.8461538461538461
0.4649122807017544
0.3333333333333333
0.16666666666666666
0.4215686274509804
0.24242424242424243
0.32075471698113206
0.4827586206896552
0.3333333333333333
0.8666666666666667
0.6739130434782609
0.21428571428571427
0.8260869565217391
0.5615384615384615
0.20588235294117646
0.9047619047619048
0.3783783783783784
0.6904761904761905
0.36486486486486486
0.3888888888888889
0.6382978723404256
0.6666666666666666
0.15384615384615385
0.4
0.41836734693877553
0.3684210526315789
0.509090909090909
0.6111111111111112
0.7192982456140351
0.0
0.4222222222222222
0.6411764705882353
0.2755102040816326
0.3431372549019608
0.30597014925373134
0.391304347826087
0.38461538461538464
0.6857142857142857
0.5555555555555556
0.6666666666666666
0.2692307692307692
0.45652173913043476
0.4787234042553192
0.38235294117647056
0.3333333333333333
0.6052631578947368
0.6
0.42592592592592593
0.5
0.7906976744186046
0.18181818181818182
0.8823529411764706
0.8666666666666667
0.4
0.7
0.5169491525423728
0.5
0.6629213483146067
0.6206896551724138
0.6410256410256411
0.7692307692307693
0.5425531914893617
0.3787878787878788
0.4411764705882353
0.5862068965517241
0.2
0.5444444444444444
0.33783783783783783
0.4
0.5512820512820513
0.3448275862068966
0.2826086956521739
0.5428571428571428
0.45652173913043476
0.5816326530612245
0.22972972972972974
0.56
0.4473684210526316
0.5454545454545454
0.23809523809523808
0.14285714285714285
0.6129032258064516
0.17142857142857143
0.41304347826086957
0.5151515151515151
0.3225806451612903
0.4
0.72
0.39473684210526316
0.22727272727272727
0.5
0.0
0.3870967741935484
0.47674418604651164
0.37209302325581395
0.3048780487804878
0.6224489795918368
0.6538461538461539
0.47560975609756095
0.2857142857142857
0.6379310344827587
0.8823529411764706
0.4859154929577465
0.3787878787878788
0.5689655172413793
0.4883720930232558
0.34782608695652173
0.4148936170212766
0.43548387096774194
0.5405405405405406
0.3253968253968254
0.6410256410256411
0.33076923076923076
0.5952380952380952
0.45714285714285713
0.2826086956521739
0.7
0.7222222222222222
0.3333333333333333
0.5
0.7735849056603774
0.5757575757575758
0.28378378378378377
0.42857142857142855
0.3717948717948718
0.2804878048780488
0.574468085106383
0.58
0.34615384615384615
0.44594594594594594
0.5365853658536586
0.3076923076923077
0.2073170731707317
0.56
0.2945205479452055
0.527027027027027
0.7413793103448276
0.5476190476190477
0.6595744680851063
0.3888888888888889
0.5161290322580645
0.5689655172413793
0.5606060606060606
0.6
0.3333333333333333
0.5945945945945946
0.35294117647058826
0.5181818181818182
0.22807017543859648
0.9047619047619048
0.35135135135135137
0.5915492957746479
0.5526315789473685
0.07142857142857142
0.5
0.43333333333333335
0.21428571428571427
0.2037037037037037
0.4523809523809524
0.35294117647058826
0.2777777777777778
0.29411764705882354
0.7777777777777778
0.44
0.24324324324324326
0.5769230769230769
0.25757575757575757
0.24285714285714285
0.3709677419354839
0.30434782608695654
0.5
0.30434782608695654
0.7142857142857143
0.23076923076923078
0.19696969696969696
0.36363636363636365
0.7142857142857143
0.38
0.2692307692307692
0.23529411764705882
0.3333333333333333
0.5666666666666667
0.7142857142857143
0.4782608695652174
0.3157894736842105
0.4666666666666667
0.5588235294117647
0.2391304347826087
0.5675675675675675
0.6739130434782609
0.7777777777777778
0.23529411764705882
0.34615384615384615
0.7777777777777778
0.3888888888888889
0.7
0.5733333333333334
0.56
0.45161290322580644
0.36065573770491804
0.16666666666666666
0.1956521739130435
0.3225806451612903
0.5666666666666667
0.2
0.4473684210526316
0.3627450980392157
0.1956521739130435
0.23134328358208955
0.4482758620689655
0.3709677419354839
0.30952380952380953
0.3793103448275862
0.38
0.34
0.22413793103448276
0.22
0.46153846153846156
0.30434782608695654
0.22727272727272727
0.7380952380952381
0.2857142857142857
0.2727272727272727
0.5
0.5581395348837209
0.45454545454545453
0.32456140350877194
0.717391304347826
0.5161290322580645
0.4083969465648855
0.40425531914893614
0.7380952380952381
0.3283582089552239
0.4777777777777778
0.3333333333333333
0.4032258064516129
0.35294117647058826
0.25925925925925924
0.19696969696969696
0.22857142857142856
0.5769230769230769
0.29411764705882354
0.6111111111111112
0.6967213114754098
0.3888888888888889
0.4418604651162791
0.6274509803921569
0.54
0.3490566037735849
0.47368421052631576
0.4523809523809524
0.7105263157894737
0.5333333333333333
0.36
0.6363636363636364
0.6666666666666666
0.6086956521739131
0.18181818181818182
0.2972972972972973
0.5
0.29310344827586204
0.3333333333333333
0.1
0.5425531914893617
0.5666666666666667
0.5555555555555556
0.5555555555555556
0.23529411764705882
0.11764705882352941
0.6086956521739131
0.8181818181818182
0.0
0.6
0.6333333333333333
0.5
0.6578947368421053
0.6086956521739131
0.1
0.43103448275862066
0.40476190476190477
0.34146341463414637
0.18627450980392157
0.47368421052631576
0.4918032786885246
0.5212765957446809
0.6923076923076923
0.16666666666666666
0.6923076923076923
0.572289156626506
0.5
0.7391304347826086
0.36666666666666664
0.6956521739130435
0.32558139534883723
0.52
0.3333333333333333
0.0
0.16666666666666666
0.5769230769230769
0.30434782608695654
0.3235294117647059
0.5714285714285714
0.2647058823529412
0.3448275862068966
0.35365853658536583
0.5111111111111111
0.3709677419354839
0.40540540540540543
0.40476190476190477
0.4
0.16666666666666666
0.0
0.5
0.32
0.337037037037037
0.49079754601226994
0.3803418803418803
0.47058823529411764
0.17391304347826086
0.34210526315789475
0.7142857142857143
0.35714285714285715
0.34210526315789475
0.4074074074074074
0.2962962962962963
0.6818181818181818
0.26666666666666666
0.25384615384615383
0.4782608695652174
0.27358490566037735
0.07142857142857142
0.35714285714285715
0.4
0.29310344827586204
0.5238095238095238
1.0
0.6
0.44545454545454544
0.35714285714285715
0.6333333333333333
0.36666666666666664
0.19047619047619047
0.5217391304347826
0.72
0.38461538461538464
0.54
0.24358974358974358
0.3888888888888889
0.2647058823529412
0.5172413793103449
0.3918918918918919
0.43617021276595747
0.32432432432432434
0.13333333333333333
0.12
0.7142857142857143
0.38235294117647056
0.10526315789473684
0.24193548387096775
0.19230769230769232
0.18181818181818182
0.8461538461538461
0.3870967741935484
0.25757575757575757
0.28205128205128205
0.5217391304347826
0.3488372093023256
0.5
0.8095238095238095
0.47297297297297297
0.47058823529411764
0.22105263157894736
0.21794871794871795
0.5
0.24074074074074073
0.7777777777777778
0.4811320754716981
0.7777777777777778
0.36666666666666664
0.8666666666666667
0.48717948717948717
0.5
0.29411764705882354
0.47058823529411764
0.37037037037037035
0.4444444444444444
0.7142857142857143
0.5238095238095238
0.6176470588235294
0.2222222222222222
0.6176470588235294
0.5882352941176471
0.7777777777777778
0.5
0.3333333333333333
0.07142857142857142
0.28688524590163933
0.31746031746031744
0.32666666666666666
0.3901098901098901
0.4818181818181818
0.3103448275862069
0.5666666666666667
0.0
0.0
0.5428571428571428
0.41935483870967744
0.9393939393939394
0.5612244897959183
0.64
0.5449438202247191
0.2777777777777778
0.47674418604651164
0.2
0.6
0.3961038961038961
0.4636363636363636
0.38461538461538464
0.43243243243243246
0.3707865168539326
0.696078431372549
0.4897959183673469
0.7608695652173914
0.23684210526315788
0.5116279069767442
0.45652173913043476
0.46296296296296297
0.4032258064516129
0.6212121212121212
0.5952380952380952
0.7758620689655172
0.18181818181818182
0.5
0.5666666666666667
0.7
0.6
0.427536231884058
0.3
0.45161290322580644
0.4142857142857143
0.391304347826087
0.2826086956521739
0.2727272727272727
0.22727272727272727
0.4636363636363636
0.3387096774193548
0.39655172413793105
0.2926829268292683
0.2605633802816901
0.46078431372549017
0.373015873015873
0.6219512195121951
0.3484848484848485
0.3333333333333333
0.33636363636363636
0.423728813559322
0.4787234042553192
0.5405405405405406
0.37254901960784315
0.5333333333333333
0.54
0.4148936170212766
0.7297297297297297
0.4594594594594595
0.45121951219512196
0.5476190476190477
0.5777777777777777
0.5111111111111111
0.4411764705882353
0.3372093023255814
0.46153846153846156
0.5434782608695652
0.4230769230769231
0.6774193548387096
0.3372093023255814
0.34810126582278483
0.16666666666666666
0.6341463414634146
0.5
0.32608695652173914
0.14285714285714285
0.46938775510204084
0.3275862068965517
0.4
0.5714285714285714
0.2571428571428571
0.41304347826086957
0.18421052631578946
0.5
0.47368421052631576
0.43902439024390244
0.3918918918918919
0.1956521739130435
0.7333333333333333
0.72
0.48360655737704916
0.34782608695652173
0.29411764705882354
0.5384615384615384
0.3064516129032258
0.4117647058823529
0.6111111111111112
0.44285714285714284
0.5405405405405406
0.40540540540540543
0.32
0.49230769230769234
0.2826086956521739
0.8666666666666667
0.13157894736842105
0.3333333333333333
0.5238095238095238
0.6
0.42592592592592593
0.5
0.4473684210526316
0.35294117647058826
0.24025974025974026
0.09090909090909091
0.25925925925925924
0.46923076923076923
0.6176470588235294
0.6666666666666666
0.39473684210526316
0.8666666666666667
0.3888888888888889
0.72
0.1956521739130435
0.27906976744186046
0.0
0.43023255813953487
0.7162162162162162
0.4827586206896552
0.13636363636363635
0.5740740740740741
0.2631578947368421
0.14
0.47619047619047616
0.2878787878787879
0.6956521739130435
0.5
0.2727272727272727
0.3783783783783784
0.20930232558139536
0.2413793103448276
0.5
0.2903225806451613
0.3333333333333333
0.43478260869565216
0.16279069767441862
0.35135135135135137
0.5555555555555556
0.35365853658536583
0.3805970149253731
0.23529411764705882
0.45454545454545453
0.28888888888888886
0.6176470588235294
0.42
0.35135135135135137
0.40588235294117647
0.42473118279569894
0.39655172413793105
0.5923076923076923
0.6111111111111112
0.47101449275362317
0.49206349206349204
0.9534883720930233
0.5076923076923077
0.45081967213114754
0.4818181818181818
0.42207792207792205
0.44285714285714284
0.3620689655172414
0.35555555555555557
0.6329113924050633
0.29591836734693877
0.3191489361702128
0.3939393939393939
0.5526315789473685
0.38181818181818183
0.3620689655172414
0.43478260869565216
0.3103448275862069
0.39361702127659576
0.34545454545454546
0.631578947368421
0.3
0.2982456140350877
0.0
0.5
0.34615384615384615
0.29775280898876405
0.3305084745762712
0.4329896907216495
0.3860759493670886
0.37058823529411766
0.3709677419354839
0.39473684210526316
0.5161290322580645
0.3673469387755102
0.26666666666666666
0.9047619047619048
0.43243243243243246
0.46296296296296297
0.4794520547945205
0.627906976744186
0.3103448275862069
0.7033898305084746
0.532258064516129
0.3918918918918919
0.20588235294117646
0.7090909090909091
0.2714285714285714
0.72
0.3829787234042553
0.4225352112676056
0.5882352941176471
0.6379310344827587
0.3333333333333333
0.4878048780487805
0.4142857142857143
0.6632653061224489
0.5409836065573771
0.6956521739130435
0.3953488372093023
0.5428571428571428
0.2903225806451613
0.3333333333333333
0.34
0.36633663366336633
0.3813559322033898
0.3656716417910448
0.16
0.5142857142857142
0.46
0.37037037037037035
0.5217391304347826
0.34285714285714286
0.39473684210526316
0.14705882352941177
0.4714285714285714
0.13157894736842105
0.3469387755102041
0.34444444444444444
0.5232558139534884
0.5172413793103449
0.5860215053763441
0.6176470588235294
0.14285714285714285
0.3620689655172414
0.3627450980392157
0.3448275862068966
0.4603174603174603
0.2692307692307692
0.44285714285714284
0.23170731707317074
0.1744186046511628
0.3
0.0
0.6
0.6
0.3079470198675497
0.3754325259515571
0.33121019108280253
0.7307692307692307
0.34269662921348315
0.72
0.30701754385964913
0.45121951219512196
0.3111111111111111
0.4180327868852459
0.3717948717948718
0.32075471698113206
0.6466666666666666
0.35714285714285715
0.5645161290322581
0.4344262295081967
0.36585365853658536
0.47560975609756095
0.4574468085106383
0.4
0.336734693877551
0.33544303797468356
0.0
0.3787878787878788
0.5689655172413793
0.6276595744680851
0.5584415584415584
0.5294117647058824
0.48936170212765956
0.35106382978723405
0.4777777777777778
0.7340425531914894
0.5943396226415094
0.7653061224489796
0.33613445378151263
0.44857142857142857
0.4716981132075472
0.6162790697674418
0.1111111111111111
0.3
0.5
0.46153846153846156
0.2631578947368421
0.2647058823529412
0.43478260869565216
0.4411764705882353
0.5
0.4
0.56
0.5666666666666667
0.3333333333333333
0.3888888888888889
0.3974358974358974
0.3466666666666667
0.6666666666666666
0.4716981132075472
0.45901639344262296
0.5882352941176471
0.5588235294117647
0.7692307692307693
0.6395348837209303
0.5526315789473685
0.4576271186440678
0.41935483870967744
0.5411764705882353
0.5
0.47101449275362317
0.16666666666666666
0.319672131147541
0.33098591549295775
0.3181818181818182
0.3888888888888889
0.6
0.3333333333333333
0.16666666666666666
0.5238095238095238
0.7
0.3631578947368421
0.19696969696969696
0.21505376344086022
0.31690140845070425
0.3
0.22727272727272727
0.3333333333333333
0.5588235294117647
0.20588235294117646
0.30952380952380953
0.0967741935483871
0.5
0.5531914893617021
0.29411764705882354
0.37142857142857144
0.4186046511627907
0.14285714285714285
0.37142857142857144
0.3783783783783784
0.3333333333333333
0.7894736842105263
0.41379310344827586
0.15789473684210525
0.3181818181818182
0.39655172413793105
0.5116279069767442
0.4714285714285714
0.16666666666666666
0.3717948717948718
0.20909090909090908
0.5769230769230769
0.4148936170212766
0.3048780487804878
0.7903225806451613
0.3113207547169811
0.39473684210526316
0.3695652173913043
0.29411764705882354
0.25555555555555554
0.16666666666666666
0.5612244897959183
0.34615384615384615
0.40476190476190477
0.3
0.1
0.39215686274509803
0.9393939393939394
0.2878787878787879
0.15789473684210525
0.26
0.45121951219512196
0.5757575757575758
0.631578947368421
0.15384615384615385
0.6818181818181818
0.7741935483870968
0.78
0.46153846153846156
0.16666666666666666
0.07142857142857142
0.4117647058823529
0.5350877192982456
0.4777777777777778
0.5597014925373134
0.29411764705882354
0.7307692307692307
0.5777777777777777
0.6888888888888889
0.4393939393939394
0.7894736842105263
0.5333333333333333
0.5862068965517241
0.5588235294117647
0.46808510638297873
0.5454545454545454
0.5121951219512195
0.2692307692307692
0.5
0.5
0.40476190476190477
0.4230769230769231
0.5
0.4636363636363636
0.8095238095238095
0.2826086956521739
0.3333333333333333
0.7288135593220338
0.2692307692307692
0.16666666666666666
0.7777777777777778
0.72
0.5882352941176471
0.3448275862068966
0.5526315789473685
0.2826086956521739
0.5116279069767442
0.5967741935483871
0.5
0.3333333333333333
0.313953488372093
0.7407407407407407
0.42857142857142855
0.0
0.39473684210526316
0.6578947368421053
0.6904761904761905
0.45348837209302323
0.2037037037037037
0.7068965517241379
0.2857142857142857
0.41304347826086957
0.6
0.5
0.7142857142857143
0.5
0.5
0.5571428571428572
0.4473684210526316
0.35294117647058826
0.23170731707317074
0.14285714285714285
0.5714285714285714
0.5319148936170213
0.7307692307692307
0.22413793103448276
0.6285714285714286
0.5737704918032787
0.6566265060240963
0.6612903225806451
0.7096774193548387
0.9310344827586207
0.19230769230769232
0.5
0.0
0.5714285714285714
0.4714285714285714
0.48717948717948717
0.23333333333333334
0.6301369863013698
0.17647058823529413
0.6
0.40298507462686567
0.44871794871794873
0.2948717948717949
0.5
0.32113821138211385
0.16666666666666666
0.47101449275362317
0.22972972972972974
0.52
0.5526315789473685
0.3333333333333333
0.7073170731707317
0.5222222222222223
0.21739130434782608
0.2037037037037037
0.5307692307692308
0.4155844155844156
0.38461538461538464
0.4444444444444444
0.5
0.44871794871794873
0.25609756097560976
0.3076923076923077
0.6098901098901099
0.39473684210526316
0.22727272727272727
0.2524752475247525
0.3695652173913043
0.19230769230769232
0.5
0.2857142857142857
0.5806451612903226
0.3548387096774194
0.4782608695652174
0.4117647058823529
0.44339622641509435
0.5740740740740741
0.631578947368421
0.35714285714285715
0.5285714285714286
0.21052631578947367
0.41304347826086957
0.5652173913043478
0.5303030303030303
0.4523809523809524
0.23728813559322035
0.34146341463414637
0.3870967741935484
0.37254901960784315
0.4482758620689655
0.9354838709677419
0.46296296296296297
0.5754716981132075
0.5045045045045045
0.41304347826086957
0.72
0.8205128205128205
0.35365853658536583
0.5149253731343284
0.44285714285714284
0.5555555555555556
0.4189189189189189
0.2839506172839506
0.44871794871794873
0.4177215189873418
0.6379310344827587
0.4657534246575342
0.6341463414634146
0.7878787878787878
0.44666666666666666
0.7304347826086957
0.40476190476190477
0.5888888888888889
1.0
0.2777777777777778
0.3333333333333333
0.2777777777777778
0.5862068965517241
0.6162790697674418
0.30952380952380953
0.7380952380952381
0.2
0.9130434782608695
0.5
0.7439024390243902
0.8461538461538461
0.6851851851851852
0.8461538461538461
0.45098039215686275
0.45714285714285713
0.16666666666666666
0.7407407407407407
0.32
0.38571428571428573
0.3333333333333333
0.6739130434782609
0.6395348837209303
0.6046511627906976
0.5641025641025641
0.6153846153846154
0.7352941176470589
0.4074074074074074
0.5
0.2
0.3783783783783784
0.4230769230769231
0.3163265306122449
0.30952380952380953
0.7590361445783133
0.43617021276595747
0.46
0.44
0.3333333333333333
0.46774193548387094
0.6081081081081081
0.45454545454545453
0.3684210526315789
0.7608695652173914
0.5789473684210527
0.5
0.39655172413793105
0.23255813953488372
0.29245283018867924
0.35507246376811596
0.3972602739726027
0.2571428571428571
0.64
0.2857142857142857
0.36
0.5531914893617021
0.34210526315789475
0.8947368421052632
0.15384615384615385
0.5256410256410257
0.5689655172413793
0.46296296296296297
0.7741935483870968
0.4787234042553192
0.3076923076923077
0.6454545454545455
0.4745762711864407
0.5517241379310345
0.4523809523809524
0.6
0.4594594594594595
0.8461538461538461
0.4230769230769231
0.6428571428571429
0.5294117647058824
0.5918367346938775
0.5531914893617021
0.631578947368421
0.3076923076923077
0.4117647058823529
0.358974358974359
0.5849056603773585
0.38235294117647056
0.21794871794871795
0.48717948717948717
0.5
0.5111111111111111
0.6896551724137931
0.7162162162162162
0.7209302325581395
0.8823529411764706
0.4
0.8181818181818182
0.21052631578947367
0.6384615384615384
0.29411764705882354
0.4482758620689655
0.19696969696969696
0.7444444444444445
0.5819672131147541
0.34782608695652173
0.22641509433962265
0.5609756097560976
0.5037037037037037
0.45348837209302323
0.37272727272727274
0.5877192982456141
0.6862745098039216
0.49310344827586206
0.2540983606557377
0.4387755102040816
0.1
0.1111111111111111
0.10526315789473684
0.30434782608695654
0.23684210526315788
0.7857142857142857
0.34210526315789475
0.35294117647058826
0.7017543859649122
0.6692307692307692
0.32222222222222224
0.3767123287671233
0.4473684210526316
0.5
0.0
0.2222222222222222
0.0
0.42592592592592593
0.5512820512820513
0.5
0.4444444444444444
0.631578947368421
0.4225352112676056
0.5
0.5409836065573771
0.7894736842105263
0.2391304347826087
0.19047619047619047
0.3235294117647059
0.5945945945945946
0.26666666666666666
0.3888888888888889
0.4838709677419355
0.30434782608695654
0.13043478260869565
0.5674157303370787
0.47058823529411764
0.5540540540540541
0.5853658536585366
0.48484848484848486
0.5
0.72
0.49019607843137253
0.581081081081081
0.4777777777777778
0.6222222222222222
0.6129032258064516
0.4180327868852459
0.5659340659340659
0.2857142857142857
0.9487179487179487
0.8225806451612904
0.5217391304347826
0.6037735849056604
0.5816326530612245
0.6176470588235294
0.5540540540540541
0.4777777777777778
0.4186046511627907
0.48717948717948717
0.6428571428571429
0.7894736842105263
0.4855072463768116
0.8823529411764706
0.6486486486486487
0.8666666666666667
0.4444444444444444
0.2857142857142857
0.6578947368421053
0.4
0.35185185185185186
0.5689655172413793
0.3333333333333333
0.358974358974359
0.42857142857142855
0.35185185185185186
0.5490196078431373
0.3870967741935484
0.5
0.18421052631578946
0.8333333333333334
0.4
0.7804878048780488
0.5638297872340425
0.46153846153846156
0.30952380952380953
0.43333333333333335
0.2857142857142857
0.288135593220339
0.7142857142857143
0.7380952380952381
0.6571428571428571
0.5319148936170213
0.4146341463414634
0.45121951219512196
0.6063829787234043
0.6219512195121951
0.5759493670886076
0.68
0.5
0.2
0.0
0.1
0.5161290322580645
0.5704225352112676
0.6133333333333333
0.8301886792452831
0.42424242424242425
0.0
0.5757575757575758
0.5384615384615384
0.5491803278688525
0.6438356164383562
0.6984126984126984
0.5857142857142857
0.6746987951807228
0.6444444444444445
0.5531914893617021
0.6610169491525424
0.45555555555555555
0.5
0.5172413793103449
0.6578947368421053
0.6694915254237288
0.5158730158730159
0.26744186046511625
0.5915492957746479
0.5428571428571428
0.4507042253521127
0.5816326530612245
0.5
0.5434782608695652
0.4189189189189189
0.46774193548387094
0.28
0.36666666666666664
0.8
0.26666666666666666
0.3387096774193548
0.4444444444444444
0.3620689655172414
0.6226415094339622
0.6891891891891891
0.6568627450980392
0.5943396226415094
0.8142857142857143
0.32
0.37777777777777777
0.3709677419354839
0.47674418604651164
0.4189189189189189
0.34
0.5285714285714286
0.45918367346938777
0.4846153846153846
0.46551724137931033
0.26153846153846155
0.6829268292682927
0.5571428571428572
0.531578947368421
0.5384615384615384
0.4344262295081967
0.5106382978723404
0.717948717948718
0.2647058823529412
0.42857142857142855
0.47474747474747475
0.20689655172413793
0.6111111111111112
0.39473684210526316
0.34615384615384615
0.4090909090909091
0.78
0.4146341463414634
0.6351351351351351
0.5434782608695652
0.5
0.36
0.2608695652173913
0.5540540540540541
0.28378378378378377
0.33783783783783783
0.41935483870967744
0.2640449438202247
0.5
0.08
0.3508771929824561
0.5853658536585366
0.559322033898305
0.22413793103448276
0.16666666666666666
0.3114754098360656
0.35294117647058826
0.16666666666666666
0.5740740740740741
0.5128205128205128
0.4827586206896552
0.47368421052631576
0.5882352941176471
0.41228070175438597
0.5757575757575758
0.6122448979591837
0.4647887323943662
0.35365853658536583
0.5555555555555556
0.34615384615384615
0.0
0.16666666666666666
0.16666666666666666
0.5769230769230769
0.1
0.39344262295081966
0.6451612903225806
0.410958904109589
0.21428571428571427
0.5597014925373134
0.4473684210526316
0.39090909090909093
0.3333333333333333
0.0
0.3709677419354839
0.44594594594594594
0.3918918918918919
0.6886792452830188
0.5319148936170213
0.2878787878787879
0.47674418604651164
0.7441860465116279
0.6636363636363637
0.29411764705882354
0.4523809523809524
0.5977011494252874
0.5172413793103449
0.7307692307692307
0.6956521739130435
0.4782608695652174
0.9047619047619048
0.1792452830188679
0.6086956521739131
0.5303030303030303
0.2765957446808511
0.6666666666666666
0.5714285714285714
0.4897959183673469
0.46551724137931033
0.42424242424242425
0.4818181818181818
0.4881889763779528
0.5774647887323944
0.654639175257732
0.2727272727272727
0.7741935483870968
0.6739130434782609
0.3695652173913043
0.5434782608695652
0.34210526315789475
0.6515151515151515
0.5185185185185185
0.45161290322580644
0.5405405405405406
0.44
0.3157894736842105
0.6666666666666666
0.8245614035087719
0.5540540540540541
0.3793103448275862
0.373015873015873
0.5317460317460317
0.46296296296296297
0.43333333333333335
0.4084507042253521
0.4672131147540984
0.16666666666666666
0.5563380281690141
0.6836734693877551
0.5
0.5983606557377049
0.21428571428571427
0.573170731707317
0.5697674418604651
0.7676056338028169
0.7380952380952381
0.4859154929577465
0.46296296296296297
0.2826086956521739
0.72
0.3
0.3333333333333333
0.4838709677419355
0.4024390243902439
0.4
0.4915254237288136
0.3103448275862069
0.5
0.5370370370370371
0.4810126582278481
0.14285714285714285
0.07692307692307693
0.34615384615384615
0.2857142857142857
0.36046511627906974
0.3684210526315789
0.52
0.41509433962264153
0.631578947368421
0.7162162162162162
0.3
0.16666666666666666
0.0
0.7051282051282052
0.6219512195121951
0.5512820512820513
0.7142857142857143
0.47297297297297297
0.2826086956521739
0.19230769230769232
0.6818181818181818
0.7051282051282052
0.7380952380952381
0.8947368421052632
0.47435897435897434
0.5384615384615384
0.9393939393939394
0.7452830188679245
0.41025641025641024
1.0
0.6111111111111112
0.6666666666666666
0.6666666666666666
0.4090909090909091
0.5303030303030303
0.35106382978723405
0.4
0.4523809523809524
0.4010989010989011
0.8108108108108109
0.7878787878787878
0.8888888888888888
0.5563380281690141
0.7741935483870968
0.7142857142857143
0.5714285714285714
0.9130434782608695
0.5714285714285714
0.6904761904761905
0.8181818181818182
0.5238095238095238
0.532258064516129
0.36666666666666664
0.30434782608695654
0.40476190476190477
0.6290322580645161
0.5806451612903226
0.4186046511627907
0.19230769230769232
0.7567567567567568
0.5949367088607594
0.4528301886792453
0.36486486486486486
0.9047619047619048
0.49019607843137253
0.5793650793650794
0.36585365853658536
0.4358974358974359
0.8421052631578947
0.4230769230769231
0.6046511627906976
0.3870967741935484
0.6206896551724138
0.5263157894736842
0.42
0.543010752688172
0.5975609756097561
0.4019607843137255
0.6
0.7
0.4016393442622951
0.39215686274509803
0.5571428571428572
0.7592592592592593
0.7586206896551724
0.28431372549019607
0.6333333333333333
0.43478260869565216
0.3448275862068966
0.17647058823529413
0.46296296296296297
0.5063291139240507
0.5434782608695652
0.5434782608695652
0.3968253968253968
0.46987951807228917
0.5211267605633803
0.14285714285714285
0.37777777777777777
0.3620689655172414
0.3023255813953488
0.4794520547945205
0.24324324324324326
0.8225806451612904
0.25555555555555554
0.7972972972972973
0.6081081081081081
0.6885245901639344
0.5769230769230769
0.3333333333333333
0.0
0.3888888888888889
0.8823529411764706
0.5897435897435898
0.5952380952380952
0.5616438356164384
0.8679245283018868
0.5935251798561151
0.5373134328358209
0.6956521739130435
0.7
0.2777777777777778
0.24074074074074073
0.7586206896551724
0.572289156626506
0.35135135135135137
0.5930232558139535
0.5306122448979592
0.34615384615384615
0.5
0.46511627906976744
0.652542372881356
0.6086956521739131
0.2413793103448276
0.6065573770491803
0.3157894736842105
0.14285714285714285
0.6
0.6395348837209303
0.42857142857142855
0.2222222222222222
0.8823529411764706
0.13043478260869565
0.7777777777777778
0.4090909090909091
0.5172413793103449
0.5952380952380952
0.7446808510638298
0.3103448275862069
0.5
0.9047619047619048
0.2777777777777778
0.54
0.5333333333333333
0.4090909090909091
0.7142857142857143
0.2222222222222222
0.6274509803921569
0.46226415094339623
0.6228070175438597
0.40476190476190477
0.30434782608695654
0.5675675675675675
0.1794871794871795
0.66
0.1
0.3181818181818182
0.32608695652173914
0.4473684210526316
0.5507246376811594
0.46296296296296297
0.7435897435897436
0.48148148148148145
0.47959183673469385
0.8666666666666667
0.5849056603773585
0.45652173913043476
0.6063829787234043
0.6901408450704225
0.3230769230769231
0.5609756097560976
0.6020408163265306
0.5344827586206896
0.36
0.5
0.5432098765432098
0.92
0.49056603773584906
0.6585365853658537
0.5697674418604651
0.5060240963855421
0.5645161290322581
0.3333333333333333
0.45161290322580644
0.4186046511627907
0.7
0.5128205128205128
0.581081081081081
0.3559322033898305
0.36
0.7608695652173914
0.44545454545454544
0.24193548387096775
0.29069767441860467
0.5232558139534884
0.3888888888888889
0.5619047619047619
0.4438202247191011
0.5
0.6666666666666666
0.3627450980392157
0.4142857142857143
0.6379310344827587
0.4482758620689655
0.5555555555555556
0.5
0.18181818181818182
0.2692307692307692
0.47058823529411764
0.4180327868852459
0.3974358974358974
0.40476190476190477
0.6086956521739131
0.43333333333333335
0.5483870967741935
0.5423728813559322
0.13157894736842105
0.32432432432432434
0.36666666666666664
0.37777777777777777
0.6333333333333333
0.6885245901639344
0.635593220338983
0.45652173913043476
0.36585365853658536
0.5
0.6451612903225806
0.3474576271186441
0.3918918918918919
0.509090909090909
0.14
0.4830508474576271
0.6129032258064516
0.5
0.5
0.3
0.22727272727272727
0.5
0.35185185185185186
0.5
0.647887323943662
0.43670886075949367
0.5655737704918032
0.5769230769230769
0.5128205128205128
0.41228070175438597
0.6101694915254238
0.48412698412698413
0.44871794871794873
0.3225806451612903
0.548
0.43103448275862066
0.5
0.5263157894736842
0.5581395348837209
0.5
0.7105263157894737
0.6836734693877551
0.8461538461538461
0.4830508474576271
0.4810126582278481
0.8923076923076924
0.4838709677419355
0.40804597701149425
0.6081081081081081
0.39361702127659576
0.46078431372549017
0.2962962962962963
0.23333333333333334
0.5980392156862745
0.7142857142857143
0.47058823529411764
0.38461538461538464
0.7586206896551724
0.6097560975609756
0.5333333333333333
0.30303030303030304
0.6896551724137931
0.3695652173913043
0.6363636363636364
0.5769230769230769
0.8823529411764706
0.5897435897435898
0.2641509433962264
0.3333333333333333
0.3684210526315789
0.78
0.24324324324324326
0.48148148148148145
0.38596491228070173
0.39473684210526316
0.35294117647058826
0.1956521739130435
0.5740740740740741
0.38181818181818183
0.38372093023255816
0.39361702127659576
0.5272727272727272
0.4189189189189189
0.3111111111111111
0.5144927536231884
0.5363636363636364
0.47674418604651164
0.3048780487804878
0.43529411764705883
0.6212121212121212
0.5634920634920635
0.7777777777777778
0.35106382978723405
0.6885245901639344
0.7142857142857143
0.19230769230769232
0.5531914893617021
0.5254237288135594
0.3695652173913043
0.45454545454545453
0.24074074074074073
0.3
0.35064935064935066
0.2972972972972973
0.3253012048192771
0.3559322033898305
0.16666666666666666
0.16666666666666666
0.5
0.3888888888888889
0.16666666666666666
0.5363636363636364
0.5204081632653061
0.7142857142857143
0.5
0.5
0.5769230769230769
0.5217391304347826
0.7142857142857143
0.627906976744186
0.37681159420289856
0.33980582524271846
0.3333333333333333
0.16666666666666666
0.0
0.3888888888888889
0.5434782608695652
0.4838709677419355
0.5757575757575758
0.5
0.14285714285714285
0.3783783783783784
0.5294117647058824
0.5714285714285714
0.17647058823529413
0.3333333333333333
0.5471698113207547
0.42105263157894735
0.3888888888888889
0.58
0.5882352941176471
0.23529411764705882
0.3953488372093023
0.52
0.3333333333333333
0.13636363636363635
0.6578947368421053
0.4090909090909091
0.3627450980392157
0.7380952380952381
0.4105263157894737
0.23076923076923078
0.5869565217391305
0.5158730158730159
0.3469387755102041
0.4666666666666667
0.2540983606557377
0.43902439024390244
0.4666666666666667
0.2846153846153846
0.34782608695652173
0.5370370370370371
0.7444444444444445
0.4444444444444444
0.39622641509433965
0.5158730158730159
0.24545454545454545
0.26
0.4931506849315068
0.5952380952380952
0.6290322580645161
0.6351351351351351
0.6373626373626373
0.39090909090909093
0.4935064935064935
0.3333333333333333
0.6938775510204082
0.3333333333333333
0.47058823529411764
0.6290322580645161
0.4835164835164835
0.42424242424242425
0.3188405797101449
0.2631578947368421
0.25510204081632654
0.7254901960784313
0.5454545454545454
0.4782608695652174
0.42452830188679247
0.5754716981132075
0.5377358490566038
0.6097560975609756
0.45555555555555555
0.6
0.24285714285714285
0.6612903225806451
0.5084745762711864
0.27586206896551724
0.3488372093023256
0.2631578947368421
0.32608695652173914
0.2857142857142857
0.41025641025641024
0.2571428571428571
0.717391304347826
0.1956521739130435
0.2631578947368421
0.6086956521739131
0.36046511627906974
0.3103448275862069
0.5428571428571428
0.48148148148148145
0.11764705882352941
0.3333333333333333
0.4090909090909091
0.47297297297297297
0.22
0.5217391304347826
0.4811320754716981
0.5740740740740741
0.38235294117647056
0.6379310344827587
0.72
0.5396825396825397
0.28888888888888886
0.5217391304347826
0.6666666666666666
0.3333333333333333
0.3333333333333333
0.3333333333333333
0.6341463414634146
0.6111111111111112
0.5
0.44
0.6578947368421053
0.5555555555555556
0.6
0.5303030303030303
0.5
0.6229508196721312
0.3333333333333333
0.5483870967741935
0.24390243902439024
0.07142857142857142
0.5344827586206896
0.5
0.44
0.5666666666666667
0.3448275862068966
0.8666666666666667
0.6571428571428571
0.28205128205128205
0.2647058823529412
0.35185185185185186
0.6052631578947368
0.5212765957446809
0.6363636363636364
0.3783783783783784
0.6891891891891891
0.24242424242424243
0.6444444444444445
0.5617283950617284
0.4482758620689655
0.8181818181818182
0.3488372093023256
0.4827586206896552
0.3939393939393939
0.34
0.5666666666666667
0.24444444444444444
0.4838709677419355
0.7105263157894737
0.8095238095238095
0.5303030303030303
0.4016393442622951
0.4186991869918699
0.4268292682926829
0.4829059829059829
0.44370860927152317
0.40540540540540543
0.5263157894736842
0.9487179487179487
0.7471264367816092
0.5547945205479452
0.5864197530864198
0.49337748344370863
0.37850467289719625
0.45614035087719296
0.47435897435897434
0.7627118644067796
0.58
0.3275862068965517
0.5882352941176471
0.24358974358974358
0.5
0.5303030303030303
0.4025974025974026
0.4533333333333333
0.6666666666666666
0.8461538461538461
0.42
0.32926829268292684
0.5
0.3898305084745763
0.2112676056338028
0.4444444444444444
0.4634146341463415
0.7608695652173914
0.7317073170731707
0.5434782608695652
0.5697674418604651
0.23684210526315788
0.8461538461538461
0.43157894736842106
0.35714285714285715
0.45901639344262296
0.6463414634146342
0.6101694915254238
0.7459016393442623
0.6408450704225352
0.5093457943925234
0.4473684210526316
0.48058252427184467
0.5379746835443038
0.4
0.5666666666666667
0.7073170731707317
0.4090909090909091
0.4507042253521127
0.6274509803921569
0.6545454545454545
0.6219512195121951
0.5714285714285714
0.5384615384615384
0.5793650793650794
0.3111111111111111
0.6025641025641025
0.3787878787878788
0.6153846153846154
0.5
0.3584905660377358
0.4777777777777778
0.48148148148148145
0.5
0.5581395348837209
0.7096774193548387
0.44871794871794873
0.46774193548387094
0.4726027397260274
0.7878787878787878
0.2857142857142857
0.7407407407407407
0.639344262295082
0.5569620253164557
0.6304347826086957
0.6571428571428571
0.8043478260869565
0.3488372093023256
0.6363636363636364
0.8461538461538461
0.6
0.5
0.3709677419354839
0.3829787234042553
0.5
0.8260869565217391
0.8823529411764706
0.5737704918032787
0.37341772151898733
0.6
0.4716981132075472
0.5471698113207547
0.7419354838709677
0.4146341463414634
0.6923076923076923
0.717391304347826
0.36363636363636365
0.43283582089552236
0.6111111111111112
0.7333333333333333
0.6627906976744186
0.7758620689655172
0.39655172413793105
0.6702127659574468
0.5344827586206896
0.34444444444444444
0.5
0.3548387096774194
0.37719298245614036
0.5344827586206896
0.9310344827586207
0.4838709677419355
0.9512195121951219
0.2457627118644068
0.4117647058823529
0.4230769230769231
0.5
0.5454545454545454
0.5512820512820513
0.2857142857142857
0.5555555555555556
0.3333333333333333
0.5757575757575758
0.2962962962962963
0.5
0.29411764705882354
0.4186046511627907
0.6764705882352942
0.5172413793103449
0.4838709677419355
0.5909090909090909
0.4716981132075472
0.5350877192982456
0.7025316455696202
0.7777777777777778
0.92
0.7209302325581395
0.7818181818181819
0.92
0.6555555555555556
0.6836734693877551
0.7014925373134329
0.5526315789473685
0.6571428571428571
0.45161290322580644
0.6086956521739131
0.7142857142857143
0.7222222222222222
0.3787878787878788
0.7653061224489796
0.6428571428571429
0.5925925925925926
0.8727272727272727
0.6818181818181818
0.5666666666666667
0.8947368421052632
0.7027027027027027
0.6232876712328768
0.38372093023255816
0.5483870967741935
0.5566037735849056
0.8428571428571429
0.696078431372549
0.711864406779661
0.6707317073170732
0.48360655737704916
0.8018867924528302
0.6578947368421053
0.4520547945205479
0.5517241379310345
0.7149532710280374
0.41025641025641024
0.5925925925925926
0.6761904761904762
0.9130434782608695
0.7111111111111111
0.8679245283018868
0.7195121951219512
0.41818181818181815
0.4824561403508772
0.4574468085106383
0.5777777777777777
0.56
0.6
0.5181818181818182
0.5081967213114754
0.49382716049382713
0.44594594594594594
0.5581395348837209
0.7068965517241379
0.43506493506493504
0.3783783783783784
0.4782608695652174
0.41228070175438597
0.48360655737704916
0.38028169014084506
0.45714285714285713
0.7857142857142857
0.6212121212121212
0.4268292682926829
0.38961038961038963
0.6153846153846154
0.6883116883116883
0.3219178082191781
0.527027027027027
0.45714285714285713
0.5076923076923077
0.660377358490566
0.8095238095238095
0.5526315789473685
0.7647058823529411
0.4835164835164835
0.29333333333333333
0.37037037037037035
0.3333333333333333
0.4230769230769231
0.4189189189189189
0.6451612903225806
0.5555555555555556
0.6475409836065574
0.5616438356164384
0.3695652173913043
0.28378378378378377
0.3620689655172414
0.3394495412844037
0.5634920634920635
0.5930232558139535
0.13333333333333333
0.8947368421052632
0.5232558139534884
0.5362318840579711
0.5555555555555556
0.8620689655172413
0.4032258064516129
0.7156862745098039
0.6764705882352942
0.6794871794871795
0.2631578947368421
0.5333333333333333
0.5555555555555556
0.573170731707317
0.5714285714285714
0.43283582089552236
0.6444444444444445
0.42857142857142855
0.5204081632653061
0.45348837209302323
0.4696969696969697
0.509090909090909
0.32432432432432434
0.5
0.4292929292929293
0.5606060606060606
0.5645161290322581
0.8103448275862069
0.72
0.7025316455696202
0.5588235294117647
0.5465116279069767
0.3695652173913043
0.4782608695652174
0.5811965811965812
0.35365853658536583
0.5185185185185185
0.5588235294117647
0.7741935483870968
0.5727272727272728
0.43820224719101125
0.5510204081632653
0.54
0.5338983050847458
0.6504424778761062
0.6559139784946236
0.8620689655172413
0.4126984126984127
0.16666666666666666
0.28
0.5964912280701754
0.6428571428571429
0.30158730158730157
0.4189189189189189
0.8428571428571429
0.7448979591836735
0.5068493150684932
0.7051282051282052
0.5373134328358209
0.5
0.21794871794871795
0.696969696969697
0.74
0.7906976744186046
0.5945945945945946
0.6219512195121951
0.38596491228070173
0.6140350877192983
0.4863013698630137
0.6068376068376068
0.5643564356435643
0.6129032258064516
0.3888888888888889
0.7207792207792207
0.6521739130434783
0.47368421052631576
0.6282051282051282
0.5941176470588235
0.7777777777777778
0.34210526315789475
0.5714285714285714
0.44505494505494503
0.7307692307692307
0.5
0.3979591836734694
0.5203252032520326
0.28
0.4146341463414634
0.4606741573033708
0.43506493506493504
0.21739130434782608
0.5
0.5473684210526316
0.5
0.5862068965517241
0.7727272727272727
0.5555555555555556
0.7264957264957265
0.3888888888888889
0.6506849315068494
0.5094339622641509
0.2857142857142857
0.7096774193548387
0.4523809523809524
0.30303030303030304
0.6585365853658537
0.4032258064516129
0.6046511627906976
0.47540983606557374
0.5112359550561798
0.8666666666666667
0.6475409836065574
0.660377358490566
0.5733333333333334
0.7073170731707317
0.6216216216216216
0.6666666666666666
0.9130434782608695
0.42857142857142855
0.5
0.5819672131147541
0.5588235294117647
0.8823529411764706
0.851063829787234
0.4117647058823529
0.5847457627118644
0.7209302325581395
0.4634146341463415
0.4
0.8947368421052632
0.25757575757575757
0.9428571428571428
0.5909090909090909
0.8461538461538461
0.4019607843137255
0.5769230769230769
0.43902439024390244
0.6515151515151515
0.6666666666666666
0.5571428571428572
0.5
0.5943396226415094
0.5769230769230769
0.5172413793103449
0.27586206896551724
0.3584905660377358
0.2558139534883721
0.8181818181818182
0.46551724137931033
0.4552238805970149
0.5517241379310345
0.5652173913043478
0.6025641025641025
0.5714285714285714
0.6329113924050633
0.6333333333333333
0.4878048780487805
0.6585365853658537
0.7608695652173914
0.6739130434782609
0.5897435897435898
0.5697674418604651
0.44029850746268656
0.6206896551724138
0.5
0.4322033898305085
0.5512820512820513
0.559322033898305
0.6455696202531646
0.5315315315315315
0.6585365853658537
0.5333333333333333
0.6290322580645161
0.26
0.5074626865671642
0.8291139240506329
0.5816326530612245
0.5308641975308642
0.34615384615384615
0.3181818181818182
0.5121951219512195
0.6578947368421053
0.4444444444444444
0.14705882352941177
0.25555555555555554
0.32
0.4307692307692308
0.5897435897435898
0.5816326530612245
0.40816326530612246
0.5591397849462365
0.8461538461538461
0.2857142857142857
0.5063291139240507
0.4074074074074074
0.7578947368421053
0.35555555555555557
0.5142857142857142
0.6986301369863014
0.3142857142857143
0.47619047619047616
0.64
0.6764705882352942
0.2830188679245283
0.45038167938931295
1.0
0.36666666666666664
0.5980392156862745
0.5555555555555556
0.6333333333333333
0.45652173913043476
0.38235294117647056
0.42727272727272725
0.336734693877551
0.6176470588235294
0.8666666666666667
0.46153846153846156
0.3113207547169811
0.29411764705882354
0.6382978723404256
0.35507246376811596
0.7073170731707317
0.3867924528301887
0.6161616161616161
0.5408163265306123
0.48148148148148145
0.7192982456140351
0.9047619047619048
0.19696969696969696
0.3644067796610169
0.41935483870967744
0.32051282051282054
0.7741935483870968
0.39655172413793105
0.3333333333333333
0.48
0.3974358974358974
0.782051282051282
0.34210526315789475
0.5121951219512195
0.5869565217391305
0.5
0.7028985507246377
0.5555555555555556
0.38181818181818183
0.33505154639175255
0.6
0.4230769230769231
0.582089552238806
0.5
0.2037037037037037
0.30434782608695654
0.49523809523809526
0.4153846153846154
0.5632911392405063
0.5689655172413793
0.5777777777777777
0.4418604651162791
0.7878787878787878
0.3076923076923077
0.7878787878787878
0.4358974358974359
0.47619047619047616
0.4425287356321839
0.3787878787878788
0.7078651685393258
0.5465116279069767
0.6
0.5540540540540541
0.5853658536585366
0.37142857142857144
0.34782608695652173
0.6627906976744186
0.6521739130434783
0.7592592592592593
0.5333333333333333
0.25510204081632654
0.4358974358974359
0.4
0.4152542372881356
0.6
0.4076923076923077
0.7906976744186046
0.5555555555555556
0.7073170731707317
0.6428571428571429
0.510752688172043
0.5701754385964912
0.42857142857142855
0.7258064516129032
0.7543859649122807
0.7372881355932204
0.9259259259259259
0.5737704918032787
0.851063829787234
0.6440677966101694
0.4
0.4777777777777778
0.8947368421052632
0.6666666666666666
0.6491228070175439
0.391304347826087
0.852112676056338
0.5632911392405063
0.4491525423728814
0.46296296296296297
0.44805194805194803
0.6428571428571429
0.39622641509433965
0.4491525423728814
0.45652173913043476
0.8205128205128205
0.3
0.32608695652173914
0.5172413793103449
0.6956521739130435
0.5816326530612245
0.7592592592592593
0.5945945945945946
0.42592592592592593
0.13043478260869565
0.6956521739130435
0.5
0.7894736842105263
0.6428571428571429
0.92
0.4
0.56
0.6052631578947368
0.8666666666666667
0.524390243902439
0.7096774193548387
0.4111111111111111
0.72
0.5540540540540541
0.4666666666666667
0.43243243243243246
0.47959183673469385
0.6463414634146342
0.532258064516129
0.6363636363636364
0.5365853658536586
0.5540540540540541
0.6511627906976745
0.3695652173913043
0.3372093023255814
0.48360655737704916
0.7358490566037735
0.5507246376811594
0.4146341463414634
0.3484848484848485
0.5350877192982456
0.3783783783783784
0.46808510638297873
0.4090909090909091
0.2647058823529412
0.7246376811594203
0.72
0.3181818181818182
0.5151515151515151
0.6333333333333333
0.543859649122807
0.4716981132075472
0.7553191489361702
0.6224489795918368
0.4649122807017544
0.5377358490566038
0.6623376623376623
0.7388059701492538
0.72
0.4666666666666667
0.8679245283018868
0.4909090909090909
0.5566037735849056
0.5212765957446809
0.4482758620689655
0.4189189189189189
0.5363636363636364
0.3829787234042553
0.7741935483870968
0.652542372881356
0.3048780487804878
0.39090909090909093
0.5677966101694916
0.16129032258064516
0.7105263157894737
0.5588235294117647
0.5189873417721519
0.5555555555555556
0.40476190476190477
0.3103448275862069
0.6904761904761905
0.5952380952380952
0.2619047619047619
0.5508474576271186
0.7407407407407407
0.8627450980392157
0.4915254237288136
0.6358024691358025
0.4803921568627451
0.5235294117647059
0.9354838709677419
0.6721311475409836
0.35789473684210527
0.5774647887323944
0.38235294117647056
0.8095238095238095
0.4489795918367347
0.6126760563380281
0.524390243902439
0.7903225806451613
0.46153846153846156
0.7380952380952381
0.6012658227848101
0.6122448979591837
0.7741935483870968
0.7551020408163265
0.5645161290322581
0.5151515151515151
0.581081081081081
0.7272727272727273
0.6065573770491803
0.6027397260273972
0.6
0.5439560439560439
0.5365853658536586
0.41935483870967744
0.5161290322580645
0.6666666666666666
0.8461538461538461
0.7727272727272727
0.4117647058823529
0.6666666666666666
0.5617283950617284
0.47058823529411764
0.7446808510638298
0.6111111111111112
0.64
0.37037037037037035
0.7079207920792079
0.8181818181818182
0.5945945945945946
0.4056603773584906
0.4473684210526316
0.6702127659574468
0.3157894736842105
0.8181818181818182
0.8292682926829268
0.6515151515151515
0.7586206896551724
0.7777777777777778
0.6129032258064516
0.92
0.8461538461538461
0.5434782608695652
0.5
0.7
0.6917808219178082
0.36363636363636365
0.5116279069767442
0.5730337078651685
0.5964912280701754
0.37735849056603776
0.2878787878787879
0.5
0.43333333333333335
0.47560975609756095
0.56
0.5365853658536586
0.5
0.24193548387096775
0.6756756756756757
0.5428571428571428
0.2894736842105263
0.3490566037735849
0.7428571428571429
0.2391304347826087
0.42857142857142855
0.5540540540540541
0.5545454545454546
0.3018867924528302
0.5303030303030303
0.6
0.24193548387096775
0.5142857142857142
0.3709677419354839
0.47368421052631576
0.7631578947368421
0.7777777777777778
0.6049382716049383
0.5757575757575758
0.3793103448275862
0.5263157894736842
0.7808219178082192
0.7878787878787878
0.5526315789473685
0.6444444444444445
0.717391304347826
0.6212121212121212
0.4393939393939394
0.35294117647058826
0.42857142857142855
0.42857142857142855
0.6585365853658537
0.64
0.5806451612903226
0.7127659574468085
0.2692307692307692
0.5102040816326531
0.6917808219178082
0.3953488372093023
0.3163265306122449
0.46774193548387094
0.44680851063829785
0.46774193548387094
0.6219512195121951
0.5777777777777777
0.46
0.34615384615384615
0.42857142857142855
0.5943396226415094
0.5294117647058824
0.5
0.7033898305084746
0.4878048780487805
0.38461538461538464
0.527027027027027
0.7123287671232876
0.6228070175438597
0.8571428571428571
0.6078431372549019
0.36666666666666664
0.603448275862069
0.4090909090909091
0.6612903225806451
0.7333333333333333
0.3620689655172414
0.32
0.5161290322580645
0.34615384615384615
0.7894736842105263
0.7407407407407407
0.5142857142857142
0.41304347826086957
0.42105263157894735
0.48936170212765956
0.1111111111111111
0.7051282051282052
0.3333333333333333
0.37037037037037035
0.7
0.36363636363636365
0.2894736842105263
0.6176470588235294
0.5348837209302325
0.8461538461538461
0.8103448275862069
0.72
0.4827586206896552
0.5212765957446809
0.4090909090909091
0.6956521739130435
0.3805309734513274
0.62
0.6415094339622641
0.45348837209302323
0.4552238805970149
0.49295774647887325
0.3736842105263158
0.3412698412698413
0.4666666666666667
0.22727272727272727
0.1111111111111111
0.45714285714285713
0.2909090909090909
0.49056603773584906
0.4387755102040816
0.32222222222222224
0.5428571428571428
0.5454545454545454
0.58
0.6056338028169014
0.6280788177339901
0.48
0.5597014925373134
0.7839506172839507
0.5538461538461539
0.5317460317460317
0.5
0.6744186046511628
0.47058823529411764
0.32
0.18571428571428572
0.22
0.5
0.7777777777777778
0.7380952380952381
0.5
0.3333333333333333
0.26666666666666666
0.3387096774193548
0.2631578947368421
0.5263157894736842
0.3918918918918919
0.48717948717948717
0.5333333333333333
0.4074074074074074
0.5064935064935064
0.6162790697674418
0.7456140350877193
0.7325581395348837
0.6538461538461539
0.5217391304347826
0.5666666666666667
0.5957446808510638
0.46
0.4090909090909091
0.45348837209302323
0.5634920634920635
0.3888888888888889
0.6379310344827587
0.463768115942029
0.46153846153846156
0.5365853658536586
0.3888888888888889
0.7142857142857143
0.47297297297297297
0.2619047619047619
0.5428571428571428
0.7209302325581395
0.40425531914893614
0.5
0.5531914893617021
0.5465116279069767
0.41025641025641024
0.16666666666666666
0.5425531914893617
0.46
0.6698113207547169
0.24528301886792453
0.4909090909090909
0.5645161290322581
0.2894736842105263
0.5
0.36923076923076925
0.44680851063829785
0.5827067669172933
0.7377049180327869
0.42
0.41379310344827586
0.4
0.6267605633802817
0.4649122807017544
0.46774193548387094
0.1956521739130435
0.4117647058823529
0.6440677966101694
0.5
0.8947368421052632
0.4322033898305085
0.3617021276595745
0.34285714285714286
0.36363636363636365
0.15714285714285714
0.47878787878787876
0.5581395348837209
0.17391304347826086
0.3870967741935484
0.3728813559322034
0.5333333333333333
0.4444444444444444
0.6363636363636364
0.3787878787878788
0.3333333333333333
0.47058823529411764
0.42105263157894735
0.45652173913043476
0.45454545454545453
0.7692307692307693
0.35294117647058826
0.6571428571428571
0.8142857142857143
0.48148148148148145
0.3181818181818182
0.5306122448979592
0.4268292682926829
0.5365853658536586
0.6
0.4
0.2692307692307692
0.3684210526315789
0.18421052631578946
0.6111111111111112
0.3333333333333333
0.6794871794871795
0.4268292682926829
0.7441860465116279
0.5106382978723404
0.8666666666666667
0.5434782608695652
0.6097560975609756
0.6555555555555556
0.6486486486486487
0.29411764705882354
0.3148148148148148
0.6341463414634146
0.826530612244898
0.44
0.38571428571428573
0.527027027027027
0.7073170731707317
0.6081081081081081
0.5102040816326531
0.45161290322580644
0.6621621621621622
0.5
0.6956521739130435
0.38
0.47058823529411764
0.3974358974358974
0.4672131147540984
0.6
0.6896551724137931
0.4888888888888889
0.4594594594594595
0.5128205128205128
0.5952380952380952
0.48484848484848486
0.5370370370370371
0.1896551724137931
0.6031746031746031
0.6956521739130435
0.3356164383561644
0.5882352941176471
0.6938775510204082
0.581081081081081
0.6428571428571429
0.38
0.6555555555555556
0.6694915254237288
0.6521739130434783
0.5555555555555556
0.29245283018867924
0.5135135135135135
0.5675675675675675
0.6231884057971014
Min Sentence GLEU Score: 0.0
Max Sentence GLEU Score: 1.0
Average Sentence GLEU Score: 0.45585313452665394
Corpus Sentence GLEU Score: 0.6231884057971014
