0.6428571428571429
0.9122807017543859
0.47674418604651164
0.788135593220339
0.4117647058823529
0.7619047619047619
0.32432432432432434
0.4019607843137255
0.7567567567567568
0.8113207547169812
0.7192982456140351
0.5897435897435898
0.5571428571428572
0.8571428571428571
0.43243243243243246
0.8703703703703703
0.5877192982456141
0.5964912280701754
0.6707317073170732
0.8717948717948718
1.0
1.0
0.8
0.686046511627907
1.0
0.7
0.4523809523809524
0.0
0.72
0.36065573770491804
0.2857142857142857
0.3333333333333333
1.0
1.0
0.4838709677419355
1.0
0.6428571428571429
1.0
0.8939393939393939
0.8648648648648649
0.4074074074074074
0.3333333333333333
0.43548387096774194
0.6923076923076923
1.0
1.0
0.7142857142857143
0.7777777777777778
0.4696969696969697
0.29310344827586204
0.43333333333333335
0.7446808510638298
0.4393939393939394
0.664
0.5617283950617284
0.6448275862068965
0.7910447761194029
1.0
0.5660377358490566
0.5698924731182796
0.8148148148148148
0.5483870967741935
0.6
0.4036144578313253
0.47058823529411764
0.6862745098039216
0.5285714285714286
0.43478260869565216
0.27906976744186046
0.30612244897959184
0.07692307692307693
0.6363636363636364
0.6171171171171171
0.7553191489361702
0.5740740740740741
0.1956521739130435
0.46153846153846156
0.3
0.5
0.4482758620689655
0.47297297297297297
0.8275862068965517
0.5655737704918032
0.86
0.8095238095238095
1.0
0.5135135135135135
0.2692307692307692
0.6851851851851852
0.5476190476190477
0.4074074074074074
0.5737704918032787
1.0
0.46296296296296297
0.7380952380952381
0.4074074074074074
1.0
0.6111111111111112
0.6585365853658537
1.0
0.5545454545454546
1.0
0.86
0.391304347826087
0.5287356321839081
1.0
0.5
0.5792349726775956
0.6481481481481481
0.39473684210526316
0.7068965517241379
0.5
0.28
0.6111111111111112
0.30303030303030304
0.6727272727272727
0.6282051282051282
0.3181818181818182
0.7428571428571429
0.5333333333333333
0.7982456140350878
0.24545454545454545
0.8571428571428571
0.5099337748344371
0.6830985915492958
0.0
0.5230769230769231
0.45482866043613707
0.58
0.3333333333333333
0.5827338129496403
0.5918918918918918
0.7
0.35555555555555557
0.5483870967741935
0.16666666666666666
0.1
1.0
0.5819672131147541
0.572463768115942
0.581081081081081
0.3961038961038961
0.6951219512195121
0.6756756756756757
0.5
0.7368421052631579
0.5
0.7380952380952381
0.6470588235294118
0.52
0.391304347826087
0.7142857142857143
0.16666666666666666
0.4411764705882353
1.0
0.3333333333333333
0.5769230769230769
0.2391304347826087
1.0
0.3181818181818182
0.38461538461538464
0.4864864864864865
0.3063063063063063
0.7254335260115607
0.4311377245508982
0.6685393258426966
0.782608695652174
0.7931034482758621
0.6956521739130435
0.5263157894736842
0.5142857142857142
0.34
0.21052631578947367
0.7586206896551724
0.4032258064516129
0.4603174603174603
0.6636363636363637
0.6351351351351351
0.5428571428571428
0.6428571428571429
0.5941176470588235
0.5849056603773585
0.2777777777777778
1.0
0.43548387096774194
0.7666666666666667
0.8648648648648649
0.5813953488372093
0.4358974358974359
0.7368421052631579
1.0
0.18181818181818182
0.5476190476190477
0.5348837209302325
1.0
0.6351351351351351
0.6
1.0
0.6
1.0
0.6666666666666666
0.7333333333333333
1.0
0.7238805970149254
1.0
0.7439024390243902
0.6111111111111112
0.4864864864864865
0.5235294117647059
0.8461538461538461
1.0
0.5370370370370371
0.5
0.1935483870967742
0.7142857142857143
0.5172413793103449
0.8947368421052632
0.7272727272727273
1.0
0.5454545454545454
0.3333333333333333
0.6235294117647059
0.5377358490566038
0.5294117647058824
1.0
0.8157894736842105
0.5348837209302325
0.7551020408163265
0.358974358974359
0.4827586206896552
0.3333333333333333
0.47619047619047616
0.5344827586206896
0.8387096774193549
0.46938775510204084
0.4
0.6153846153846154
0.46
0.6142857142857143
0.32558139534883723
0.5076923076923077
0.72
0.7318840579710145
0.3620689655172414
0.4101123595505618
0.8275862068965517
0.5
0.7
1.0
0.2727272727272727
1.0
0.8372093023255814
0.5952380952380952
0.7272727272727273
0.6551724137931034
0.5
0.07142857142857142
0.6304347826086957
1.0
0.7674418604651163
0.782608695652174
0.4818181818181818
0.3387096774193548
0.34615384615384615
0.0
1.0
1.0
0.5714285714285714
0.8205128205128205
1.0
0.1111111111111111
1.0
0.5172413793103449
0.7093023255813954
0.4
0.6206896551724138
0.6086956521739131
1.0
0.6764705882352942
0.0
0.40641711229946526
0.4528301886792453
0.773972602739726
0.39090909090909093
0.6307692307692307
0.8648648648648649
0.6086956521739131
0.6123595505617978
0.41935483870967744
0.6530612244897959
0.8333333333333334
0.21212121212121213
0.5508474576271186
0.5909090909090909
0.5652173913043478
0.5675675675675675
0.4838709677419355
0.6153846153846154
0.7058823529411765
0.6938775510204082
0.5652173913043478
0.7985074626865671
0.6754385964912281
0.8454545454545455
0.46
0.6739130434782609
0.782608695652174
0.36
0.5128205128205128
0.8
0.43333333333333335
1.0
0.43103448275862066
0.52
0.2
0.18181818181818182
0.0
1.0
0.3684210526315789
0.5
0.5
0.5483870967741935
0.2857142857142857
0.36363636363636365
0.2857142857142857
0.36363636363636365
0.0
1.0
0.38095238095238093
0.4090909090909091
0.44545454545454544
0.4921259842519685
0.7558139534883721
0.782608695652174
0.6379310344827587
0.8947368421052632
0.7527472527472527
1.0
0.7619047619047619
0.631578947368421
0.6714285714285714
0.6962025316455697
0.6923076923076923
0.6571428571428571
0.5
0.7142857142857143
0.7254901960784313
0.6147540983606558
0.5
0.46774193548387094
0.4230769230769231
0.7567567567567568
0.5753424657534246
0.6176470588235294
0.37142857142857144
1.0
0.6111111111111112
0.6226415094339622
0.5517241379310345
0.7297297297297297
1.0
0.4647887323943662
0.46551724137931033
1.0
0.8617021276595744
0.5263157894736842
0.8947368421052632
0.4230769230769231
0.5088495575221239
0.34210526315789475
0.680327868852459
0.6538461538461539
0.4295774647887324
0.5522388059701493
0.7068965517241379
0.4025974025974026
0.35294117647058826
0.41509433962264153
0.7452830188679245
0.41935483870967744
0.5196078431372549
0.7297297297297297
0.553763440860215
0.7142857142857143
0.5
0.4411764705882353
1.0
1.0
1.0
0.8333333333333334
0.30952380952380953
0.5862068965517241
0.7741935483870968
1.0
0.6351351351351351
0.6941747572815534
1.0
0.6666666666666666
0.8148148148148148
0.6756756756756757
0.3333333333333333
0.536036036036036
0.4587628865979381
0.43243243243243246
0.17777777777777778
0.6882352941176471
0.5
0.4523809523809524
0.782608695652174
0.7058823529411765
0.5232558139534884
0.34615384615384615
0.8111111111111111
0.6219512195121951
0.5487804878048781
0.22
0.5
0.43333333333333335
0.7352941176470589
0.7142857142857143
0.7213114754098361
0.5
0.5238095238095238
0.2777777777777778
0.8043478260869565
0.673469387755102
0.3684210526315789
0.7333333333333333
0.0
0.16666666666666666
0.35294117647058826
0.5925925925925926
0.8208955223880597
0.5142857142857142
0.5909090909090909
1.0
0.0
0.5363636363636364
0.5952380952380952
0.8888888888888888
0.44594594594594594
1.0
1.0
0.6666666666666666
0.7
1.0
0.7142857142857143
0.8
0.43548387096774194
0.4666666666666667
0.5897435897435898
0.7941176470588235
0.16666666666666666
0.8195876288659794
0.18181818181818182
0.21052631578947367
1.0
0.8648648648648649
0.6296296296296297
0.6551724137931034
0.8648648648648649
0.35185185185185186
0.8461538461538461
0.3793103448275862
0.5263157894736842
0.2545454545454545
0.43944636678200694
0.8448275862068966
0.1
0.48936170212765956
0.5454545454545454
0.5909090909090909
0.7303370786516854
0.2777777777777778
0.92
0.4444444444444444
0.45161290322580644
0.38461538461538464
0.391304347826087
0.27419354838709675
0.34
0.7407407407407407
0.4411764705882353
0.6194029850746269
0.5634920634920635
0.3770491803278688
0.6702127659574468
0.5294117647058824
0.7051282051282052
0.4090909090909091
0.7333333333333333
0.4024390243902439
0.7
0.5777777777777777
0.4230769230769231
0.2391304347826087
0.6111111111111112
1.0
0.8596491228070176
0.8225806451612904
0.5862068965517241
0.9019607843137255
0.7682926829268293
0.5289855072463768
1.0
0.6111111111111112
0.6707317073170732
0.5704225352112676
0.9152542372881356
0.5677966101694916
0.7741935483870968
0.4502923976608187
0.5614035087719298
0.8979591836734694
0.5545454545454546
0.3508771929824561
0.16666666666666666
0.48484848484848486
0.0
0.3333333333333333
0.0
1.0
0.4473684210526316
0.5428571428571428
0.5666666666666667
0.44285714285714284
0.0945945945945946
0.36363636363636365
0.22727272727272727
0.7608695652173914
0.7368421052631579
1.0
0.7058823529411765
0.16666666666666666
0.16666666666666666
0.6578947368421053
0.7368421052631579
0.41379310344827586
0.6666666666666666
0.32608695652173914
0.5487804878048781
0.527027027027027
0.45714285714285713
0.6551724137931034
0.7307692307692307
0.6
0.24
0.45714285714285713
0.2692307692307692
0.6578947368421053
0.4823529411764706
0.5465116279069767
0.5943396226415094
0.3333333333333333
1.0
0.6779661016949152
0.6578947368421053
0.6794871794871795
0.8936170212765957
0.6379310344827587
1.0
0.5
0.3333333333333333
0.7888888888888889
0.68
0.5135135135135135
0.3064516129032258
1.0
0.2608695652173913
0.4161490683229814
0.3333333333333333
0.35294117647058826
0.5925925925925926
0.16666666666666666
0.45652173913043476
0.3888888888888889
1.0
0.26666666666666666
1.0
0.22727272727272727
0.4358974358974359
0.7307692307692307
1.0
0.6111111111111112
0.6923076923076923
0.7567567567567568
0.5
0.5476190476190477
0.5
0.8
0.8484848484848485
0.8823529411764706
0.2391304347826087
1.0
0.3333333333333333
0.44
0.6486486486486487
0.47619047619047616
0.3142857142857143
0.3684210526315789
0.4146341463414634
0.6382978723404256
0.43478260869565216
0.6428571428571429
0.5217391304347826
0.7551020408163265
0.6190476190476191
0.4473684210526316
0.8939393939393939
0.8636363636363636
0.8108108108108109
0.42105263157894735
0.5126050420168067
0.9122807017543859
0.6176470588235294
0.7586206896551724
0.45161290322580644
0.33766233766233766
0.373015873015873
1.0
1.0
1.0
0.5
0.5
0.1111111111111111
0.05555555555555555
1.0
0.2857142857142857
0.6
1.0
0.6
0.16666666666666666
0.2777777777777778
0.2647058823529412
0.6
0.2
0.7777777777777778
0.5
0.5
0.16666666666666666
0.8181818181818182
0.2
0.8780487804878049
0.6666666666666666
0.32432432432432434
0.5465116279069767
0.4444444444444444
0.3076923076923077
0.5151515151515151
0.44
0.3488372093023256
0.09259259259259259
0.42857142857142855
1.0
0.6164383561643836
0.8666666666666667
0.6101694915254238
0.4358974358974359
0.62
0.46
1.0
0.24242424242424243
0.42592592592592593
0.6395348837209303
0.6
0.56
0.23076923076923078
0.46296296296296297
0.2
0.42857142857142855
0.7142857142857143
0.5263157894736842
0.38235294117647056
0.32
0.7777777777777778
0.8157894736842105
0.4307692307692308
0.5116279069767442
0.3787878787878788
0.5180722891566265
0.4626865671641791
0.32
0.33783783783783783
0.5
0.631578947368421
0.19047619047619047
0.7835820895522388
0.5144927536231884
0.5094339622641509
0.34615384615384615
0.6417322834645669
0.5
0.4268292682926829
0.5
0.4098360655737705
0.39436619718309857
0.4
1.0
0.5
1.0
0.6666666666666666
1.0
0.6440677966101694
0.2619047619047619
0.28
0.6904761904761905
0.8061224489795918
0.18518518518518517
0.8043478260869565
0.3695652173913043
0.18518518518518517
0.36363636363636365
0.313953488372093
0.4764705882352941
0.3508771929824561
0.44594594594594594
0.5
0.7391304347826086
1.0
0.8
0.23333333333333334
0.7666666666666667
0.648936170212766
0.2777777777777778
1.0
0.36666666666666664
1.0
0.7758620689655172
0.6060606060606061
0.58
0.6363636363636364
0.5142857142857142
1.0
1.0
1.0
0.36792452830188677
0.62
0.4014084507042254
0.631578947368421
0.6
0.8
0.6551724137931034
1.0
0.46938775510204084
0.680327868852459
0.11538461538461539
0.5882352941176471
1.0
0.4117647058823529
0.5333333333333333
0.45348837209302323
0.5909090909090909
0.4444444444444444
0.8648648648648649
0.6836734693877551
0.6086956521739131
0.6938775510204082
0.648936170212766
0.18604651162790697
0.4782608695652174
0.6666666666666666
0.5
0.6694915254237288
0.22
0.5204081632653061
0.2903225806451613
0.47560975609756095
0.603448275862069
0.9310344827586207
0.56
1.0
1.0
0.32
0.37142857142857144
0.5428571428571428
0.782051282051282
0.6707317073170732
0.44339622641509435
0.7096774193548387
0.6666666666666666
0.5161290322580645
0.45714285714285713
1.0
0.5652173913043478
0.6774193548387096
0.6555555555555556
1.0
0.5714285714285714
0.7352941176470589
0.4444444444444444
0.6129032258064516
0.782608695652174
0.2777777777777778
0.572463768115942
0.5476190476190477
0.7142857142857143
0.7575757575757576
0.4878048780487805
0.0
0.0
0.16666666666666666
0.42857142857142855
0.0
0.07142857142857142
0.0
0.6724137931034483
0.7280701754385965
0.648936170212766
0.6086956521739131
0.5909090909090909
0.16666666666666666
0.0
1.0
0.6276595744680851
0.776595744680851
0.6111111111111112
0.47058823529411764
1.0
0.6296296296296297
0.6333333333333333
0.7368421052631579
0.6153846153846154
0.4666666666666667
1.0
0.5776699029126213
0.5
0.41025641025641024
0.5526315789473685
0.7586206896551724
0.8548387096774194
0.36
0.24193548387096775
1.0
0.1111111111111111
0.7878787878787878
0.5172413793103449
0.7619047619047619
0.13333333333333333
0.5434782608695652
0.5714285714285714
0.6515151515151515
0.7586206896551724
0.8666666666666667
0.5303030303030303
0.3695652173913043
0.35714285714285715
0.35185185185185186
0.5909090909090909
0.22727272727272727
0.2619047619047619
0.6756756756756757
0.5476190476190477
0.13157894736842105
0.3448275862068966
0.7666666666666667
0.2619047619047619
0.4473684210526316
0.8648648648648649
1.0
0.6746031746031746
0.38372093023255816
0.25471698113207547
0.9019607843137255
0.5319148936170213
0.6046511627906976
0.8333333333333334
0.5454545454545454
0.7467532467532467
1.0
0.8571428571428571
0.5309278350515464
0.851063829787234
0.5465116279069767
0.5952380952380952
0.6627906976744186
0.564935064935065
0.5846153846153846
0.2
0.48148148148148145
0.7058823529411765
0.29518072289156627
0.7619047619047619
0.41836734693877553
0.7777777777777778
0.4444444444444444
0.5151515151515151
0.2894736842105263
0.7
0.28888888888888886
0.5
0.3333333333333333
0.5
0.46511627906976744
0.8888888888888888
0.5851063829787234
0.5454545454545454
0.3
0.0
0.8220338983050848
1.0
0.5952380952380952
0.7178217821782178
0.7551020408163265
0.1
0.45294117647058824
0.6097560975609756
0.680327868852459
0.8148148148148148
1.0
0.8947368421052632
0.5975609756097561
0.7647058823529411
0.5370370370370371
0.5862068965517241
0.42857142857142855
1.0
1.0
1.0
0.23076923076923078
0.6111111111111112
0.5
0.8
0.3888888888888889
1.0
0.5757575757575758
0.7432432432432432
0.41818181818181815
1.0
0.3684210526315789
0.26666666666666666
0.4117647058823529
0.7586206896551724
0.2777777777777778
0.7666666666666667
0.7068965517241379
1.0
0.5476190476190477
0.7258064516129032
0.21794871794871795
0.4864864864864865
0.86
0.40476190476190477
0.5555555555555556
0.4
0.8793103448275862
0.3888888888888889
1.0
0.8484848484848485
0.46551724137931033
1.0
0.3090909090909091
0.43333333333333335
0.5172413793103449
0.6111111111111112
0.5294117647058824
0.36666666666666664
0.47959183673469385
0.7619047619047619
0.5739130434782609
0.6379310344827587
0.6
1.0
0.4857142857142857
1.0
0.6764705882352942
0.3333333333333333
1.0
0.6818181818181818
0.6739130434782609
0.6585365853658537
0.5135135135135135
0.6594202898550725
0.5606060606060606
0.8148148148148148
1.0
0.38
0.5
0.45121951219512196
0.5
0.8148148148148148
0.42
0.29069767441860467
0.5
0.86
0.352
0.7432432432432432
0.41605839416058393
0.4387755102040816
1.0
1.0
0.6571428571428571
0.5428571428571428
0.43333333333333335
0.6702127659574468
0.7435897435897436
0.7777777777777778
0.2777777777777778
0.8181818181818182
0.16666666666666666
0.6
0.3768996960486322
0.5307692307692308
0.4603174603174603
0.7280701754385965
0.6573033707865169
0.5072463768115942
0.7244897959183674
0.7666666666666667
0.7407407407407407
1.0
0.47368421052631576
0.5952380952380952
0.4117647058823529
0.45454545454545453
0.2727272727272727
0.6851851851851852
0.7073170731707317
1.0
0.3103448275862069
0.6851851851851852
0.6454545454545455
0.7068965517241379
0.36666666666666664
0.6818181818181818
0.5
1.0
0.22
0.6111111111111112
0.43333333333333335
0.6744186046511628
1.0
0.3877551020408163
0.3888888888888889
0.527027027027027
0.34615384615384615
0.5882352941176471
0.5952380952380952
0.5
0.5428571428571428
0.45384615384615384
0.4523809523809524
0.6585365853658537
0.8484848484848485
0.45161290322580644
0.6578947368421053
0.5925925925925926
0.7456140350877193
1.0
1.0
0.0
1.0
0.20967741935483872
0.5405405405405406
0.5945945945945946
0.6224489795918368
0.4838709677419355
0.47435897435897434
0.45454545454545453
0.46551724137931033
0.8363636363636363
0.5384615384615384
0.5333333333333333
0.3142857142857143
0.4152542372881356
0.5106382978723404
0.6428571428571429
0.8571428571428571
0.44594594594594594
1.0
0.3157894736842105
0.07142857142857142
0.6538461538461539
0.6031746031746031
0.5697674418604651
0.6440677966101694
0.6626016260162602
0.7941176470588235
0.5
0.0
1.0
1.0
0.5102040816326531
0.7941176470588235
0.45652173913043476
1.0
1.0
0.19230769230769232
0.7666666666666667
0.34615384615384615
0.5
0.3076923076923077
0.23076923076923078
0.6666666666666666
0.5909090909090909
0.6666666666666666
0.21428571428571427
0.7941176470588235
0.6891891891891891
1.0
0.8
0.2857142857142857
0.47058823529411764
0.8333333333333334
1.0
0.23333333333333334
1.0
0.52
0.5517241379310345
0.7941176470588235
0.7142857142857143
0.2222222222222222
1.0
1.0
0.9047619047619048
0.4
1.0
0.6111111111111112
1.0
0.7297297297297297
0.5
1.0
0.35185185185185186
0.33636363636363636
0.8191489361702128
0.8191489361702128
0.1896551724137931
0.0
0.5161290322580645
0.14285714285714285
0.47368421052631576
1.0
0.5757575757575758
0.07142857142857142
0.6666666666666666
0.631578947368421
0.0
0.7452830188679245
0.45161290322580644
1.0
1.0
0.2692307692307692
1.0
0.34210526315789475
0.8372093023255814
0.6551724137931034
0.6666666666666666
0.41379310344827586
1.0
1.0
0.5185185185185185
0.7666666666666667
0.4090909090909091
0.6666666666666666
0.7352941176470589
0.16666666666666666
0.0
0.5
0.5
0.20270270270270271
0.6122448979591837
1.0
0.5675675675675675
0.6311475409836066
0.5759493670886076
1.0
0.5645161290322581
0.3684210526315789
0.29411764705882354
0.16666666666666666
0.644927536231884
0.7204301075268817
0.7848101265822784
0.6707317073170732
0.7528735632183908
0.927536231884058
0.0
0.0
0.16666666666666666
0.0
0.4
0.5
0.5862068965517241
0.5377358490566038
0.41935483870967744
0.3275862068965517
1.0
0.32
0.6724137931034483
0.7073170731707317
1.0
0.8333333333333334
0.6
0.5
0.0
0.3137254901960784
0.7887323943661971
0.648936170212766
0.5526315789473685
0.48
0.4523809523809524
0.7368421052631579
0.6363636363636364
0.6428571428571429
0.5263157894736842
0.7058823529411765
0.2857142857142857
0.3717948717948718
0.7142857142857143
0.4230769230769231
0.5365853658536586
0.5185185185185185
0.5350877192982456
0.0
0.0
0.7894736842105263
0.8387096774193549
0.16666666666666666
0.588495575221239
0.3333333333333333
0.49333333333333335
0.3333333333333333
0.5425531914893617
0.6507936507936508
0.6111111111111112
0.4
0.5151515151515151
1.0
0.7181818181818181
0.25862068965517243
0.8207547169811321
0.4117647058823529
0.654320987654321
0.4945054945054945
0.5714285714285714
0.16666666666666666
0.3333333333333333
1.0
0.8148148148148148
0.603448275862069
0.5719424460431655
0.34615384615384615
0.7432432432432432
0.8461538461538461
0.7692307692307693
0.3333333333333333
0.0
0.3333333333333333
0.7941176470588235
0.5423728813559322
0.7586206896551724
0.7962962962962963
0.9428571428571428
0.39473684210526316
1.0
0.3787878787878788
0.2608695652173913
1.0
0.8333333333333334
0.43023255813953487
0.6538461538461539
0.16666666666666666
0.0
0.4444444444444444
0.5
0.6595744680851063
0.581081081081081
0.8571428571428571
0.5483870967741935
0.7142857142857143
0.46153846153846156
0.3275862068965517
0.35714285714285715
0.7619047619047619
1.0
0.4090909090909091
0.7619047619047619
0.7676767676767676
0.782051282051282
0.6428571428571429
0.6159420289855072
0.6716417910447762
0.7790697674418605
0.6224489795918368
0.78
0.35294117647058826
0.5882352941176471
0.6274509803921569
0.5562913907284768
0.4594594594594595
0.8
0.7272727272727273
0.46987951807228917
0.7941176470588235
0.7567567567567568
1.0
1.0
1.0
1.0
1.0
0.8979591836734694
1.0
1.0
1.0
0.8827160493827161
0.5
0.13333333333333333
0.676923076923077
0.5943396226415094
0.4019607843137255
0.6153846153846154
0.5454545454545454
0.9459459459459459
0.23333333333333334
0.6428571428571429
0.49019607843137253
0.8548387096774194
0.7195121951219512
0.8979591836734694
0.36
0.8837209302325582
0.572463768115942
0.38235294117647056
0.3902439024390244
0.6282051282051282
0.6621621621621622
0.6756756756756757
0.5964912280701754
1.0
0.5
0.8061224489795918
0.8142857142857143
0.6
0.7432432432432432
0.6333333333333333
0.5
0.45454545454545453
0.6
0.5319148936170213
0.36486486486486486
0.6551724137931034
0.5434782608695652
1.0
1.0
0.6333333333333333
0.4666666666666667
1.0
0.5434782608695652
0.7413793103448276
0.06521739130434782
0.8484848484848485
0.47058823529411764
0.5
0.7432432432432432
0.42857142857142855
0.3695652173913043
0.6379310344827587
0.3333333333333333
0.7352941176470589
0.34615384615384615
0.6896551724137931
1.0
0.6111111111111112
0.36363636363636365
0.5212765957446809
0.33766233766233766
0.36363636363636365
0.29245283018867924
0.7285714285714285
0.5471698113207547
0.6666666666666666
0.559322033898305
0.1
0.7222222222222222
0.538961038961039
0.6153846153846154
0.7446808510638298
0.696078431372549
0.639344262295082
0.4897959183673469
1.0
0.5
0.46
0.41566265060240964
0.673469387755102
0.74
0.43529411764705883
0.6515151515151515
0.3888888888888889
0.603448275862069
0.41935483870967744
0.7169811320754716
0.5117647058823529
0.5933333333333334
0.32926829268292684
1.0
0.5
0.6914893617021277
0.86
0.8076923076923077
0.5
0.599009900990099
0.5121951219512195
0.46
0.5
0.2692307692307692
0.8703703703703703
0.6951219512195121
0.4726027397260274
0.7021276595744681
0.0
0.8
0.6097560975609756
0.5757575757575758
0.5344827586206896
0.5506329113924051
0.8780487804878049
0.7627118644067796
0.2857142857142857
0.6
0.7959183673469388
0.2692307692307692
0.6666666666666666
1.0
0.4076923076923077
0.8837209302325582
0.5757575757575758
0.7051282051282052
0.7586206896551724
1.0
0.0
0.7068965517241379
0.43333333333333335
0.6268656716417911
0.14285714285714285
0.6857142857142857
0.6063829787234043
0.4666666666666667
0.3333333333333333
0.7388059701492538
0.8
0.7888888888888889
0.7142857142857143
0.6296296296296297
1.0
0.6666666666666666
0.3333333333333333
1.0
0.35294117647058826
0.35294117647058826
0.7105263157894737
0.7619047619047619
0.631578947368421
0.6515151515151515
0.21428571428571427
0.8372093023255814
0.4473684210526316
0.7333333333333333
0.6111111111111112
0.42857142857142855
0.47368421052631576
0.2692307692307692
0.6714285714285714
0.7432432432432432
0.7777777777777778
0.7380952380952381
0.6896551724137931
1.0
0.5319148936170213
0.2692307692307692
0.782608695652174
0.48717948717948717
0.42
0.6285714285714286
0.6142857142857143
0.44
0.6929824561403509
0.52
1.0
0.5476190476190477
0.28
0.6037735849056604
0.6111111111111112
0.5769230769230769
0.6060606060606061
0.4838709677419355
0.559322033898305
0.7027027027027027
0.782608695652174
0.6612903225806451
0.7325581395348837
0.8636363636363636
0.22580645161290322
0.5645161290322581
1.0
0.8387096774193549
0.86
0.7926829268292683
0.7241379310344828
0.45652173913043476
0.46551724137931033
0.47297297297297297
0.6176470588235294
0.5
0.8043478260869565
0.5925925925925926
0.46808510638297873
0.5641025641025641
0.6621621621621622
0.58
0.6774193548387096
0.27906976744186046
0.581081081081081
0.8780487804878049
0.5454545454545454
0.7666666666666667
0.782051282051282
0.7
0.5952380952380952
1.0
0.5454545454545454
0.6851851851851852
0.6551724137931034
0.6481481481481481
1.0
0.6888888888888889
0.6176470588235294
0.8108108108108109
0.686046511627907
0.6896551724137931
0.7857142857142857
1.0
0.8648648648648649
1.0
0.5813953488372093
0.6212121212121212
0.36585365853658536
1.0
0.5158730158730159
0.38461538461538464
0.8529411764705882
1.0
0.6935483870967742
0.43902439024390244
0.5294117647058824
1.0
0.631578947368421
0.5689655172413793
0.19230769230769232
0.5510204081632653
0.5454545454545454
0.4528301886792453
0.5
0.43333333333333335
1.0
0.9130434782608695
0.2857142857142857
1.0
0.6846153846153846
0.29411764705882354
1.0
0.47435897435897434
1.0
0.6756756756756757
0.5740740740740741
0.7872340425531915
0.7619047619047619
0.15384615384615385
1.0
0.4387755102040816
0.5
0.5727272727272728
0.7222222222222222
0.8245614035087719
0.0
0.6888888888888889
0.8823529411764706
0.2755102040816326
0.7647058823529411
0.48507462686567165
0.5434782608695652
0.4846153846153846
0.7428571428571429
0.3888888888888889
0.7619047619047619
0.7307692307692307
0.5434782608695652
0.7333333333333333
0.6764705882352942
0.6333333333333333
0.6052631578947368
0.753968253968254
0.82
0.5952380952380952
0.7325581395348837
1.0
1.0
1.0
0.8
0.8714285714285714
0.652542372881356
0.7716049382716049
0.7191011235955056
0.6896551724137931
0.8717948717948718
0.7948717948717948
0.6808510638297872
0.3787878787878788
0.5588235294117647
0.8275862068965517
0.36
0.6333333333333333
0.4857142857142857
0.6
0.5769230769230769
0.43103448275862066
0.5238095238095238
0.5714285714285714
1.0
0.6862745098039216
0.22972972972972974
1.0
0.5263157894736842
0.7121212121212122
0.3333333333333333
0.5
0.7096774193548387
0.18571428571428572
0.4782608695652174
1.0
0.6612903225806451
0.8727272727272727
0.72
0.631578947368421
1.0
0.5
0.0
0.3387096774193548
0.5487804878048781
0.7209302325581395
0.45121951219512196
0.826530612244898
0.8717948717948718
0.8414634146341463
0.30952380952380953
0.8387096774193549
1.0
0.6438356164383562
0.7878787878787878
0.6818181818181818
0.9186046511627907
0.32608695652173914
0.5
0.5303030303030303
0.6891891891891891
0.6349206349206349
0.8648648648648649
0.6615384615384615
1.0
0.6515151515151515
0.782608695652174
0.6
0.8703703703703703
1.0
0.5847457627118644
0.7264150943396226
0.696969696969697
0.2972972972972973
0.6
0.43902439024390244
0.6463414634146342
0.8191489361702128
0.86
0.6666666666666666
0.6621621621621622
0.6463414634146342
0.46153846153846156
0.24390243902439024
0.64
0.5
0.8714285714285714
0.7068965517241379
0.6428571428571429
0.8191489361702128
0.6777777777777778
0.7741935483870968
0.6379310344827587
0.6818181818181818
1.0
1.0
0.6666666666666666
0.47058823529411764
0.9181818181818182
0.6271186440677966
1.0
0.44594594594594594
0.8098591549295775
0.5526315789473685
0.14285714285714285
0.7619047619047619
0.6428571428571429
0.32653061224489793
0.4074074074074074
0.7619047619047619
0.8823529411764706
0.6296296296296297
0.7941176470588235
1.0
0.72
0.2972972972972973
0.7307692307692307
0.42424242424242425
0.44285714285714284
0.5
0.5434782608695652
0.5666666666666667
0.5652173913043478
1.0
0.23076923076923078
0.5
0.6666666666666666
1.0
0.92
0.5769230769230769
0.2647058823529412
0.3333333333333333
0.6666666666666666
1.0
0.6956521739130435
0.2631578947368421
0.6333333333333333
0.47058823529411764
0.40476190476190477
0.7432432432432432
0.15217391304347827
1.0
0.5588235294117647
0.6153846153846154
1.0
0.7777777777777778
0.6533333333333333
0.7733333333333333
0.62
0.5894736842105263
0.7295081967213115
1.0
0.36
0.46551724137931033
1.0
0.24358974358974358
0.8157894736842105
0.5196078431372549
0.5
0.3805970149253731
0.4827586206896552
0.5
0.30952380952380953
0.5483870967741935
0.26
0.5925925925925926
0.46551724137931033
0.36
0.6153846153846154
0.42
0.4857142857142857
1.0
0.48412698412698413
0.5909090909090909
1.0
0.7674418604651163
0.3142857142857143
0.5789473684210527
0.717391304347826
0.7258064516129032
0.5076335877862596
0.6170212765957447
0.8384615384615385
0.5070422535211268
0.7
0.5571428571428572
0.6774193548387096
0.5882352941176471
0.5740740740740741
0.3484848484848485
0.37142857142857144
1.0
0.5
0.6851851851851852
0.9180327868852459
0.6296296296296297
0.686046511627907
0.6862745098039216
0.8
0.4117647058823529
1.0
0.7619047619047619
1.0
1.0
0.42
0.8181818181818182
0.6666666666666666
0.8043478260869565
0.5
0.6351351351351351
0.5217391304347826
0.4482758620689655
0.3333333333333333
0.3
0.574468085106383
1.0
0.6111111111111112
0.5555555555555556
0.6764705882352942
0.11764705882352941
0.6956521739130435
1.0
0.0
1.0
0.7666666666666667
0.66
0.7368421052631579
0.64
1.0
0.8793103448275862
0.40476190476190477
0.8780487804878049
0.4215686274509804
0.8454545454545455
0.6475409836065574
1.0
1.0
0.3333333333333333
0.6333333333333333
0.8554216867469879
0.7627118644067796
0.6521739130434783
0.36666666666666664
1.0
0.5116279069767442
0.6851851851851852
0.3333333333333333
0.0
0.3333333333333333
0.7307692307692307
0.391304347826087
0.3235294117647059
0.34
0.21052631578947367
0.6724137931034483
0.7073170731707317
0.8111111111111111
0.6774193548387096
0.6081081081081081
0.5476190476190477
0.5333333333333333
1.0
0.0
0.7448979591836735
0.46
0.5074074074074074
0.5613496932515337
0.6025641025641025
0.6176470588235294
0.34782608695652173
0.34210526315789475
1.0
0.5
0.7631578947368421
0.6111111111111112
0.5869565217391305
0.7818181818181819
0.26666666666666666
0.6044776119402985
0.782608695652174
0.41509433962264153
0.07142857142857142
0.7619047619047619
0.38372093023255816
0.7586206896551724
0.6904761904761905
1.0
0.5298507462686567
0.6727272727272727
0.5714285714285714
0.7666666666666667
0.7666666666666667
0.40476190476190477
1.0
0.8
0.46153846153846156
1.0
0.358974358974359
0.5
1.0
0.8793103448275862
0.7567567567567568
0.5714285714285714
0.5135135135135135
0.2
0.54
1.0
0.8823529411764706
0.2631578947368421
0.6290322580645161
0.19230769230769232
0.8181818181818182
1.0
0.6612903225806451
0.6818181818181818
0.41025641025641024
0.5714285714285714
0.3953488372093023
1.0
0.8333333333333334
0.47297297297297297
0.7352941176470589
0.3
0.3076923076923077
0.5
0.1935483870967742
1.0
0.6792452830188679
1.0
0.36666666666666664
1.0
0.5465116279069767
0.5303030303030303
0.5333333333333333
0.38235294117647056
1.0
0.5925925925925926
1.0
0.5714285714285714
1.0
0.5
0.803921568627451
0.7058823529411765
1.0
0.6739130434782609
0.3333333333333333
0.42857142857142855
0.6065573770491803
0.5634920634920635
0.6133333333333333
0.6318681318681318
0.8454545454545455
0.7470588235294118
0.6333333333333333
0.0
0.0
0.8571428571428571
0.7741935483870968
0.7424242424242424
0.7244897959183674
1.0
0.7411764705882353
0.7
0.686046511627907
0.20270270270270271
1.0
0.42207792207792205
0.7454545454545455
1.0
0.7920353982300885
0.6741573033707865
0.7843137254901961
0.7959183673469388
1.0
0.7631578947368421
0.6162790697674418
0.6304347826086957
0.5185185185185185
0.5161290322580645
0.7
0.8095238095238095
0.7758620689655172
0.22727272727272727
0.54
0.7
0.8444444444444444
0.6571428571428571
0.6521739130434783
0.4090909090909091
0.7903225806451613
0.5714285714285714
0.5434782608695652
0.45652173913043476
0.5454545454545454
0.22727272727272727
0.6545454545454545
0.6129032258064516
0.5
0.35365853658536583
0.4788732394366197
0.6274509803921569
0.7301587301587301
0.6219512195121951
0.5714285714285714
0.46296296296296297
0.42727272727272725
0.5169491525423728
0.5212765957446809
0.8648648648648649
0.5212765957446809
1.0
1.0
0.5531914893617021
0.8648648648648649
0.8648648648648649
0.5888888888888889
0.6428571428571429
0.7
0.7
0.5490196078431373
0.29069767441860467
0.47435897435897434
0.6304347826086957
0.8461538461538461
0.7741935483870968
0.4418604651162791
0.5493827160493827
0.05555555555555555
1.0
0.7631578947368421
0.6304347826086957
0.14285714285714285
0.6122448979591837
1.0
0.7666666666666667
1.0
0.45454545454545453
1.0
0.47368421052631576
1.0
0.7368421052631579
0.8658536585365854
0.7837837837837838
0.5434782608695652
1.0
0.8
0.6065573770491803
1.0
0.5
0.5384615384615384
0.2857142857142857
0.4117647058823529
0.6851851851851852
1.0
0.5405405405405406
0.44594594594594594
1.0
0.5769230769230769
0.8043478260869565
0.7
0.18421052631578946
0.5757575757575758
1.0
0.6610169491525424
0.7037037037037037
0.7297297297297297
0.6086956521739131
0.7352941176470589
0.6233766233766234
0.09090909090909091
0.34
0.7230769230769231
0.7352941176470589
1.0
0.6052631578947368
1.0
0.8615384615384616
0.8
0.4523809523809524
0.5
0.0
0.7073170731707317
0.9054054054054054
0.7068965517241379
0.22727272727272727
0.7586206896551724
0.7105263157894737
0.2
0.6746031746031746
0.48484848484848486
0.782608695652174
0.5
0.4090909090909091
0.3108108108108108
0.5465116279069767
0.24074074074074073
0.7945205479452054
0.45161290322580644
0.5
0.43478260869565216
0.4418604651162791
0.9054054054054054
1.0
0.5641025641025641
0.664179104477612
0.17647058823529413
0.6515151515151515
0.7111111111111111
1.0
0.8
0.5769230769230769
0.5
0.5786516853932584
0.41379310344827586
0.6417910447761194
0.7425742574257426
0.6615384615384615
0.6666666666666666
1.0
0.6194029850746269
0.8114754098360656
0.6181818181818182
0.5974025974025974
0.6621621621621622
0.5689655172413793
0.6444444444444445
0.9367088607594937
0.46938775510204084
0.5222222222222223
0.4393939393939394
1.0
0.7909090909090909
1.0
0.5652173913043478
0.25862068965517243
0.35106382978723405
0.5181818181818182
0.7368421052631579
0.4777777777777778
0.37719298245614036
0.0
1.0
0.6153846153846154
0.3539325842696629
0.5471698113207547
0.6421052631578947
0.48823529411764705
0.5432098765432098
0.5806451612903226
0.4473684210526316
0.6935483870967742
0.7444444444444445
0.5333333333333333
1.0
0.35135135135135137
0.58
0.6095890410958904
0.7333333333333333
0.6206896551724138
0.8421052631578947
0.5606060606060606
1.0
0.14705882352941177
0.6454545454545455
0.3181818181818182
1.0
0.6382978723404256
0.7608695652173914
1.0
0.9310344827586207
0.3333333333333333
0.6219512195121951
0.43243243243243246
0.6530612244897959
0.680327868852459
0.6521739130434783
0.5348837209302325
0.6
0.3387096774193548
0.37037037037037035
0.42
0.6237623762376238
0.5084745762711864
0.5522388059701493
0.2222222222222222
0.6818181818181818
0.72
0.7592592592592593
0.45652173913043476
0.5571428571428572
0.34210526315789475
0.23684210526315788
1.0
0.2631578947368421
0.46938775510204084
0.3617021276595745
0.7674418604651163
0.8448275862068966
0.6947368421052632
0.8823529411764706
0.14285714285714285
0.6379310344827587
0.37272727272727274
0.7183908045977011
0.8095238095238095
0.3333333333333333
0.7142857142857143
0.46511627906976744
0.6162790697674418
0.82
0.0
0.6
0.5842105263157895
0.3691275167785235
0.42387543252595156
0.40764331210191085
0.7692307692307693
0.5604395604395604
0.6296296296296297
0.35964912280701755
0.8292682926829268
0.7
0.6967213114754098
0.5256410256410257
0.5918367346938775
0.8666666666666667
0.45714285714285713
0.8387096774193549
0.6984126984126984
0.6744186046511628
0.7906976744186046
0.6808510638297872
0.5888888888888889
0.32653061224489793
0.5253164556962026
0.0
0.44285714285714284
0.8793103448275862
0.7872340425531915
0.7333333333333333
0.7941176470588235
0.48936170212765956
0.6170212765957447
0.43333333333333335
0.6914893617021277
0.9056603773584906
0.8979591836734694
0.6092436974789915
0.5114285714285715
0.660377358490566
0.5813953488372093
0.1111111111111111
0.4666666666666667
0.8461538461538461
1.0
0.6052631578947368
0.7941176470588235
0.5652173913043478
0.5294117647058824
0.5
0.56
0.48
1.0
0.5185185185185185
0.8148148148148148
0.6538461538461539
0.6066666666666667
1.0
0.5784313725490197
0.5573770491803278
1.0
0.5588235294117647
0.8205128205128205
0.7692307692307693
0.5526315789473685
0.6229508196721312
0.8448275862068966
0.7058823529411765
0.6066666666666667
0.7391304347826086
0.3333333333333333
0.8360655737704918
0.4507042253521127
0.6103896103896104
0.07692307692307693
1.0
0.3333333333333333
0.3333333333333333
0.9047619047619048
0.9
0.7
0.3939393939393939
0.4032258064516129
0.5704225352112676
0.3333333333333333
0.3181818181818182
0.3333333333333333
0.8823529411764706
0.5882352941176471
1.0
0.21212121212121213
0.45652173913043476
0.6530612244897959
0.6176470588235294
0.5405405405405406
0.5232558139534884
0.7619047619047619
0.7142857142857143
0.7297297297297297
0.7
1.0
0.8275862068965517
0.15789473684210525
0.3181818181818182
0.6551724137931034
0.8837209302325582
0.6
0.5333333333333333
0.6282051282051282
0.36363636363636365
0.6538461538461539
0.5588235294117647
0.5
0.8387096774193549
0.6320754716981132
1.0
1.0
0.4117647058823529
0.25555555555555554
0.23333333333333334
0.6836734693877551
0.5538461538461539
0.6190476190476191
0.38571428571428573
0.2
0.5918367346938775
1.0
0.3787878787878788
0.37719298245614036
0.44
0.7558139534883721
0.6060606060606061
1.0
1.0
0.7727272727272727
1.0
1.0
0.6153846153846154
0.16666666666666666
0.14285714285714285
0.7352941176470589
0.6666666666666666
1.0
0.582089552238806
0.6176470588235294
0.8461538461538461
0.7666666666666667
0.8444444444444444
0.6363636363636364
0.9122807017543859
0.5333333333333333
0.5172413793103449
0.5526315789473685
0.6063829787234043
0.8181818181818182
0.573170731707317
0.34615384615384615
1.0
0.6190476190476191
0.7619047619047619
0.4230769230769231
0.6956521739130435
0.5272727272727272
0.6304347826086957
0.36
0.5
0.7192982456140351
0.2692307692307692
0.5
1.0
1.0
0.803921568627451
0.29310344827586204
0.6754385964912281
0.782608695652174
0.6744186046511628
0.7741935483870968
0.7560975609756098
0.4666666666666667
0.47674418604651164
1.0
0.21428571428571427
0.0
0.42105263157894735
0.7368421052631579
1.0
0.5581395348837209
0.4444444444444444
0.5172413793103449
0.42857142857142855
0.41304347826086957
0.5
0.6818181818181818
1.0
1.0
0.7402597402597403
0.5619047619047619
0.8947368421052632
0.47368421052631576
0.47674418604651164
0.42857142857142855
0.6142857142857143
0.648936170212766
0.9102564102564102
0.6551724137931034
0.6857142857142857
0.6721311475409836
0.7771084337349398
0.8387096774193549
0.8387096774193549
1.0
0.46153846153846156
0.5
0.0
0.8333333333333334
1.0
0.6410256410256411
0.3953488372093023
1.0
0.4019607843137255
0.8571428571428571
0.5671641791044776
0.47435897435897434
0.6666666666666666
0.8837209302325582
0.46747967479674796
0.1
0.6014492753623188
0.5945945945945946
0.6
0.5714285714285714
0.5714285714285714
0.8292682926829268
0.7
0.3695652173913043
0.41379310344827586
0.5149253731343284
0.6948051948051948
0.6076923076923076
0.5444444444444444
0.5
0.5128205128205128
0.5121951219512195
0.3076923076923077
0.510989010989011
0.5
0.22727272727272727
0.4207920792079208
0.43478260869565216
0.2972972972972973
1.0
0.2857142857142857
0.5806451612903226
0.6290322580645161
0.6956521739130435
0.5411764705882353
0.5849056603773585
1.0
0.7368421052631579
0.3918918918918919
0.7142857142857143
0.5
0.5869565217391305
0.8478260869565217
0.5757575757575758
0.5671641791044776
0.4491525423728814
0.6707317073170732
0.5645161290322581
0.4411764705882353
0.5
0.9354838709677419
0.8148148148148148
0.8113207547169812
0.6936936936936937
0.6956521739130435
1.0
0.7926829268292683
0.24390243902439024
0.7238805970149254
0.5190476190476191
0.8571428571428571
0.5135135135135135
0.5316455696202531
0.6282051282051282
0.4397590361445783
1.0
0.6438356164383562
1.0
1.0
0.6866666666666666
0.808695652173913
0.7619047619047619
0.6276595744680851
0.3333333333333333
0.2777777777777778
0.3333333333333333
0.5
0.8793103448275862
0.7325581395348837
0.6904761904761905
1.0
0.23333333333333334
1.0
0.6666666666666666
0.7926829268292683
0.7333333333333333
0.8518518518518519
1.0
0.7058823529411765
0.5
0.35714285714285715
0.5517241379310345
0.3888888888888889
0.5428571428571428
0.696969696969697
0.6739130434782609
0.6382978723404256
0.8837209302325582
0.6025641025641025
0.7923076923076923
0.7647058823529411
0.7407407407407407
1.0
0.3
1.0
0.8846153846153846
0.5851063829787234
1.0
0.9156626506024096
0.7959183673469388
0.72
0.52
0.4782608695652174
0.7258064516129032
0.5540540540540541
0.7121212121212122
0.39473684210526316
0.8043478260869565
0.8157894736842105
0.5
0.8275862068965517
0.4418604651162791
0.6792452830188679
0.5797101449275363
0.8466666666666667
0.4
1.0
1.0
0.44
0.8888888888888888
0.36
1.0
0.23076923076923078
0.6538461538461539
0.41379310344827586
0.6111111111111112
0.8387096774193549
0.6808510638297872
0.6153846153846154
0.6090909090909091
0.6694915254237288
1.0
0.4523809523809524
0.6777777777777778
0.5945945945945946
1.0
0.6538461538461539
0.7285714285714285
0.5196078431372549
0.7040816326530612
0.7127659574468085
0.6491228070175439
0.5128205128205128
0.6176470588235294
0.48717948717948717
0.9056603773584906
0.35294117647058826
0.24358974358974358
0.6538461538461539
0.8387096774193549
0.6276595744680851
0.7241379310344828
0.8108108108108109
0.7674418604651163
1.0
0.6
1.0
0.2631578947368421
0.6307692307692307
0.5
0.5172413793103449
0.5483870967741935
0.7888888888888889
0.8360655737704918
0.391304347826087
0.6226415094339622
0.6219512195121951
0.6333333333333333
0.7209302325581395
0.37272727272727274
0.6140350877192983
0.7755102040816326
0.6020408163265306
0.4098360655737705
0.5408163265306123
0.1
0.6111111111111112
0.34210526315789475
0.3695652173913043
0.5614035087719298
0.8692307692307693
0.40350877192982454
0.23529411764705882
0.8245614035087719
0.7846153846153846
0.6333333333333333
0.6917808219178082
0.7894736842105263
1.0
0.0
0.25925925925925924
0.0
0.5925925925925926
0.7051282051282052
0.7857142857142857
0.5777777777777777
0.7368421052631579
0.6956521739130435
0.6153846153846154
0.9180327868852459
0.8157894736842105
0.38
0.391304347826087
0.3235294117647059
0.8108108108108109
0.6333333333333333
1.0
0.7526881720430108
0.5434782608695652
0.34782608695652173
0.7696629213483146
1.0
0.7702702702702703
0.7804878048780488
0.6818181818181818
0.6666666666666666
0.72
0.5686274509803921
0.7567567567567568
0.5222222222222223
0.7333333333333333
0.5571428571428572
0.5081967213114754
0.6473684210526316
0.42857142857142855
0.8780487804878049
0.803030303030303
0.6376811594202898
0.7735849056603774
1.0
1.0
0.7435897435897436
0.7446808510638298
1.0
0.7435897435897436
0.8333333333333334
0.9152542372881356
0.8333333333333334
1.0
0.8571428571428571
1.0
0.3888888888888889
0.5
1.0
1.0
0.2777777777777778
0.7586206896551724
0.3333333333333333
0.4230769230769231
1.0
0.44
0.660377358490566
0.6363636363636364
0.6818181818181818
0.07894736842105263
1.0
0.7
0.8292682926829268
0.7872340425531915
0.38461538461538464
0.2857142857142857
0.7333333333333333
0.2857142857142857
0.3050847457627119
0.7142857142857143
0.7380952380952381
1.0
0.648936170212766
0.7560975609756098
0.4878048780487805
0.6595744680851063
0.7073170731707317
0.6481481481481481
0.64
1.0
0.2
0.0
0.1
0.5806451612903226
0.8732394366197183
0.7666666666666667
1.0
0.8939393939393939
0.0
0.7
0.6074380165289256
0.7295081967213115
0.6986301369863014
1.0
0.6571428571428571
0.7650602409638554
0.8888888888888888
1.0
0.9152542372881356
0.5333333333333333
0.5
0.8275862068965517
0.7631578947368421
0.6885245901639344
0.5317460317460317
0.4069767441860465
0.8013698630136986
0.5571428571428572
0.6056338028169014
0.7653061224489796
0.5897435897435898
0.6086956521739131
0.8648648648648649
0.43548387096774194
0.66
0.7444444444444445
1.0
0.5333333333333333
0.6774193548387096
0.8888888888888888
0.6551724137931034
0.7169811320754716
1.0
0.803921568627451
0.8207547169811321
0.8714285714285714
0.66
0.4444444444444444
0.532258064516129
0.6511627906976745
0.7837837837837838
0.36
1.0
0.6836734693877551
0.6846153846153846
0.7586206896551724
0.49230769230769234
0.8536585365853658
0.6
0.6526315789473685
0.782051282051282
0.5819672131147541
0.8936170212765957
0.7307692307692307
0.3235294117647059
0.7142857142857143
0.7525252525252525
0.5172413793103449
0.7586206896551724
0.6578947368421053
0.4230769230769231
0.6111111111111112
0.82
0.5487804878048781
0.7428571428571429
0.8043478260869565
0.64
0.44
0.32
0.8108108108108109
0.581081081081081
0.6756756756756757
0.7096774193548387
0.47191011235955055
0.6666666666666666
0.2
0.39824561403508774
0.8780487804878049
0.5338983050847458
0.3793103448275862
0.3333333333333333
0.4322033898305085
0.4117647058823529
0.19047619047619047
0.5555555555555556
0.782051282051282
0.6551724137931034
0.4473684210526316
0.8823529411764706
0.47368421052631576
0.9393939393939394
0.7551020408163265
0.6338028169014085
0.6585365853658537
1.0
0.6538461538461539
0.0
0.16666666666666666
0.16666666666666666
0.5769230769230769
0.1
0.6885245901639344
0.7741935483870968
0.7876712328767124
0.5
1.0
0.5526315789473685
0.6764705882352942
0.3333333333333333
0.0
0.8870967741935484
0.5405405405405406
0.7837837837837838
0.8207547169811321
0.8829787234042553
0.3787878787878788
0.8837209302325582
1.0
0.8272727272727273
0.5784313725490197
0.5476190476190477
0.8275862068965517
0.5862068965517241
0.782051282051282
0.7183098591549296
0.8985507246376812
1.0
0.2647058823529412
0.6956521739130435
0.898989898989899
0.47058823529411764
0.7650602409638554
0.8095238095238095
0.7959183673469388
0.8620689655172413
0.6060606060606061
0.6818181818181818
0.6374045801526718
0.8591549295774648
0.8247422680412371
0.5454545454545454
0.6129032258064516
0.6304347826086957
0.41304347826086957
0.7608695652173914
0.5263157894736842
0.6515151515151515
0.7962962962962963
0.8387096774193549
1.0
0.4
0.30952380952380953
0.6956521739130435
0.8333333333333334
0.46153846153846156
0.603448275862069
0.7619047619047619
0.7786885245901639
0.6111111111111112
0.5333333333333333
0.4507042253521127
0.6065573770491803
1.0
0.6408450704225352
0.8061224489795918
1.0
0.7377049180327869
0.41304347826086957
1.0
0.7073170731707317
0.8591549295774648
0.8333333333333334
0.6338028169014085
0.6358024691358025
0.5652173913043478
1.0
0.6
0.3333333333333333
0.7258064516129032
0.8902439024390244
1.0
0.680327868852459
0.5862068965517241
0.8028169014084507
0.6666666666666666
0.7025316455696202
0.5
0.11538461538461539
0.6410256410256411
1.0
0.6
0.42857142857142855
0.6
0.5566037735849056
0.631578947368421
0.8648648648648649
0.5333333333333333
0.3333333333333333
0.16666666666666666
0.5897435897435898
0.6219512195121951
0.5
0.7142857142857143
0.6216216216216216
0.3695652173913043
0.3333333333333333
0.6818181818181818
0.9487179487179487
0.7619047619047619
0.631578947368421
0.6923076923076923
0.9487179487179487
0.7142857142857143
0.7545454545454545
0.7307692307692307
1.0
1.0
0.5925925925925926
0.6666666666666666
0.5818181818181818
0.5909090909090909
0.5425531914893617
0.4
0.47619047619047616
0.5769230769230769
1.0
0.7878787878787878
0.9206349206349206
0.6408450704225352
1.0
0.7142857142857143
0.47619047619047616
1.0
0.6571428571428571
0.7619047619047619
0.6923076923076923
1.0
0.6612903225806451
0.47368421052631576
0.391304347826087
1.0
0.7424242424242424
0.6724137931034483
1.0
0.3076923076923077
0.9054054054054054
0.620253164556962
0.6272727272727273
0.6486486486486487
1.0
0.8627450980392157
0.8888888888888888
0.7111111111111111
0.7435897435897436
1.0
0.5769230769230769
0.8888888888888888
0.6129032258064516
0.6724137931034483
0.6909090909090909
0.9130434782608695
0.5913978494623656
0.8589743589743589
0.4411764705882353
0.7
0.9692307692307692
0.4918032786885246
0.6372549019607843
0.6
0.8333333333333334
0.6896551724137931
0.7254901960784313
0.8888888888888888
1.0
0.3620689655172414
0.5294117647058824
0.5370370370370371
0.7341772151898734
0.7608695652173914
0.6304347826086957
0.5307692307692308
0.5783132530120482
0.6690140845070423
0.14285714285714285
0.5555555555555556
0.5555555555555556
0.3111111111111111
0.6643835616438356
0.8108108108108109
1.0
0.3111111111111111
0.8243243243243243
0.7432432432432432
0.9152542372881356
0.5
0.3333333333333333
0.0
0.6111111111111112
1.0
0.6025641025641025
0.6190476190476191
0.863013698630137
0.9056603773584906
0.6330935251798561
0.5223880597014925
0.8
0.6851851851851852
0.5925925925925926
0.35185185185185186
1.0
0.7469879518072289
0.3918918918918919
1.0
0.9081632653061225
0.46153846153846156
0.5483870967741935
0.7948717948717948
0.7542372881355932
0.6086956521739131
0.25862068965517243
0.6967213114754098
0.5526315789473685
0.14285714285714285
0.5571428571428572
0.8837209302325582
0.47619047619047616
0.2222222222222222
0.5882352941176471
0.17391304347826086
1.0
0.4090909090909091
0.5
0.7368421052631579
0.8979591836734694
0.41379310344827586
1.0
0.9047619047619048
0.46296296296296297
0.7407407407407407
0.6666666666666666
0.5454545454545454
1.0
0.2777777777777778
0.7549019607843137
0.5377358490566038
0.5701754385964912
0.8333333333333334
0.6086956521739131
0.5945945945945946
0.24358974358974358
0.8518518518518519
0.07692307692307693
0.5285714285714286
0.5952380952380952
0.7545454545454545
0.7464788732394366
0.7407407407407407
1.0
0.5185185185185185
0.6530612244897959
0.8666666666666667
0.6698113207547169
0.34
0.7551020408163265
0.7323943661971831
0.5153846153846153
0.4146341463414634
0.7346938775510204
1.0
0.36
0.5714285714285714
0.6172839506172839
1.0
0.6981132075471698
0.8780487804878049
0.46808510638297873
0.6445783132530121
0.7096774193548387
0.6851851851851852
0.6774193548387096
0.7325581395348837
0.82
0.5512820512820513
0.6216216216216216
0.5254237288135594
0.46
0.8478260869565217
0.7818181818181819
0.7903225806451613
0.4418604651162791
0.7674418604651163
0.5777777777777777
0.7333333333333333
0.5842696629213483
0.8571428571428571
1.0
0.7142857142857143
0.45714285714285713
0.7068965517241379
0.6551724137931034
0.7444444444444445
1.0
0.24242424242424243
0.4230769230769231
0.7647058823529411
0.8032786885245902
0.5256410256410257
1.0
0.782608695652174
0.6063829787234043
0.5860215053763441
0.788135593220339
0.2826086956521739
0.47297297297297297
0.7666666666666667
0.5333333333333333
0.7047619047619048
0.7459016393442623
0.6610169491525424
0.45652173913043476
0.573170731707317
0.689922480620155
0.6935483870967742
0.4915254237288136
0.6351351351351351
0.7272727272727273
0.1956521739130435
0.4745762711864407
0.8387096774193549
0.5
1.0
0.43333333333333335
0.3181818181818182
1.0
0.35185185185185186
1.0
0.7887323943661971
0.5949367088607594
0.5737704918032787
0.7195121951219512
0.8205128205128205
0.47953216374269003
0.5573770491803278
0.8153846153846154
0.5769230769230769
0.3387096774193548
0.72
0.5337078651685393
0.717391304347826
0.5263157894736842
0.7209302325581395
0.5882352941176471
0.6754385964912281
0.7244897959183674
0.8589743589743589
0.5423728813559322
0.6139240506329114
1.0
0.6129032258064516
0.4540229885057471
0.7297297297297297
0.5319148936170213
0.37254901960784315
0.5555555555555556
0.4222222222222222
0.803921568627451
1.0
0.7941176470588235
0.6282051282051282
0.8275862068965517
0.7682926829268293
0.6666666666666666
0.5142857142857142
0.8793103448275862
0.54
1.0
1.0
1.0
0.7435897435897436
0.8113207547169812
0.6724137931034483
0.5789473684210527
0.82
0.47297297297297297
0.7592592592592593
0.45614035087719296
0.7105263157894737
0.5294117647058824
0.45652173913043476
1.0
0.7363636363636363
0.5697674418604651
0.5222222222222223
0.5283018867924528
0.5897435897435898
0.6222222222222222
0.8478260869565217
0.8333333333333334
0.7325581395348837
0.6219512195121951
0.7411764705882353
0.7857142857142857
0.5634920634920635
1.0
0.35106382978723405
0.8032786885245902
0.6666666666666666
0.38461538461538464
0.851063829787234
0.788135593220339
0.5652173913043478
0.6176470588235294
0.28
0.6857142857142857
0.5
0.3738738738738739
0.40963855421686746
0.4067796610169492
0.16666666666666666
0.16666666666666666
0.5
0.2222222222222222
0.3333333333333333
0.6666666666666666
0.6020408163265306
1.0
1.0
0.8
1.0
0.6594202898550725
0.7142857142857143
0.8488372093023255
0.5289855072463768
0.6714285714285714
0.7
0.5
0.0
0.7407407407407407
1.0
0.6774193548387096
0.8939393939393939
0.6176470588235294
0.16666666666666666
0.43243243243243246
0.5588235294117647
0.5714285714285714
0.23529411764705882
0.696969696969697
0.5423728813559322
0.4473684210526316
1.0
0.62
0.7058823529411765
0.2647058823529412
0.5581395348837209
0.8
0.6666666666666666
0.18181818181818182
1.0
0.8181818181818182
0.5784313725490197
1.0
0.7526315789473684
0.5
0.6666666666666666
0.7222222222222222
0.40816326530612246
0.5866666666666667
0.319672131147541
0.5853658536585366
0.5777777777777777
0.5074626865671642
0.6956521739130435
0.8
0.8
0.7777777777777778
0.5660377358490566
0.8650793650793651
0.49122807017543857
0.5689655172413793
0.678082191780822
0.7936507936507936
0.6774193548387096
0.7567567567567568
0.7527472527472527
0.5272727272727272
0.8481012658227848
0.3333333333333333
0.7244897959183674
0.4339622641509434
0.7941176470588235
1.0
0.7912087912087912
0.7878787878787878
0.5217391304347826
0.21739130434782608
0.3673469387755102
0.803921568627451
0.6038961038961039
0.4782608695652174
0.8301886792452831
0.6132075471698113
0.5754716981132075
0.6341463414634146
0.6111111111111112
0.6
0.5857142857142857
0.8387096774193549
0.6271186440677966
0.5689655172413793
0.5555555555555556
0.2894736842105263
0.782608695652174
0.2857142857142857
0.8292682926829268
0.38571428571428573
0.782608695652174
0.5217391304347826
0.30952380952380953
0.48
0.4069767441860465
0.6551724137931034
0.5428571428571428
0.8148148148148148
0.14705882352941177
0.5571428571428572
0.5454545454545454
0.6351351351351351
0.18
0.391304347826087
0.5943396226415094
0.6481481481481481
0.5
0.6896551724137931
1.0
0.7619047619047619
0.5333333333333333
0.5434782608695652
0.8137254901960784
0.3333333333333333
0.3333333333333333
0.3333333333333333
0.7560975609756098
0.6111111111111112
0.5
0.58
1.0
0.8148148148148148
0.6
0.8142857142857143
0.6585365853658537
0.8360655737704918
0.3333333333333333
0.5909090909090909
0.3170731707317073
0.14285714285714285
0.7586206896551724
0.7592592592592593
0.6
1.0
0.603448275862069
1.0
0.7428571428571429
0.7435897435897436
0.4411764705882353
1.0
0.42105263157894735
0.7978723404255319
0.696969696969697
0.5
1.0
0.5606060606060606
0.8888888888888888
0.691358024691358
0.632183908045977
0.8333333333333334
0.5348837209302325
0.6896551724137931
0.7272727272727273
0.26
1.0
0.24444444444444444
0.4838709677419355
0.7105263157894737
0.8412698412698413
0.5757575757575758
0.6147540983606558
0.6138211382113821
0.36585365853658536
0.6282051282051282
0.4867549668874172
0.40540540540540543
0.5263157894736842
1.0
0.8563218390804598
0.6733333333333333
0.6975308641975309
0.5496688741721855
0.4719626168224299
0.8771929824561403
0.5210084033613446
0.7966101694915254
1.0
0.3620689655172414
0.7058823529411765
0.46153846153846156
0.5333333333333333
0.702020202020202
0.487012987012987
0.6818181818181818
0.6818181818181818
0.7
0.52
0.4146341463414634
0.6714285714285714
0.3644067796610169
0.47183098591549294
0.626984126984127
0.45348837209302323
0.8043478260869565
0.7479674796747967
0.6956521739130435
0.8837209302325582
0.23684210526315788
1.0
0.5210526315789473
0.44285714285714284
0.7459016393442623
0.9146341463414634
0.7786885245901639
0.9180327868852459
0.5985915492957746
0.8177570093457944
0.5175438596491229
0.6504854368932039
0.8037974683544303
0.6235294117647059
0.6666666666666666
0.8292682926829268
0.6037735849056604
0.47183098591549294
0.7745098039215687
0.6454545454545455
0.8780487804878049
0.7857142857142857
0.717948717948718
0.7301587301587301
0.6111111111111112
0.8717948717948718
0.48484848484848486
0.8717948717948718
0.7459016393442623
0.6509433962264151
0.5333333333333333
0.6296296296296297
0.5909090909090909
0.5697674418604651
1.0
0.6923076923076923
0.5806451612903226
0.547945205479452
0.696969696969697
0.5714285714285714
0.8148148148148148
0.8360655737704918
0.8544303797468354
0.782608695652174
0.7142857142857143
0.8985507246376812
0.46511627906976744
0.8636363636363636
0.46153846153846156
0.7888888888888889
0.7108433734939759
0.4838709677419355
0.7127659574468085
0.8837209302325582
1.0
1.0
0.6639344262295082
0.5189873417721519
0.86
0.4339622641509434
0.6509433962264151
0.7580645161290323
0.6463414634146342
1.0
1.0
0.5
0.47761194029850745
0.8148148148148148
0.7777777777777778
0.8837209302325582
0.696969696969697
0.5517241379310345
1.0
0.8793103448275862
0.5111111111111111
0.5660377358490566
1.0
0.4406779661016949
0.8275862068965517
1.0
0.6129032258064516
1.0
0.3898305084745763
0.7368421052631579
0.6153846153846154
0.7741935483870968
0.5
1.0
0.2857142857142857
0.6296296296296297
0.4393939393939394
0.5303030303030303
0.35185185185185186
0.5526315789473685
0.8823529411764706
0.3953488372093023
0.7105263157894737
0.5862068965517241
0.6935483870967742
0.7121212121212122
0.7169811320754716
0.631578947368421
0.810126582278481
1.0
1.0
0.8372093023255814
0.9636363636363636
1.0
0.6555555555555556
0.8979591836734694
0.753731343283582
0.7631578947368421
0.8142857142857143
0.8387096774193549
0.717391304347826
1.0
1.0
0.8484848484848485
0.8061224489795918
0.8714285714285714
0.5555555555555556
0.9090909090909091
0.8181818181818182
0.5888888888888889
1.0
0.5888888888888889
0.8082191780821918
0.4148936170212766
0.6612903225806451
0.6132075471698113
0.6571428571428571
0.8333333333333334
0.8305084745762712
0.8780487804878049
0.5655737704918032
0.9272727272727272
0.6578947368421053
0.5915492957746479
1.0
0.7095238095238096
0.8205128205128205
0.7592592592592593
0.7476190476190476
1.0
0.7111111111111111
0.839622641509434
0.6463414634146342
0.42727272727272725
0.7017543859649122
0.8936170212765957
0.7777777777777778
0.8
0.8
0.6727272727272727
0.6967213114754098
0.5493827160493827
0.4268292682926829
0.7790697674418605
1.0
0.4935064935064935
0.7162162162162162
0.5
0.6052631578947368
0.5409836065573771
0.6549295774647887
0.44285714285714284
0.8571428571428571
0.6515151515151515
0.813953488372093
0.7792207792207793
0.8717948717948718
0.9545454545454546
0.4589041095890411
0.6538461538461539
0.6857142857142857
0.6076923076923076
0.7830188679245284
1.0
0.6491228070175439
1.0
0.5714285714285714
0.52
0.8148148148148148
0.3333333333333333
0.6230769230769231
0.527027027027027
0.5967741935483871
0.6111111111111112
0.6639344262295082
0.8013698630136986
0.43478260869565216
0.38461538461538464
0.3735632183908046
0.5871559633027523
0.7142857142857143
0.7441860465116279
0.5851063829787234
1.0
0.6046511627906976
0.6304347826086957
0.626984126984127
1.0
0.5806451612903226
0.7647058823529411
1.0
0.9102564102564102
0.2894736842105263
0.7888888888888889
0.6888888888888889
0.7073170731707317
0.7346938775510204
0.582089552238806
0.8444444444444444
0.6428571428571429
0.6224489795918368
0.5116279069767442
0.5151515151515151
0.7181818181818181
0.7297297297297297
0.5879396984924623
0.5404040404040404
0.7575757575757576
0.7150537634408602
0.8793103448275862
1.0
0.759493670886076
0.6470588235294118
0.686046511627907
0.5434782608695652
0.5869565217391305
0.7307692307692307
0.35365853658536583
0.5925925925925926
0.8333333333333334
1.0
0.6818181818181818
0.6208791208791209
0.6224489795918368
1.0
0.6271186440677966
0.7433628318584071
0.8010752688172043
1.0
0.7388059701492538
0.30952380952380953
0.7
0.6440677966101694
0.8333333333333334
0.5317460317460317
0.5945945945945946
0.9
0.7857142857142857
0.6438356164383562
0.8205128205128205
0.664179104477612
0.6327433628318584
0.4230769230769231
0.7272727272727273
0.82
0.9186046511627907
0.8783783783783784
0.7560975609756098
0.4649122807017544
0.6929824561403509
0.7191780821917808
0.6239316239316239
0.6732673267326733
0.8387096774193549
0.6222222222222222
0.935064935064935
0.7101449275362319
0.510989010989011
0.7804878048780488
0.611764705882353
1.0
0.47368421052631576
0.6700680272108843
0.6868131868131868
1.0
0.4411764705882353
0.6444444444444445
0.6707317073170732
0.5733333333333334
0.5256410256410257
0.6910112359550562
0.6948051948051948
0.30434782608695654
0.62
0.6421052631578947
0.5973154362416108
0.8275862068965517
0.6363636363636364
0.7111111111111111
0.7136752136752137
0.4444444444444444
0.6232876712328768
0.7735849056603774
0.4523809523809524
1.0
0.7619047619047619
0.8636363636363636
0.7439024390243902
0.6129032258064516
0.5813953488372093
0.6639344262295082
0.7747252747252747
0.8666666666666667
0.7459016393442623
0.8773584905660378
0.7066666666666667
0.8780487804878049
0.7297297297297297
0.7619047619047619
1.0
0.4523809523809524
0.3181818181818182
0.6721311475409836
0.6016949152542372
0.8823529411764706
0.7446808510638298
0.5098039215686274
0.7372881355932204
0.7674418604651163
0.3780487804878049
0.4666666666666667
1.0
0.3181818181818182
1.0
0.696969696969697
1.0
0.5882352941176471
1.0
0.6627906976744186
0.7285714285714285
0.9122807017543859
0.7142857142857143
0.6153846153846154
0.6037735849056604
0.8717948717948718
0.5862068965517241
0.4827586206896552
0.45454545454545453
0.5813953488372093
1.0
0.6896551724137931
0.6492537313432836
0.8793103448275862
0.6376811594202898
0.6395348837209303
0.6428571428571429
0.740506329113924
0.7
0.6829268292682927
0.6707317073170732
0.5869565217391305
0.7463768115942029
0.7564102564102564
0.8837209302325582
0.7089552238805971
0.5689655172413793
0.6818181818181818
0.5964912280701754
0.6025641025641025
0.635593220338983
0.7088607594936709
0.6351351351351351
0.5975609756097561
0.7222222222222222
0.46774193548387094
0.62
0.5923076923076923
0.8313253012048193
0.673469387755102
0.6329113924050633
0.3
0.4090909090909091
0.6219512195121951
0.5964912280701754
0.5396825396825397
0.47058823529411764
0.45555555555555555
0.8666666666666667
0.7384615384615385
0.5512820512820513
0.6428571428571429
0.5588235294117647
0.8440860215053764
0.7
0.2857142857142857
0.5569620253164557
0.48148148148148145
0.8263157894736842
0.5333333333333333
0.5857142857142857
0.9246575342465754
0.4142857142857143
0.7608695652173914
0.64
0.803921568627451
0.4056603773584906
0.6755725190839694
1.0
0.23333333333333334
0.5660377358490566
0.7674418604651163
0.7666666666666667
0.6304347826086957
0.4716981132075472
0.44545454545454544
0.6326530612244898
0.6176470588235294
1.0
0.5615384615384615
0.3867924528301887
0.5263157894736842
0.7551020408163265
0.5362318840579711
0.8658536585365854
0.509090909090909
0.7878787878787878
0.6122448979591837
0.3148148148148148
0.7192982456140351
1.0
0.3484848484848485
0.4322033898305085
0.4032258064516129
0.34615384615384615
1.0
1.0
0.6568627450980392
1.0
0.782051282051282
0.8333333333333334
0.6754385964912281
1.0
0.6126760563380281
0.7181818181818181
0.782608695652174
0.753968253968254
0.9
0.4329896907216495
0.8461538461538461
0.6025641025641025
0.572463768115942
0.5816326530612245
0.2037037037037037
0.41304347826086957
0.6095238095238096
0.5307692307692308
0.6111111111111112
0.5862068965517241
0.5555555555555556
0.6511627906976745
0.7424242424242424
0.3717948717948718
0.696969696969697
0.4888888888888889
0.30952380952380953
0.6436781609195402
0.5757575757575758
0.7921348314606742
0.9186046511627907
0.6
0.581081081081081
0.7073170731707317
0.7142857142857143
0.5072463768115942
0.6627906976744186
0.7101449275362319
0.8148148148148148
0.6222222222222222
0.5918367346938775
0.44871794871794873
0.4888888888888889
0.5254237288135594
0.6615384615384615
0.6307692307692307
1.0
0.6666666666666666
0.7560975609756098
0.6428571428571429
0.5591397849462365
0.7456140350877193
0.45714285714285713
0.6935483870967742
0.7894736842105263
0.7288135593220338
0.9259259259259259
0.7622950819672131
0.8936170212765957
0.7457627118644068
0.5692307692307692
0.6222222222222222
1.0
0.6666666666666666
0.6754385964912281
0.8478260869565217
0.9366197183098591
0.7531645569620253
0.6694915254237288
0.8703703703703703
0.6428571428571429
0.7197802197802198
0.4090909090909091
0.4909090909090909
0.45652173913043476
0.8717948717948718
0.44
0.56
0.8148148148148148
0.782608695652174
0.6326530612244898
0.8333333333333334
0.573170731707317
0.5
0.15217391304347827
1.0
0.6153846153846154
1.0
0.7391304347826086
0.92
0.44285714285714284
0.6956521739130435
0.5714285714285714
1.0
0.7093023255813954
0.7096774193548387
0.6777777777777778
0.8
0.7297297297297297
0.5666666666666667
0.6081081081081081
0.45918367346938777
0.8170731707317073
0.6451612903225806
0.8484848484848485
0.8292682926829268
0.6923076923076923
0.7558139534883721
0.45652173913043476
0.38372093023255816
0.7540983606557377
0.8245614035087719
0.6521739130434783
0.5487804878048781
0.7424242424242424
0.6403508771929824
0.5135135135135135
0.851063829787234
0.6515151515151515
0.35294117647058826
0.8507462686567164
0.8
1.0
0.6818181818181818
1.0
0.8333333333333334
0.3867924528301887
0.7755102040816326
0.5510204081632653
0.5701754385964912
0.5188679245283019
0.8354430379746836
0.7761194029850746
1.0
0.6866666666666666
1.0
0.5181818181818182
0.5754716981132075
0.851063829787234
0.632183908045977
0.581081081081081
0.5363636363636364
0.5106382978723404
0.8387096774193549
0.923728813559322
0.37209302325581395
0.42727272727272725
0.7627118644067796
0.3064516129032258
0.7456140350877193
0.5
0.6012658227848101
0.5555555555555556
0.3333333333333333
0.43548387096774194
0.5238095238095238
0.9206349206349206
0.2619047619047619
0.7203389830508474
0.8148148148148148
0.9607843137254902
0.5932203389830508
0.7222222222222222
0.5196078431372549
0.6941176470588235
1.0
0.7622950819672131
0.39473684210526316
0.7605633802816901
0.5784313725490197
1.0
0.7653061224489796
0.7816901408450704
0.47560975609756095
0.8548387096774194
0.6219512195121951
1.0
0.7721518987341772
0.8979591836734694
0.7741935483870968
1.0
0.6129032258064516
0.5151515151515151
1.0
0.8939393939393939
0.8360655737704918
0.726027397260274
0.7846153846153846
0.6923076923076923
0.6463414634146342
0.3709677419354839
0.6774193548387096
1.0
0.34615384615384615
0.7727272727272727
0.8823529411764706
1.0
0.7037037037037037
0.5882352941176471
0.6808510638297872
0.8148148148148148
1.0
0.6551724137931034
0.7970297029702971
0.8181818181818182
0.8076923076923077
0.44339622641509435
1.0
0.6224489795918368
0.42105263157894735
1.0
0.9512195121951219
0.8636363636363636
0.6724137931034483
0.7777777777777778
0.9354838709677419
1.0
1.0
1.0
0.6
0.8888888888888888
0.7605633802816901
0.5303030303030303
0.5581395348837209
0.7640449438202247
0.6754385964912281
0.5283018867924528
0.21212121212121213
0.6170212765957447
1.0
0.524390243902439
0.8
0.5609756097560976
0.5
0.27419354838709675
0.8648648648648649
0.44285714285714284
0.39473684210526316
0.5283018867924528
0.8571428571428571
0.2608695652173913
0.5714285714285714
0.8
0.6320754716981132
0.49056603773584906
0.5454545454545454
0.64
0.6774193548387096
0.7142857142857143
0.5
0.5
0.7631578947368421
1.0
0.5864197530864198
0.7878787878787878
0.603448275862069
0.8559322033898306
0.86
1.0
0.631578947368421
0.9555555555555556
0.8043478260869565
0.7121212121212122
0.8484848484848485
0.6764705882352942
0.42857142857142855
0.42857142857142855
1.0
1.0
0.6451612903225806
0.7127659574468085
0.6923076923076923
0.6224489795918368
0.7465753424657534
0.7674418604651163
0.7959183673469388
1.0
0.7659574468085106
0.7419354838709677
0.5487804878048781
0.7333333333333333
0.66
0.23333333333333334
0.7040816326530612
0.9150943396226415
0.7647058823529411
0.7222222222222222
0.8135593220338984
0.5853658536585366
0.3974358974358974
0.8783783783783784
0.8013698630136986
0.711864406779661
0.8979591836734694
0.803921568627451
0.7555555555555555
1.0
0.4090909090909091
0.8275862068965517
1.0
0.8275862068965517
0.4
0.6451612903225806
0.6538461538461539
1.0
0.8148148148148148
0.7432432432432432
0.8478260869565217
0.42105263157894735
0.6808510638297872
0.08888888888888889
0.8461538461538461
0.5333333333333333
0.37037037037037035
0.8
0.5909090909090909
0.2631578947368421
0.7352941176470589
0.5697674418604651
1.0
0.7586206896551724
1.0
0.7586206896551724
0.6595744680851063
0.5
1.0
0.5619469026548672
0.66
0.7735849056603774
0.6222222222222222
0.5597014925373134
0.6549295774647887
0.5707070707070707
0.5615384615384615
0.8888888888888888
0.5909090909090909
0.6111111111111112
0.7878787878787878
0.39090909090909093
0.5943396226415094
0.6326530612244898
0.35106382978723405
0.5454545454545454
1.0
0.8
0.6338028169014085
0.6674876847290641
0.589041095890411
0.8507462686567164
0.845679012345679
0.7153846153846154
0.5952380952380952
0.5443037974683544
0.7558139534883721
0.6176470588235294
0.46
0.4696969696969697
0.38
0.627906976744186
0.7777777777777778
1.0
1.0
0.48148148148148145
0.4
0.43548387096774194
0.34210526315789475
0.5789473684210527
0.43243243243243246
0.6538461538461539
0.5777777777777777
0.7592592592592593
0.551948051948052
0.7674418604651163
0.7543859649122807
0.8372093023255814
0.6538461538461539
0.7391304347826086
0.5111111111111111
0.648936170212766
0.7222222222222222
0.5
0.5930232558139535
0.6904761904761905
0.5370370370370371
0.8448275862068966
0.5797101449275363
0.6153846153846154
0.6666666666666666
0.5740740740740741
1.0
0.6621621621621622
0.24
0.7571428571428571
0.8372093023255814
0.6326530612244898
0.47619047619047616
0.7448979591836735
0.6976744186046512
0.46153846153846156
0.5555555555555556
0.6808510638297872
0.86
0.8679245283018868
0.42452830188679247
0.5877192982456141
0.6290322580645161
0.3684210526315789
0.5
0.6557377049180327
0.5612244897959183
0.7293233082706767
0.7377049180327869
0.46
0.5645161290322581
0.5142857142857142
0.636986301369863
0.6666666666666666
0.6935483870967742
0.17391304347826086
0.5
0.6440677966101694
0.5116279069767442
1.0
0.5254237288135594
0.3404255319148936
0.44285714285714284
0.4090909090909091
0.18571428571428572
0.5272727272727272
0.872093023255814
0.34
0.2903225806451613
0.6779661016949152
0.7222222222222222
0.5
0.696969696969697
0.5285714285714286
0.3275862068965517
0.17647058823529413
1.0
0.42
0.3333333333333333
0.8717948717948718
0.35294117647058826
0.8571428571428571
0.8714285714285714
0.4827586206896552
0.5
0.673469387755102
0.4878048780487805
0.5
0.6
0.6666666666666666
0.5769230769230769
0.8157894736842105
0.39473684210526316
0.8148148148148148
0.36
0.717948717948718
0.4634146341463415
0.7906976744186046
0.574468085106383
0.7647058823529411
0.782608695652174
0.7790697674418605
0.8111111111111111
0.7702702702702703
0.5
0.7407407407407407
0.8658536585365854
0.7959183673469388
0.28
0.7571428571428571
0.7567567567567568
0.7926829268292683
1.0
0.7254901960784313
0.6774193548387096
0.7702702702702703
0.7058823529411765
1.0
0.72
0.7941176470588235
0.6923076923076923
0.6475409836065574
1.0
0.7586206896551724
0.6111111111111112
0.8108108108108109
0.8205128205128205
0.7301587301587301
0.6515151515151515
0.6851851851851852
0.5344827586206896
0.8153846153846154
0.782608695652174
0.3561643835616438
0.7058823529411765
0.7040816326530612
0.5405405405405406
0.6904761904761905
0.46
0.6777777777777778
0.8135593220338984
0.8985507246376812
0.5555555555555556
0.4339622641509434
0.5540540540540541
0.581081081081081
0.647887323943662
Min Sentence GLEU Score: 0.0
Max Sentence GLEU Score: 1.0
Average Sentence GLEU Score: 0.6301417145616324
Corpus Sentence GLEU Score: 0.647887323943662
